,Unnamed: 0,t,y,fft,fftfreq,fft_plot,fftfreq_plot
0,0,9.99999375,-8.335677202177187e-06,(68.95491048922028-9.870576578308032e-16j),,(68.95491048921967-1.1796119636642288e-15j),0.0
1,1,10.00009375,0.0003976379293373,(-0.01547016107180889-0.006748206084378768j),0.7999360051214548,(-0.015470161071804983-0.006748206084381531j),0.7999360051214548
2,2,10.00019375,-0.0003605463880405,(-0.058466692366344886-0.0006653770851026866j),1.5998720102429096,(-0.05846669236634511-0.0006653770851026846j),1.5998720102429096
3,3,10.00029375,0.0023702948844415,(-0.01351181764076838+0.03371849904463949j),2.399808015364364,(-0.013511817640768546+0.033718499044642865j),2.399808015364364
4,4,10.00039375,0.0053210218709167,(-0.00546179945700884-0.0021331908746304307j),3.199744020485819,(-0.005461799457008058-0.002133190874628852j),3.199744020485819
5,5,10.00049375,0.0041497999691129,(-0.02303117970578303-0.006243054888922834j),3.999680025607274,(-0.02303117970578067-0.0062430548889209165j),3.999680025607274
6,6,10.00059375,0.0041302624620972,(-0.027698536408775988+0.01450024273531588j),4.799616030728728,(-0.027698536408778177+0.01450024273531903j),4.799616030728728
7,7,10.00069375,0.0038368767593446,(-0.016235487093646625+0.005917575898981528j),5.599552035850183,(-0.016235487093645296+0.005917575898982337j),5.599552035850183
8,8,10.00079375,0.0049215216411513,(-0.0050974244154439454-0.015075411099432653j),6.399488040971638,(-0.00509742441544251-0.015075411099432529j),6.399488040971638
9,9,10.00089375,0.0041236119748261,(-0.013913887500493865+0.03160956117431093j),7.199424046093093,(-0.013913887500499865+0.03160956117431071j),7.199424046093093
10,10,10.00099375,0.0038792637763813,(-0.0366042146380964-0.0003074990616762261j),7.999360051214548,(-0.03660421463809861-0.0003074990616793008j),7.999360051214548
11,11,10.00109375,0.0028052917999635,(-0.004867741787151432-0.00907954712426159j),8.799296056336003,(-0.004867741787150529-0.00907954712425987j),8.799296056336003
12,12,10.00119375,0.0034675513547013,(-0.031134035760642647+0.006131538041553881j),9.599232061457457,(-0.03113403576064401+0.0061315380415534375j),9.599232061457457
13,13,10.00129375,0.0032993401757266,(-0.015217679715608931+0.0021260011450918827j),10.399168066578913,(-0.015217679715611441+0.0021260011450902807j),10.399168066578913
14,14,10.00139375,0.0027338924142291,(-0.012698330261379327-0.007935980225681072j),11.199104071700368,(-0.012698330261384809-0.007935980225683406j),11.199104071700367
15,15,10.00149375,0.002336345498602,(-0.025239757466752603-0.009266289150193112j),11.999040076821824,(-0.02523975746675509-0.009266289150199242j),11.999040076821823
16,16,10.00159375,0.0012166289142358,(-0.01991764349113916-0.00931358635246454j),12.798976081943277,(-0.019917643491140415-0.009313586352466064j),12.798976081943277
17,17,10.00169375,0.0030108639321491,(-0.033381736120169536-0.00591276082751478j),13.59891208706473,(-0.03338173612017044-0.005912760827518006j),13.59891208706473
18,18,10.00179375,0.0024048252988017,(-0.02053719938744135-0.003944139578904407j),14.398848092186189,(-0.02053719938744651-0.003944139578908002j),14.398848092186187
19,19,10.00189375,0.0029521579878581,(-0.06386994079247935-0.06862672294788054j),15.19878409730764,(-0.0638699407924799-0.06862672294788265j),15.198784097307641
20,20,10.00199375,0.001500401243543,(-0.010822757730089136+0.013820274956655013j),15.998720102429097,(-0.010822757730087422+0.013820274956650521j),15.998720102429097
21,21,10.00209375,0.0036526524495846,(-0.03247214271077795-0.020851949388572374j),16.79865610755055,(-0.03247214271077988-0.020851949388574747j),16.79865610755055
22,22,10.00219375,0.0040405110859905,(-0.02287362489862791+0.025195638427410412j),17.598592112672005,(-0.022873624898629007+0.025195638427413715j),17.598592112672005
23,23,10.00229375,0.004652664855725,(-0.04750743729714324+0.02105027720096696j),18.39852811779346,(-0.047507437297143504+0.02105027720096596j),18.39852811779346
24,24,10.00239375,0.0042368849428367,(-0.0325337405136996+0.015912981713150105j),19.198464122914917,(-0.032533740513696355+0.01591298171314725j),19.198464122914913
25,25,10.00249375,0.003775975342531,(-0.02995566686313759+0.005347210275720624j),19.99840012803637,(-0.02995566686313567+0.005347210275723394j),19.99840012803637
26,26,10.00259375,0.0042883645116479,(-0.017100114075676257-0.0014964084333674828j),20.798336133157825,(-0.017100114075674498-0.0014964084333661718j),20.798336133157825
27,27,10.00269375,0.0034723299001801,(-0.04467434259533039+0.006001939775362361j),21.59827213827928,(-0.044674342595328986+0.006001939775359594j),21.59827213827928
28,28,10.00279375,0.0029063330231844,(-0.05183434266091426-0.020694083477174885j),22.398208143400733,(-0.0518343426609136-0.020694083477177466j),22.398208143400733
29,29,10.00289375,0.0032916562200231,(-0.11997058433348498-0.06902744693447131j),23.19814414852219,(-0.11997058433348552-0.06902744693447074j),23.19814414852219
30,30,10.00299375,0.0023516510422518,(0.019692191774523027+0.058911404447114506j),23.998080153643645,(0.019692191774526253+0.05891140444711115j),23.998080153643645
31,31,10.00309375,0.0026567916593266,(0.034156821611259554+0.022890549949900932j),24.798016158765098,(0.03415682161125981+0.02289054994990132j),24.798016158765098
32,32,10.00319375,0.0043215551382473,(0.03526924400958985+0.03596764382909138j),25.597952163886557,(0.03526924400959132+0.03596764382909022j),25.597952163886553
33,33,10.00329375,0.0043934266471749,(-0.01450138692644079+0.015856664592469878j),26.39788816900801,(-0.014501386926443555+0.015856664592466548j),26.39788816900801
34,34,10.00339375,0.0058027753901425,(-0.012402893370916046+0.045312961574129534j),27.19782417412946,(-0.012402893370916854+0.04531296157412935j),27.19782417412946
35,35,10.00349375,0.0049891030643627,(-0.04608138091065468-0.03646614467349007j),27.99776017925092,(-0.04608138091065395-0.03646614467348849j),27.997760179250918
36,36,10.00359375,0.0048864781963259,(-0.06906476982617807-0.03086008762679978j),28.797696184372374,(-0.06906476982617787-0.03086008762680059j),28.797696184372374
37,37,10.00369375,0.0059875813288709,(0.0187104189320357+0.01952075839167074j),29.597632189493822,(0.01871041893203713+0.019520758391666233j),29.597632189493826
38,38,10.00379375,0.0055501765365493,(-0.01090622903630637+0.004001476476448442j),30.39756819461528,(-0.010906229036306152+0.0040014764764436436j),30.397568194615282
39,39,10.00389375,0.0047855007608159,(-0.008190434914732533+0.012015981620499716j),31.197504199736738,(-0.008190434914732935+0.012015981620501465j),31.197504199736738
40,40,10.00399375,0.0044720955203039,(-0.030573262028957715-0.00609562931603376j),31.997440204858197,(-0.030573262028958915-0.006095629316031418j),31.997440204858194
41,41,10.00409375,0.0050167943444235,(0.007950648738000315-0.003900450623137538j),32.797376209979646,(0.007950648737998407-0.0039004506231403967j),32.797376209979646
42,42,10.00419375,0.00650090910366,(-0.010697761012315656+0.01042829600318195j),33.5973122151011,(-0.01069776101231664+0.010428296003184383j),33.5973122151011
43,43,10.00429375,0.0061968393806953,(-0.008146883902862608-0.0012292722318573502j),34.39724822022256,(-0.008146883902862471-0.0012292722318586646j),34.39724822022256
44,44,10.00439375,0.0059583007334011,(-0.0027577653249740526+0.005652714664280006j),35.19718422534401,(-0.002757765324972474+0.005652714664279414j),35.19718422534401
45,45,10.00449375,0.005783707833098,(-0.01043054931408666+0.019219133985737727j),35.99712023046546,(-0.010430549314085434+0.019219133985734802j),35.99712023046546
46,46,10.00459375,0.0062474591464623,(-0.008347251406441429-0.004182648685077726j),36.79705623558692,(-0.008347251406442073-0.004182648685077348j),36.79705623558692
47,47,10.00469375,0.0069863326475258,(-0.012238513424384243+0.001286198390954985j),37.59699224070837,(-0.012238513424386213+0.0012861983909535826j),37.596992240708374
48,48,10.00479375,0.0067709771241365,(-0.0131883081823603+0.013030222496493188j),38.39692824582983,(-0.013188308182358546+0.013030222496495408j),38.39692824582983
49,49,10.00489375,0.0072172314410858,(-0.013592574344651385+0.024490754722354978j),39.196864250951286,(-0.013592574344649645+0.024490754722353604j),39.196864250951286
50,50,10.00499375,0.0064440949105968,(-0.010152454741124986+0.005705222931314087j),39.99680025607274,(-0.010152454741119438+0.00570522293131364j),39.99680025607274
51,51,10.00509375,0.0075529374437608,(-0.019303691589045657+0.01002169610349166j),40.7967362611942,(-0.01930369158904987+0.01002169610349352j),40.7967362611942
52,52,10.00519375,0.0072195728973604,(-0.05447947503313488-0.02278032302483552j),41.59667226631565,(-0.054479475033135764-0.022780323024837727j),41.59667226631565
53,53,10.00529375,0.0073335167536556,(-0.022194614051531066+0.005565556464172865j),42.3966082714371,(-0.022194614051533276+0.00556555646417119j),42.3966082714371
54,54,10.00539375,0.0075962399828351,(-0.009665896841056357-0.0030629651932621987j),43.19654427655856,(-0.009665896841057574-0.0030629651932590563j),43.19654427655856
55,55,10.00549375,0.0074517003696382,(-0.020517180288799473-0.0009849861152610197j),43.996480281680014,(-0.02051718028879789-0.0009849861152613007j),43.996480281680014
56,56,10.00559375,0.0076336067975219,(-0.0022919365134155645+0.009130514881609238j),44.79641628680147,(-0.0022919365134133223+0.0091305148816128j),44.79641628680147
57,57,10.00569375,0.0073479346396606,(-0.009364129972250352+0.011254059410862377j),45.596352291922926,(-0.009364129972253485+0.01125405941086427j),45.596352291922926
58,58,10.00579375,0.0071379069988282,(-0.020157593811226737+1.3496005792063004e-05j),46.39628829704438,(-0.020157593811223243+1.3496005791310134e-05j),46.39628829704438
59,59,10.00589375,0.0069788732236208,(-0.006563944118584412+0.04516370475737452j),47.19622430216583,(-0.006563944118582805+0.04516370475736735j),47.19622430216583
60,60,10.00599375,0.0068109455756187,(-0.018370878571702564+0.03231229760472401j),47.99616030728729,(-0.018370878571705385+0.03231229760472354j),47.99616030728729
61,61,10.00609375,0.0070513550580912,(-0.0002918762855252852-0.004533667719828986j),48.79609631240874,(-0.00029187628552547994-0.004533667719830728j),48.79609631240874
62,62,10.00619375,0.0077396319038265,(-0.00856869092292242-0.000546703930271058j),49.5960323175302,(-0.008568690922927436-0.0005467039302664268j),49.596032317530195
63,63,10.00629375,0.0071388072204017,(-0.02421164899573544-0.00020424391240309037j),50.395968322651655,(-0.02421164899573431-0.00020424391240315282j),50.395968322651655
64,64,10.00639375,0.0083596066335845,(-0.009299750280654055-0.00809073753280643j),51.19590432777311,(-0.009299750280648398-0.008090737532803366j),51.19590432777311
65,65,10.00649375,0.0079112512704451,(-0.010656135362821497+0.004056562606024627j),51.99584033289456,(-0.010656135362818864+0.004056562606025532j),51.99584033289456
66,66,10.00659375,0.0097407469099731,(-0.017260870425200574+0.011280090272135572j),52.79577633801602,(-0.017260870425199165+0.011280090272134058j),52.79577633801602
67,67,10.00669375,0.0095199945369975,(-0.014170180859863647+0.02088051171580682j),53.59571234313747,(-0.014170180859862668+0.020880511715807404j),53.59571234313747
68,68,10.00679375,0.0088545021264872,(-0.0237419922557368+0.008925431902869076j),54.39564834825892,(-0.02374199225573798+0.008925431902869005j),54.39564834825892
69,69,10.00689375,0.0080490931634065,(-0.005079514025874466-0.010005818526481025j),55.19558435338038,(-0.005079514025875152-0.010005818526482742j),55.19558435338038
70,70,10.00699375,0.0077833943927115,(-0.0002554020150484712+0.023847053277346795j),55.99552035850184,(-0.0002554020150487288+0.023847053277350237j),55.995520358501835
71,71,10.00709375,0.0075200480640119,(-0.00996772070977683+0.012888138105351029j),56.79545636362329,(-0.009967720709778177+0.012888138105352165j),56.79545636362329
72,72,10.00719375,0.0062045120145889,(-0.01877803931462155+0.007316138727101319j),57.59539236874475,(-0.01877803931462459+0.007316138727100877j),57.59539236874475
73,73,10.00729375,0.0059135751581592,(-0.02352038446022929+0.011226201394256622j),58.3953283738662,(-0.02352038446022788+0.01122620139425563j),58.3953283738662
74,74,10.00739375,0.0066606307296252,(-0.015484054549731145-0.004067200906860375j),59.19526437898765,(-0.015484054549729967-0.004067200906857667j),59.19526437898765
75,75,10.00749375,0.0063217277319868,(-0.027561014673635482+0.022542186989055118j),59.99520038410911,(-0.027561014673631607+0.022542186989056752j),59.99520038410911
76,76,10.00759375,0.0067280214403822,(-0.007805216340886455+0.0007314508781272786j),60.79513638923056,(-0.007805216340893176+0.0007314508781260576j),60.795136389230564
77,77,10.00769375,0.0072289684466581,(-0.01092963260786299+0.008756825569014554j),61.595072394352016,(-0.010929632607862642+0.008756825569015414j),61.595072394352016
78,78,10.00779375,0.0070340135900301,(-0.02768156671739183+0.006497516142577403j),62.39500839947348,(-0.027681566717391103+0.006497516142576326j),62.395008399473475
79,79,10.00789375,0.00650098112416,(-2.1687663045039118e-05+0.0032466099258957725j),63.19494440459493,(-2.168766304526323e-05+0.003246609925893732j),63.19494440459493
80,80,10.00799375,0.005644422040174,(-0.020909424256656626+0.016387762279678034j),63.99488040971639,(-0.02090942425665426+0.01638776227967707j),63.99488040971639
81,81,10.00809375,0.0062579266529328,(0.003289863558730984+0.011215037256700233j),64.79481641483784,(0.0032898635587309956+0.011215037256704034j),64.79481641483784
82,82,10.00819375,0.0064014352392726,(-0.020602738007379225+0.009173796669263778j),65.59475241995929,(-0.02060273800737768+0.009173796669265268j),65.59475241995929
83,83,10.00829375,0.0056063504095037,(-0.01977942984745825+0.005353611173314163j),66.39468842508074,(-0.019779429847455562+0.005353611173308858j),66.39468842508074
84,84,10.00839375,0.0052925187394679,(-0.015508334689109136-0.003908168833642229j),67.1946244302022,(-0.015508334689109202-0.0039081688336437565j),67.1946244302022
85,85,10.00849375,0.0043474255109785,(-0.023146641795125534+0.009625659240101052j),67.99456043532366,(-0.023146641795124583+0.009625659240102573j),67.99456043532366
86,86,10.00859375,0.0047614462163337,(-0.021117642979614805-0.010827005192795613j),68.79449644044512,(-0.021117642979616755-0.010827005192796073j),68.79449644044512
87,87,10.00869375,0.0041953143155198,(-0.05298123135841488+0.03277350125257561j),69.59443244556657,(-0.05298123135841521+0.03277350125257113j),69.59443244556657
88,88,10.00879375,0.0035981855588063,(0.0005737154125931934+0.002915331308332162j),70.39436845068802,(0.0005737154125947252+0.002915331308331507j),70.39436845068802
89,89,10.00889375,0.0026075676049857,(-0.010702000838088277+0.005868834836023804j),71.19430445580947,(-0.0107020008380834+0.0058688348360189015j),71.19430445580947
90,90,10.00899375,0.0024197597328481,(-0.015573189097383394+0.024391326254783206j),71.99424046093092,(-0.015573189097380057+0.024391326254782453j),71.99424046093092
91,91,10.00909375,0.0027913650280592,(-0.014029281412992829+0.003029831058140459j),72.79417646605239,(-0.014029281412994728+0.003029831058142634j),72.79417646605239
92,92,10.00919375,0.0030149842828372,(0.006397929048194952+0.04735153949318434j),73.59411247117384,(0.006397929048196575+0.04735153949318381j),73.59411247117384
93,93,10.00929375,0.0031582974793153,(0.00480660261985108+0.007894149063082544j),74.3940484762953,(0.004806602619850238+0.007894149063084775j),74.3940484762953
94,94,10.00939375,0.0039680777893049,(-0.012459077798048293+0.014901375618539391j),75.19398448141675,(-0.01245907779804823+0.014901375618541362j),75.19398448141675
95,95,10.00949375,0.0046967068698247,(0.028526204685664386+0.01663088525043048j),75.9939204865382,(0.028526204685662977+0.016630885250429432j),75.9939204865382
96,96,10.00959375,0.0050243650411918,(-0.011449601883996765-0.014201865727334678j),76.79385649165965,(-0.011449601883996782-0.014201865727334506j),76.79385649165965
97,97,10.00969375,0.0048917331354807,(-0.08133793356792418+0.04449470039252483j),77.59379249678112,(-0.0813379335679225+0.04449470039252323j),77.59379249678112
98,98,10.00979375,0.0044557090177295,(-0.03513403260064733+0.018014448917117745j),78.39372850190257,(-0.035134032600645675+0.01801444891711991j),78.39372850190257
99,99,10.00989375,0.0037180829022943,(-0.015405776561727482+0.01810174672236428j),79.19366450702402,(-0.015405776561728313+0.018101746722364986j),79.19366450702402
100,100,10.00999375,0.0032695723545263,(-0.01361778960700565+0.01987800333384353j),79.99360051214548,(-0.013617789607001446+0.019878003333840155j),79.99360051214548
101,101,10.01009375,0.0021264461730774,(-0.03463865593390756+0.027431666584762003j),80.79353651726693,(-0.03463865593390903+0.027431666584760546j),80.79353651726693
102,102,10.01019375,0.0020393234849691,(0.004351273567706092+0.012413877910727289j),81.5934725223884,(0.004351273567704351+0.012413877910728812j),81.5934725223884
103,103,10.01029375,0.001243486390873,(-0.004145690330195564+0.002998262292615645j),82.39340852750985,(-0.004145690330195229+0.0029982622926189285j),82.39340852750985
104,104,10.01039375,0.0027484532795542,(-0.032893195082235496+0.020117690463331013j),83.1933445326313,(-0.03289319508223805+0.02011769046333127j),83.1933445326313
105,105,10.01049375,0.0033234709157597,(-0.036572062558002126+0.006613259440351104j),83.99328053775275,(-0.03657206255799926+0.006613259440352235j),83.99328053775275
106,106,10.01059375,0.0028962209100822,(-0.034960795602914145+0.032912926260764384j),84.7932165428742,(-0.03496079560291185+0.032912926260763864j),84.7932165428742
107,107,10.01069375,0.0034843725064682,(-0.026214728164221376-0.012000160674281222j),85.59315254799566,(-0.026214728164222052-0.01200016067427978j),85.59315254799566
108,108,10.01079375,0.0051243409247121,(-0.0197339258399318+0.004515812749866037j),86.39308855311712,(-0.019733925839928154+0.004515812749867638j),86.39308855311712
109,109,10.01089375,0.0060056580331892,(-0.014015029421357279+0.021021535788095697j),87.19302455823858,(-0.014015029421358207+0.02102153578809453j),87.19302455823858
110,110,10.01099375,0.0046563302725383,(0.01727007356542165+0.041975049117339604j),87.99296056336003,(0.017270073565420117+0.041975049117339416j),87.99296056336003
111,111,10.01109375,0.0036270089263787,(0.007155654993350702+0.025754859178664494j),88.79289656848148,(0.0071556549933530595+0.025754859178664036j),88.79289656848148
112,112,10.01119375,0.004064468371199,(-0.024300596597776284-0.016715207011196834j),89.59283257360293,(-0.02430059659777853-0.016715207011195193j),89.59283257360293
113,113,10.01129375,0.0029955623102742,(-0.1016819585912443-0.04677871649210257j),90.3927685787244,(-0.10168195859124379-0.04677871649210603j),90.39276857872439
114,114,10.01139375,0.0034080268543395,(0.09215017572247226+0.025839819474429985j),91.19270458384584,(0.09215017572247042+0.025839819474432202j),91.19270458384585
115,115,10.01149375,0.0034774279974762,(-0.02780836020080097+0.008395844511394147j),91.9926405889673,(-0.027808360200804218+0.008395844511393696j),91.9926405889673
116,116,10.01159375,0.0032087140695766,(-0.02762894427753411+0.04382798469072176j),92.79257659408876,(-0.027628944277537808+0.04382798469072423j),92.79257659408876
117,117,10.01169375,0.0026926684310074,(-0.040709745379844425+0.014978277471780915j),93.5925125992102,(-0.0407097453798472+0.01497827747177965j),93.59251259921021
118,118,10.01179375,0.003109664067304,(-0.00036173673274560864+0.06389002552508304j),94.39244860433166,(-0.0003617367327470797+0.0638900255250825j),94.39244860433166
119,119,10.01189375,0.0040948371327326,(0.006489363973018719-0.08206476870089441j),95.19238460945311,(0.006489363973022112-0.08206476870089359j),95.19238460945311
120,120,10.01199375,0.0043604053276488,(-0.06796947793454693+0.08319164152024877j),95.99232061457458,(-0.0679694779345463+0.0831916415202472j),95.99232061457458
121,121,10.01209375,0.0051364126241948,(0.02564517433399733+0.09981482785664107j),96.79225661969603,(0.025645174333996757+0.09981482785664428j),96.79225661969603
122,122,10.01219375,0.0050785425096352,(0.023522727227277558+0.11948632342953505j),97.59219262481749,(0.02352272722728143+0.119486323429534j),97.59219262481749
123,123,10.01229375,0.0057110839245749,(-0.0014534988576369+0.06379284900659231j),98.39212862993894,(-0.0014534988576345685+0.06379284900658859j),98.39212862993894
124,124,10.01239375,0.0071068543793759,(-0.03268852638185351+0.05039514479648365j),99.1920646350604,(-0.03268852638185592+0.05039514479648308j),99.19206463506039
125,125,10.01249375,0.0066079629206305,(-0.06574138356373453+0.06270480514655484j),99.99200064018184,(-0.06574138356373475+0.06270480514655871j),99.99200064018184
126,126,10.01259375,0.006156749742948,(-0.03158681659346914+0.08379162021068565j),100.79193664530332,(-0.031586816593467515+0.0837916202106875j),100.79193664530331
127,127,10.01269375,0.0063806417659293,(-0.02316517600664135+0.08285262261206847j),101.59187265042476,(-0.023165176006641978+0.08285262261206613j),101.59187265042476
128,128,10.01279375,0.0067146720744145,(0.016536522005466864-0.0006188389586573072j),102.3918086555462,(0.016536522005463575-0.0006188389586621905j),102.39180865554621
129,129,10.01289375,0.0058306466984739,(0.16507951044455393-0.048692993191924286j),103.19174466066768,(0.1650795104445591-0.04869299319192231j),103.19174466066767
130,130,10.01299375,0.0051022549729474,(-0.008084837581441606+0.050272136263475715j),103.99168066578912,(-0.008084837581438237+0.05027213626347248j),103.99168066578912
131,131,10.01309375,0.0068080168345425,(-0.12994737786253407+0.0736199893753316j),104.7916166709106,(-0.12994737786253316+0.07361998937533484j),104.79161667091059
132,132,10.01319375,0.0068886331016835,(0.003187967454716032+0.07056383597715185j),105.59155267603204,(0.0031879674547185093+0.07056383597715049j),105.59155267603204
133,133,10.01329375,0.0069949374022813,(-0.004762221266222+0.13503707722739397j),106.39148868115348,(-0.004762221266215574+0.13503707722739902j),106.39148868115349
134,134,10.01339375,0.0068569653173683,(-0.042006560069410226+0.044343247011686425j),107.19142468627494,(-0.04200656006940985+0.04434324701168807j),107.19142468627494
135,135,10.01349375,0.0066507071311918,(0.01862034536516955+0.11565491102157728j),107.9913606913964,(0.018620345365167393+0.1156549110215794j),107.9913606913964
136,136,10.01359375,0.007852371162427,(-0.0042068146526814815+0.06244334961612228j),108.79129669651785,(-0.004206814652681507+0.062443349616121586j),108.79129669651785
137,137,10.01369375,0.0069762299408956,(-0.03180234472335691+0.03833870451442177j),109.59123270163931,(-0.03180234472335427+0.03833870451442651j),109.59123270163931
138,138,10.01379375,0.0062836518773556,(-0.15853488257749743+0.1205093867892412j),110.39116870676077,(-0.1585348825774967+0.12050938678924304j),110.39116870676077
139,139,10.01389375,0.0071017781777075,(0.10765128918035116+0.2511133659385721j),111.19110471188222,(0.10765128918035322+0.25111336593857125j),111.19110471188222
140,140,10.01399375,0.0092802789243919,(0.00820914062742328+0.024587108948060606j),111.99104071700368,(0.008209140627420506+0.02458710894805871j),111.99104071700367
141,141,10.01409375,0.0093260968270799,(0.1315041406163717+0.05158311359602837j),112.79097672212512,(0.13150414061636762+0.05158311359603442j),112.79097672212512
142,142,10.01419375,0.0077986447211002,(0.1007521004988477+0.09572373678121687j),113.59091272724658,(0.10075210049884895+0.09572373678122013j),113.59091272724658
143,143,10.01429375,0.0081466223559539,(0.0540617379993247+0.1459666009496843j),114.39084873236804,(0.054061737999323116+0.1459666009496836j),114.39084873236804
144,144,10.01439375,0.0073484016747548,(0.09293697338835251+0.15621506600714655j),115.1907847374895,(0.09293697338834851+0.15621506600714707j),115.1907847374895
145,145,10.01449375,0.0070712094315095,(0.18476434058335783+0.2265355259614662j),115.99072074261096,(0.1847643405833593+0.22653552596146465j),115.99072074261095
146,146,10.01459375,0.0056043912577998,(-0.009446226530084388+0.11880033313518151j),116.7906567477324,(-0.009446226530089682+0.118800333135184j),116.7906567477324
147,147,10.01469375,0.0069155511600841,(-0.009459570159061216+0.10947493590257072j),117.59059275285384,(-0.009459570159057192+0.10947493590256985j),117.59059275285385
148,148,10.01479375,0.0078553456800203,(-0.6039865644334929+0.5547172586876212j),118.3905287579753,(-0.6039865644334923+0.5547172586876183j),118.3905287579753
149,149,10.01489375,0.0083297044771807,(-0.3702280362990031+0.8647430681678897j),119.19046476309676,(-0.370228036299006+0.8647430681678863j),119.19046476309677
150,150,10.01499375,0.0088911450058105,(-4.288027357586741+15.355210385964153j),119.99040076821822,(-4.288027357586743+15.35521038596415j),119.99040076821822
151,151,10.01509375,0.0084618837203309,(0.1225586308396075-1.0115532440954957j),120.79033677333967,(0.12255863083960883-1.0115532440954984j),120.79033677333967
152,152,10.01519375,0.0091644274220069,(-0.07438380616723225-0.441564815487407j),121.59027277846111,(-0.07438380616722756-0.4415648154874121j),121.59027277846113
153,153,10.01529375,0.0094463390000692,(0.08561287036001067-0.2311964664501866j),122.39020878358258,(0.08561287036001017-0.23119646645018627j),122.39020878358258
154,154,10.01539375,0.0077907620113853,(0.09814414707279885-0.12388947146142404j),123.19014478870405,(0.09814414707279707-0.12388947146142469j),123.19014478870403
155,155,10.01549375,0.0068712152962525,(0.04265799132174573-0.06511976610496176j),123.9900807938255,(0.042657991321745886-0.06511976610495997j),123.9900807938255
156,156,10.01559375,0.0051065940766898,(0.07117731203708676-0.41205589287643263j),124.79001679894697,(0.07117731203708787-0.4120558928764345j),124.79001679894695
157,157,10.01569375,0.0062536610217555,(0.04498252805153041-0.16419452255206993j),125.5899528040684,(0.04498252805153121-0.16419452255207045j),125.5899528040684
158,158,10.01579375,0.0061391502553138,(-0.12221641412713354-0.12793953096937158j),126.38988880918986,(-0.12221641412713477-0.1279395309693724j),126.38988880918986
159,159,10.01589375,0.0063054683166968,(-0.07756691168523965-0.11181125274149135j),127.18982481431132,(-0.0775669116852358-0.11181125274148604j),127.18982481431131
160,160,10.01599375,0.0066389714105146,(0.07815081486597891-0.11813632802461375j),127.98976081943276,(0.07815081486597941-0.11813632802461185j),127.98976081943277
161,161,10.01609375,0.0059708275235576,(0.008773858056444362-0.11104299964954874j),128.78969682455423,(0.008773858056446166-0.11104299964954206j),128.78969682455423
162,162,10.01619375,0.0079718277772419,(-0.01645283806378891-0.04237995307629279j),129.58963282967568,(-0.01645283806378669-0.042379953076288585j),129.58963282967568
163,163,10.01629375,0.0071393348282165,(0.05592068599689594+0.02511551941328608j),130.38956883479713,(0.05592068599689631+0.025115519413289145j),130.38956883479713
164,164,10.01639375,0.0065123312485329,(0.09694994500045649-0.07286248457740963j),131.18950483991858,(0.09694994500045413-0.07286248457741286j),131.18950483991858
165,165,10.01649375,0.0066196295309723,(0.05958236567695189-0.05126655913489113j),131.98944084504004,(0.05958236567695089-0.05126655913489165j),131.98944084504004
166,166,10.01659375,0.0057958023217111,(-0.01723654150020666-0.03394160490272082j),132.7893768501615,(-0.017236541500216467-0.03394160490272271j),132.7893768501615
167,167,10.01669375,0.0054175151340408,(-0.006481331938311415-0.05374365674463335j),133.58931285528294,(-0.006481331938313736-0.05374365674463398j),133.58931285528294
168,168,10.01679375,0.0043910362941684,(-0.06948511140363692-0.11637684359290858j),134.3892488604044,(-0.06948511140363743-0.11637684359290995j),134.3892488604044
169,169,10.01689375,0.0044577310091691,(-0.08154745400324406-0.022178785267584992j),135.18918486552587,(-0.08154745400324125-0.022178785267588735j),135.18918486552587
170,170,10.01699375,0.0041730783999994,(-0.07475709148689988-0.018980363440303308j),135.98912087064733,(-0.07475709148690257-0.018980363440304873j),135.98912087064733
171,171,10.01709375,0.0025445107759158,(-0.02924581063716125-0.0010238083577056613j),136.78905687576878,(-0.02924581063716191-0.001023808357708501j),136.78905687576878
172,172,10.01719375,0.0039825632743043,(-0.03246571616044036-0.09864459000027935j),137.58899288089023,(-0.03246571616044179-0.09864459000028081j),137.58899288089023
173,173,10.01729375,0.0046169711045173,(-0.040783960102874973-0.009689595111778748j),138.38892888601168,(-0.04078396010287636-0.00968959511177661j),138.38892888601168
174,174,10.01739375,0.0046909435369956,(0.007869774765892103+0.05854039177823183j),139.18886489113314,(0.00786977476588958+0.058540391778229575j),139.18886489113314
175,175,10.01749375,0.0042853023394442,(-0.08826375113709163+0.007745116725985187j),139.9888008962546,(-0.08826375113709352+0.007745116725984862j),139.9888008962546
176,176,10.01759375,0.0039583790498509,(0.05508466902744291+0.048108270822591594j),140.78873690137604,(0.05508466902744848+0.048108270822590296j),140.78873690137604
177,177,10.01769375,0.0040909598278079,(0.03149292697764913-0.03819254583341326j),141.5886729064975,(0.03149292697765239-0.038192545833416795j),141.5886729064975
178,178,10.01779375,0.0039331848856592,(-0.14715154568582658+0.027531393850023567j),142.38860891161897,(-0.1471515456858257+0.027531393850027196j),142.38860891161895
179,179,10.01789375,0.0035009884803076,(0.04406655669907377-0.0023213848570976326j),143.1885449167404,(0.044066556699072806-0.0023213848570955422j),143.1885449167404
180,180,10.01799375,0.0034175639669225,(-0.1743722926490831-0.12686717463818362j),143.98848092186185,(-0.1743722926490844-0.12686717463818126j),143.98848092186185
181,181,10.01809375,0.003252557995177,(-0.06944350630809983+0.02815248254884716j),144.78841692698333,(-0.06944350630809788+0.028152482548851172j),144.78841692698333
182,182,10.01819375,0.0030575722634255,(0.07083325693007328-0.015182659915955438j),145.58835293210478,(0.07083325693007306-0.015182659915951961j),145.58835293210478
183,183,10.01829375,0.0032362159664409,(-0.05397130837340406+0.028108504276472244j),146.38828893722624,(-0.053971308373406426+0.028108504276468334j),146.38828893722624
184,184,10.01839375,0.0032878990656253,(-0.0007334766970662349+0.09165067039738531j),147.1882249423477,(-0.0007334766970702178+0.09165067039738754j),147.1882249423477
185,185,10.01849375,0.0029937151041841,(-0.04676828329157302+0.032485889472363104j),147.98816094746914,(-0.04676828329157008+0.032485889472363444j),147.98816094746914
186,186,10.01859375,0.0018969175610552,(-0.029265540345220303+0.33075428353335595j),148.7880969525906,(-0.029265540345221996+0.33075428353335423j),148.7880969525906
187,187,10.01869375,0.001376947396918,(-0.027513021980432983-0.36237549123975155j),149.58803295771204,(-0.02751302198043526-0.36237549123975155j),149.58803295771204
188,188,10.01879375,0.0021913950789353,(-0.07450392774488929-0.07070536351300352j),150.3879689628335,(-0.07450392774489052-0.07070536351300548j),150.3879689628335
189,189,10.01889375,0.003266967888245,(-0.00046571675574257065-0.08975622571620431j),151.18790496795495,(-0.00046571675574379884-0.08975622571620313j),151.18790496795495
190,190,10.01899375,0.0034503262300503,(-0.10748753615529534-0.11074900013133884j),151.9878409730764,(-0.1074875361552984-0.11074900013133723j),151.9878409730764
191,191,10.01909375,0.0039345854722507,(-0.18174471897100078-0.08441613882838651j),152.78777697819783,(-0.1817447189710011-0.08441613882838556j),152.78777697819785
192,192,10.01919375,0.0043611410137611,(0.03143213496722422+0.022255679945228323j),153.5877129833193,(0.03143213496721926+0.022255679945226176j),153.5877129833193
193,193,10.01929375,0.0054586329386002,(-0.03864288462254526-0.009279426119920421j),154.3876489884408,(-0.038642884622547426-0.009279426119918483j),154.3876489884408
194,194,10.01939375,0.0046393914211974,(-0.06057142606051822+0.03100733480710032j),155.18758499356224,(-0.06057142606051726+0.031007334807098347j),155.18758499356224
195,195,10.01949375,0.0041156784625047,(0.008411949925516984+0.019355235293212245j),155.9875209986837,(0.008411949925522098+0.01935523529321087j),155.9875209986837
196,196,10.01959375,0.0037257035797923,(0.01731270444728358+0.008330544873108756j),156.78745700380514,(0.01731270444728287+0.00833054487310748j),156.78745700380514
197,197,10.01969375,0.0036244133895557,(0.031883414736775854+0.06206028481594071j),157.5873930089266,(0.0318834147367767+0.06206028481594283j),157.5873930089266
198,198,10.01979375,0.0036256811386602,(-0.10259334337269037-0.17277444105225245j),158.38732901404805,(-0.10259334337268791-0.17277444105225465j),158.38732901404805
199,199,10.01989375,0.0034454837536416,(0.011109605323696706-0.0715023863228163j),159.1872650191695,(0.011109605323693497-0.07150238632281572j),159.1872650191695
200,200,10.01999375,0.0025683666098603,(-0.06717069285598565-0.10850081495188336j),159.98720102429095,(-0.06717069285598395-0.10850081495188517j),159.98720102429095
201,201,10.02009375,0.0032876919883496,(-0.05006589118546229-0.04443128095952993j),160.7871370294124,(-0.050065891185461925-0.0444312809595284j),160.7871370294124
202,202,10.02019375,0.0044138547163752,(-0.12648584318497708-0.07713678767784758j),161.58707303453386,(-0.1264858431849783-0.0771367876778488j),161.58707303453386
203,203,10.02029375,0.0042715033950491,(-0.08138924456158093+0.04655649375074402j),162.3870090396553,(-0.08138924456158367+0.04655649375074638j),162.3870090396553
204,204,10.02039375,0.0052308700888319,(-0.04788277461006056+0.03564388473670896j),163.1869450447768,(-0.04788277461006246+0.035643884736709694j),163.1869450447768
205,205,10.02049375,0.0057782349297276,(-0.049830084605103055-0.001554059954739253j),163.98688104989824,(-0.04983008460510276-0.0015540599547376535j),163.98688104989824
206,206,10.02059375,0.0065379843960924,(0.047309620118136705+0.0745702620166371j),164.7868170550197,(0.047309620118131945+0.07457026201663255j),164.7868170550197
207,207,10.02069375,0.0072584456878539,(0.009994400662883674-0.08670134213351889j),165.58675306014115,(0.009994400662885683-0.08670134213351868j),165.58675306014115
208,208,10.02079375,0.0073685043782855,(-0.2136986545867248-0.15389039117834888j),166.3866890652626,(-0.21369865458672582-0.15389039117834916j),166.3866890652626
209,209,10.02089375,0.0077788320576308,(0.15371696202500376+0.043455597890665165j),167.18662507038405,(0.15371696202500293+0.04345559789066504j),167.18662507038405
210,210,10.02099375,0.0064951418462589,(0.03242757839636413-0.10446396647737065j),167.9865610755055,(0.03242757839636282-0.10446396647737677j),167.9865610755055
211,211,10.02109375,0.0060553075828084,(-0.07880209071403496-0.08470131828163557j),168.78649708062696,(-0.07880209071403621-0.0847013182816357j),168.78649708062696
212,212,10.02119375,0.0064549920340678,(-0.02303114822165165-0.12074914748596474j),169.5864330857484,(-0.02303114822165199-0.12074914748596435j),169.5864330857484
213,213,10.02129375,0.005532696159377,(0.05153436610431658-0.030838745234983086j),170.38636909086986,(0.05153436610431997-0.03083874523498587j),170.38636909086986
214,214,10.02139375,0.0055470661174287,(0.01171249196477114+0.03511251075208236j),171.18630509599132,(0.011712491964773211+0.03511251075208269j),171.18630509599132
215,215,10.02149375,0.0054584385525668,(-0.012187199309210549+0.08333735689797561j),171.98624110111277,(-0.012187199309205803+0.08333735689797775j),171.98624110111277
216,216,10.02159375,0.0064655118293975,(-0.05764226227232888-0.03930661250216924j),172.78617710623425,(-0.05764226227232554-0.03930661250216512j),172.78617710623425
217,217,10.02169375,0.0058438293176976,(-0.040321349073727704-0.045246839925492915j),173.5861131113557,(-0.04032134907372743-0.04524683992548742j),173.5861131113557
218,218,10.02179375,0.0070332210424231,(-0.06520514972478875+0.034657534625450306j),174.38604911647715,(-0.06520514972479029+0.0346575346254476j),174.38604911647715
219,219,10.02189375,0.0082850603590782,(0.003664600875727335-0.0029371134844131275j),175.1859851215986,(0.0036646008757278458-0.0029371134844144295j),175.1859851215986
220,220,10.02199375,0.0084353482241918,(0.06618877272440794-0.007548513996159502j),175.98592112672006,(0.06618877272441016-0.007548513996158936j),175.98592112672006
221,221,10.02209375,0.0079978336791558,(-0.04819737887661577+0.0559709633693647j),176.7858571318415,(-0.04819737887661353+0.05597096336936626j),176.7858571318415
222,222,10.02219375,0.0090684584542626,(0.0010808245512781093+0.03139616512823963j),177.58579313696296,(0.0010808245512758923+0.031396165128239006j),177.58579313696296
223,223,10.02229375,0.0091236350904601,(-0.011791646038757278-0.07300748288140518j),178.3857291420844,(-0.011791646038759441-0.07300748288140309j),178.38572914208441
224,224,10.02239375,0.0077856871188355,(-0.026524882386721748+0.008578417420206045j),179.18566514720587,(-0.02652488238672228+0.008578417420208975j),179.18566514720587
225,225,10.02249375,0.0063130724541557,(-0.012832158757911504-0.030963171712603963j),179.98560115232732,(-0.012832158757911247-0.030963171712604622j),179.98560115232732
226,226,10.02259375,0.0076495070910818,(0.007142191270077293+0.038515098108986574j),180.7855371574488,(0.007142191270078529+0.038515098108987844j),180.78553715744877
227,227,10.02269375,0.0074919806748806,(-0.027467574730423105-0.018175503261421855j),181.58547316257025,(-0.027467574730427283-0.018175503261421148j),181.58547316257025
228,228,10.02279375,0.0065919794218695,(-0.023558623846062714+0.0024878327497753257j),182.3854091676917,(-0.023558623846061614+0.002487832749773978j),182.3854091676917
229,229,10.02289375,0.0060673571139504,(-0.07728817122032512-0.03495757123813126j),183.1853451728132,(-0.07728817122032725-0.034957571238128496j),183.18534517281316
230,230,10.02299375,0.0046168631169597,(-0.017731995352575487-0.07386313258597922j),183.9852811779346,(-0.01773199535257533-0.07386313258597745j),183.9852811779346
231,231,10.02309375,0.0070558764445792,(-0.03695539174598238+0.018350706423135126j),184.7852171830561,(-0.03695539174597793+0.01835070642313221j),184.78521718305606
232,232,10.02319375,0.0090660706784307,(0.010119250951328962-0.01534895186040404j),185.58515318817751,(0.010119250951328665-0.015348951860407897j),185.58515318817751
233,233,10.02329375,0.0086503259008459,(0.044664938995879346+0.0016334454386412386j),186.38508919329897,(0.04466493899587982+0.001633445438639105j),186.38508919329897
234,234,10.02339375,0.0077453342636563,(-0.02800954992573914+0.011983388112434048j),187.1850251984204,(-0.028009549925736066+0.011983388112433619j),187.18502519842042
235,235,10.02349375,0.0076462680777567,(-0.1265076116433848-0.12281756343061011j),187.98496120354187,(-0.12650761164338611-0.12281756343060843j),187.98496120354187
236,236,10.02359375,0.0107331348989021,(-0.09697091512792207-0.014423408306179882j),188.78489720866327,(-0.09697091512791804-0.014423408306177905j),188.78489720866332
237,237,10.02369375,0.0091411378218767,(-0.0328668683775075+0.020742451255908696j),189.5848332137848,(-0.032866868377508844+0.020742451255910756j),189.58483321378478
238,238,10.02379375,0.0069872624951891,(0.025376187178336937+0.04407113776535745j),190.38476921890623,(0.025376187178335487+0.04407113776535768j),190.38476921890623
239,239,10.02389375,0.0070691265900358,(0.023741386679420294-0.025720807971121425j),191.1847052240277,(0.02374138667942435-0.02572080797112368j),191.1847052240277
240,240,10.02399375,0.0071205627811556,(0.02544274460715404+0.01948443030342661j),191.9846412291492,(0.025442744607157612+0.01948443030342989j),191.98464122914916
241,241,10.02409375,0.0065996683653941,(0.014787464020972635-0.0028557509539594143j),192.7845772342706,(0.014787464020975128-0.002855750953955625j),192.7845772342706
242,242,10.02419375,0.0056947102082659,(0.0740251710623372-0.012350382479061j),193.58451323939207,(0.07402517106233689-0.012350382479058578j),193.58451323939207
243,243,10.02429375,0.0038587033400439,(-0.058993256986889134-0.017722397100769446j),194.38444924451352,(-0.05899325698689525-0.017722397100765907j),194.38444924451352
244,244,10.02439375,0.0052520944919049,(-0.06512164309025542-0.0527722065080373j),195.18438524963497,(-0.06512164309025792-0.05277220650803967j),195.18438524963497
245,245,10.02449375,0.0063262191575648,(-0.11045739054320962-0.023795984538415596j),195.9843212547564,(-0.11045739054321073-0.02379598453841851j),195.98432125475642
246,246,10.02459375,0.0059868554055958,(-0.02044143543036373-0.07997443719948201j),196.78425725987788,(-0.020441435430367305-0.07997443719947825j),196.78425725987788
247,247,10.02469375,0.0074407266171914,(-0.05081885060049551+0.04766549849160613j),197.58419326499933,(-0.05081885060049494+0.04766549849160355j),197.58419326499933
248,248,10.02479375,0.0067449439912076,(0.023429105234155347-0.0730338862672586j),198.3841292701208,(0.023429105234154878-0.0730338862672583j),198.38412927012078
249,249,10.02489375,0.0062421458042506,(-0.007795453436995852+0.009998227595925932j),199.18406527524223,(-0.007795453436993993+0.009998227595930094j),199.18406527524223
250,250,10.02499375,0.0066814901602518,(-0.03953993707335059+0.007420683221871714j),199.98400128036369,(-0.039539937073350975+0.007420683221871813j),199.98400128036369
251,251,10.02509375,0.0059980383574707,(-0.09856992974897155-0.030583555200305063j),200.7839372854852,(-0.09856992974897442-0.030583555200301503j),200.78393728548517
252,252,10.02519375,0.0047604327034572,(0.0761639261748008-0.005674008193407897j),201.58387329060665,(0.07616392617480076-0.005674008193408334j),201.58387329060662
253,253,10.02529375,0.004321601587165,(0.04321918309306735+0.025030981507889762j),202.38380929572807,(0.04321918309306847+0.025030981507890102j),202.38380929572807
254,254,10.02539375,0.0042257187018196,(-0.03630188002591439-0.0804112866874457j),203.18374530084952,(-0.03630188002591461-0.08041128668744231j),203.18374530084952
255,255,10.02549375,0.0051854980440577,(0.12376819933906906+0.04183551327869593j),203.98368130597095,(0.12376819933906502+0.04183551327869581j),203.98368130597098
256,256,10.02559375,0.004468893555811,(0.05173039756547555-0.009323569753733729j),204.78361731109243,(0.051730397565472985-0.009323569753736133j),204.78361731109243
257,257,10.02569375,0.0055234076590735,(0.06386085678909881-0.15750483268383209j),205.58355331621388,(0.06386085678909911-0.1575048326838329j),205.58355331621388
258,258,10.02579375,0.0039101964496166,(0.11011421710027083-0.03166239883803789j),206.38348932133533,(0.11011421710026906-0.03166239883803651j),206.38348932133533
259,259,10.02589375,0.0037810454578096,(-0.014255266688910084+0.032773760788152126j),207.1834253264568,(-0.0142552666889086+0.032773760788150565j),207.18342532645678
260,260,10.02599375,0.0035852673791024,(0.0334350494643752+0.04544501889247893j),207.98336133157824,(0.03343504946437764+0.04544501889248072j),207.98336133157824
261,261,10.02609375,0.0027921745992205,(-0.19586231777456387-0.06539626827343184j),208.7832973366997,(-0.19586231777456178-0.06539626827343153j),208.7832973366997
262,262,10.02619375,0.0014568868291154,(-0.11654738103418841-0.07500761708959111j),209.5832333418212,(-0.11654738103419154-0.07500761708958878j),209.58323334182117
263,263,10.02629375,0.0025672153133883,(-0.059526545837824074-0.012542131625702151j),210.38316934694265,(-0.05952654583782665-0.012542131625701697j),210.38316934694262
264,264,10.02639375,0.0027313476662463,(0.20972811208565043-0.019620139362623145j),211.18310535206408,(0.2097281120856495-0.019620139362621664j),211.18310535206408
265,265,10.02649375,0.0037212134974749,(-0.08383933713696394-0.12480553405127803j),211.98304135718556,(-0.08383933713696595-0.12480553405127731j),211.98304135718553
266,266,10.02659375,0.0041390715602159,(0.005038652498833294-0.0047122981753140855j),212.78297736230695,(0.005038652498834029-0.00471229817531066j),212.78297736230698
267,267,10.02669375,0.0040460622821693,(-0.022648672841172925-0.029511998041643162j),213.58291336742843,(-0.02264867284117341-0.029511998041646816j),213.58291336742843
268,268,10.02679375,0.0046514537007813,(-0.07347641875001595-0.01070493507122914j),214.38284937254988,(-0.07347641875001754-0.01070493507122798j),214.38284937254988
269,269,10.02689375,0.0048743209732614,(0.06759269754630916-0.04145242428631344j),215.1827853776713,(0.06759269754630903-0.0414524242863158j),215.18278537767134
270,270,10.02699375,0.0036249475311438,(-0.125140673550831+0.04062446786554265j),215.9827213827928,(-0.12514067355082903+0.04062446786554758j),215.9827213827928
271,271,10.02709375,0.0023280773387875,(0.04284109279168864+0.019799537870732097j),216.78265738791424,(0.0428410927916896+0.019799537870729734j),216.78265738791424
272,272,10.02719375,0.00127833198498,(-0.0036211793482373144-0.03297076848110797j),217.5825933930357,(-0.0036211793482331233-0.032970768481106145j),217.5825933930357
273,273,10.02729375,0.0018804331639443,(-0.057068347968978035+0.031542059691317424j),218.38252939815715,(-0.05706834796897583+0.031542059691321275j),218.38252939815715
274,274,10.02739375,0.0019042146782137,(-0.049389890195085245-0.021364319014444313j),219.18246540327863,(-0.04938989019508665-0.021364319014444095j),219.18246540327863
275,275,10.02749375,0.0018556318774951,(-0.044444515130222205-0.012361896031521338j),219.98240140840008,(-0.04444451513022161-0.012361896031523413j),219.98240140840008
276,276,10.02759375,0.0030339120125855,(-0.02815006725529336+0.0012712414446752274j),220.78233741352156,(-0.02815006725529108+0.0012712414446763931j),220.78233741352153
277,277,10.02769375,0.0030939404833865,(0.038722950589284724+0.038335865502215405j),221.58227341864296,(0.038722950589283725+0.03833586550221912j),221.58227341864298
278,278,10.02779375,0.0036816811404678,(0.04914842755735044+0.04227014534210437j),222.38220942376444,(0.04914842755734927+0.042270145342105776j),222.38220942376444
279,279,10.02789375,0.0047054270283816,(0.011609277559100427+0.06300604063026445j),223.1821454288859,(0.011609277559098092+0.0630060406302629j),223.1821454288859
280,280,10.02799375,0.0061746977491663,(-0.012232542775072928-0.10075910405238284j),223.9820814340073,(-0.012232542775071-0.10075910405238417j),223.98208143400734
281,281,10.02809375,0.0054552894907583,(0.012052690057029585+0.018337290643607757j),224.7820174391288,(0.012052690057027946+0.01833729064360374j),224.7820174391288
282,282,10.02819375,0.00523173545049,(0.018863838993211944-0.01717180398629034j),225.58195344425025,(0.018863838993213696-0.017171803986290448j),225.58195344425025
283,283,10.02829375,0.0038942985929564,(-0.0921992664724447+0.0387742799815481j),226.3818894493717,(-0.09219926647244607+0.03877427998154807j),226.3818894493717
284,284,10.02839375,0.0043658126894465,(-0.006436090819042415-0.04000337992079397j),227.18182545449315,(-0.006436090819045763-0.04000337992079747j),227.18182545449315
285,285,10.02849375,0.0050415249844564,(-0.07357046703521603+0.051829520559577756j),227.9817614596146,(-0.07357046703521615+0.05182952055957935j),227.9817614596146
286,286,10.02859375,0.0046929407906012,(-0.027725314628809065+0.015949416453097554j),228.78169746473608,(-0.027725314628808572+0.015949416453093102j),228.78169746473608
287,287,10.02869375,0.0029985764195585,(-0.03202152389538747+0.0905811053503654j),229.58163346985756,(-0.0320215238953914+0.0905811053503632j),229.58163346985754
288,288,10.02879375,0.0033103070127256,(-0.15212260755518997-0.018748520454756258j),230.381569474979,(-0.15212260755519347-0.018748520454753843j),230.381569474979
289,289,10.02889375,0.0045378064426522,(-0.08529615469751556+0.16940543053549528j),231.18150548010044,(-0.08529615469751198+0.16940543053549478j),231.18150548010044
290,290,10.02899375,0.0066185156155054,(-0.10730399719525077-0.04028332600846723j),231.9814414852219,(-0.10730399719525341-0.04028332600846906j),231.9814414852219
291,291,10.02909375,0.0059618179903023,(0.0786133381862976+0.03744937922910487j),232.78137749034332,(0.07861333818630292+0.037449379229107425j),232.78137749034335
292,292,10.02919375,0.0062200747435825,(-0.07018216637949212-0.10962628515375178j),233.5813134954648,(-0.07018216637949447-0.1096262851537465j),233.5813134954648
293,293,10.02929375,0.0069080713240653,(-0.08370124175263581-0.023247550969876372j),234.38124950058625,(-0.08370124175263954-0.023247550969876414j),234.38124950058625
294,294,10.02939375,0.0063324312042574,(0.002361449894381149-0.06308969583389976j),235.1811855057077,(0.002361449894380278-0.0630896958339002j),235.1811855057077
295,295,10.02949375,0.0074215748510867,(-0.10651135951103996+0.09469114075724609j),235.98112151082915,(-0.10651135951104106+0.09469114075724415j),235.98112151082915
296,296,10.02959375,0.0065514299254164,(-0.03925495508287158+0.03168365515940576j),236.7810575159506,(-0.03925495508287506+0.03168365515940673j),236.7810575159506
297,297,10.02969375,0.0072682250273693,(0.08546034352322854-0.037333601807363975j),237.5809935210721,(0.08546034352323066-0.03733360180736169j),237.5809935210721
298,298,10.02979375,0.0072152608011252,(0.11099969113305037+0.032196109050848666j),238.38092952619357,(0.11099969113305279+0.032196109050848284j),238.38092952619354
299,299,10.02989375,0.0085420138511555,(0.15770919320597385-0.04415091609537286j),239.180865531315,(0.15770919320596727-0.04415091609537447j),239.180865531315
300,300,10.02999375,0.0098171194821158,(0.40269150918641633+0.9922461881580628j),239.98080153643645,(0.4026915091864167+0.9922461881580587j),239.98080153643645
301,301,10.03009375,0.0063065078300199,(-0.03357396594700198-0.048597226625441615j),240.7807375415579,(-0.03357396594699855-0.04859722662544519j),240.7807375415579
302,302,10.03019375,0.0071946219723559,(0.03318402769493643-0.05469696340682907j),241.58067354667932,(0.033184027694938646-0.054696963406830224j),241.58067354667935
303,303,10.03029375,0.0068523782316394,(-0.03843641082741714+0.04535453717121027j),242.3806095518008,(-0.03843641082741375+0.04535453717121234j),242.3806095518008
304,304,10.03039375,0.0074719595034195,(0.05190877409577025+0.1842063738705896j),243.18054555692223,(0.051908774095768946+0.184206373870589j),243.18054555692225
305,305,10.03049375,0.0055775499744808,(-0.00800999038150909-0.17585038606724654j),243.9804815620437,(-0.008009990381510373-0.17585038606724696j),243.9804815620437
306,306,10.03059375,0.006875480997239,(-0.07282588284617872-0.07564385594512184j),244.7804175671652,(-0.07282588284618009-0.07564385594512313j),244.78041756716516
307,307,10.03069375,0.0071766875632931,(-0.026886191511453487-0.15990052221462206j),245.5803535722866,(-0.026886191511455184-0.15990052221462578j),245.5803535722866
308,308,10.03079375,0.0083121336473057,(-0.10381529218378897-0.07831034535168271j),246.3802895774081,(-0.10381529218378895-0.0783103453516826j),246.38028957740806
309,309,10.03089375,0.0076312109307362,(-0.1311995702376188+0.026330478875993216j),247.18022558252957,(-0.13119957023762244+0.026330478875991253j),247.18022558252954
310,310,10.03099375,0.0096490994898373,(-0.0594993227862034+0.0533707334876746j),247.980161587651,(-0.05949932278620141+0.05337073348767135j),247.980161587651
311,311,10.03109375,0.0077988662286411,(-0.23398131942937056+0.09036989064857427j),248.78009759277245,(-0.23398131942937037+0.09036989064857327j),248.78009759277245
312,312,10.03119375,0.0082390831790671,(-0.14619640779028353-0.05229909959861684j),249.5800335978939,(-0.1461964077902795-0.052299099598617685j),249.5800335978939
313,313,10.03129375,0.007653923264992,(-0.12443151651740625+0.14358450329776482j),250.37996960301533,(-0.12443151651740439+0.14358450329776526j),250.37996960301535
314,314,10.03139375,0.0068276588924212,(-0.012495205648432076+0.02831129165034697j),251.1799056081368,(-0.012495205648431311+0.028311291650345044j),251.1799056081368
315,315,10.03149375,0.0059157010123269,(0.08883494070713913-0.08501922506353657j),251.97984161325823,(0.08883494070714201-0.08501922506354002j),251.97984161325826
316,316,10.03159375,0.0054757564310721,(-0.04111462948767295-0.08099175688059203j),252.7797776183797,(-0.041114629487671035-0.08099175688059423j),252.7797776183797
317,317,10.03169375,0.0059456340123075,(-0.05064451398344577-0.20093041509039428j),253.5797136235012,(-0.05064451398344898-0.20093041509039536j),253.57971362350116
318,318,10.03179375,0.0069012854727979,(-0.06736074145877305-0.1397658219177034j),254.37964962862264,(-0.06736074145877487-0.13976582191770678j),254.37964962862262
319,319,10.03189375,0.0076140518889313,(0.07656565185360267+0.0909108484771998j),255.17958563374407,(0.07656565185360155+0.0909108484771997j),255.17958563374407
320,320,10.03199375,0.0080794845982422,(-0.05424000819531665-0.1129984105010722j),255.97952163886555,(-0.054240008195312966-0.11299841050107062j),255.97952163886555
321,321,10.03209375,0.0079408680344702,(0.1236479353676239+0.0903417533126808j),256.779457643987,(0.12364793536762504+0.09034175331268382j),256.779457643987
322,322,10.03219375,0.0088387656480206,(-0.0113596669717202-0.00783607805596834j),257.57939364910845,(-0.011359666971724603-0.007836078055968866j),257.57939364910845
323,323,10.03229375,0.0093433141211322,(0.01978950929247928+0.1009123545932503j),258.3793296542299,(0.019789509292479725+0.10091235459324802j),258.3793296542299
324,324,10.03239375,0.0094387996413225,(0.03431237965712771+0.07515693530005581j),259.17926565935136,(0.03431237965712662+0.07515693530005878j),259.17926565935136
325,325,10.03249375,0.0072950451560956,(0.22435994668333106-0.11886752096474251j),259.9792016644728,(0.224359946683333-0.11886752096474609j),259.9792016644728
326,326,10.03259375,0.0067092374364548,(-0.031936114961187104+0.16756534960783578j),260.77913766959426,(-0.031936114961187895+0.1675653496078395j),260.77913766959426
327,327,10.03269375,0.0051912465880814,(-0.012483302459271178+0.21972666964182153j),261.57907367471574,(-0.01248330245926689+0.2197266696418201j),261.57907367471574
328,328,10.03279375,0.0052138763634505,(-0.2049993180235511-0.03723920998441952j),262.3790096798372,(-0.20499931802354884-0.03723920998441586j),262.37900967983717
329,329,10.03289375,0.0047811525019143,(-0.019298085674575305-0.08486136687338204j),263.17894568495865,(-0.019298085674571943-0.08486136687338487j),263.17894568495865
330,330,10.03299375,0.0045940761484372,(0.1205531919890539+0.020120016636986746j),263.9788816900801,(0.1205531919890527+0.020120016636987946j),263.9788816900801
331,331,10.03309375,0.0051726668614794,(0.011305833759607885+0.05572494897412607j),264.77881769520155,(0.011305833759607278+0.05572494897412918j),264.77881769520155
332,332,10.03319375,0.0065131248720319,(-0.02682863980096034+0.2072888614521827j),265.578753700323,(-0.026828639800956816+0.20728886145218056j),265.578753700323
333,333,10.03329375,0.0077897507306168,(-0.1810245394689613-0.05840167032009788j),266.37868970544446,(-0.18102453946895564-0.05840167032009734j),266.37868970544446
334,334,10.03339375,0.006766192154507,(-0.0666684723533255-0.023408899021921913j),267.1786257105659,(-0.06666847235332422-0.02340889902192303j),267.1786257105659
335,335,10.03349375,0.0060777753546497,(-0.07059950730296867-0.07926282390087756j),267.97856171568736,(-0.07059950730296422-0.07926282390087921j),267.97856171568736
336,336,10.03359375,0.0049023252235908,(-0.17153542847726913-0.27458166305677445j),268.7784977208088,(-0.1715354284772695-0.2745816630567781j),268.7784977208088
337,337,10.03369375,0.0033731642587749,(0.07272125537893884+0.24900060952123124j),269.57843372593027,(0.07272125537893866+0.24900060952123212j),269.57843372593027
338,338,10.03379375,0.003541645332011,(-0.016392543947791195+0.06303508617857939j),270.37836973105175,(-0.016392543947792326+0.06303508617858244j),270.37836973105175
339,339,10.03389375,0.0027139210897969,(-0.016060379027513158+0.017485268884467157j),271.1783057361732,(-0.01606037902751063+0.017485268884468576j),271.1783057361732
340,340,10.03399375,0.0036493677156746,(0.07955792025795563+0.0316019561402849j),271.97824174129465,(0.079557920257957+0.03160195614028436j),271.97824174129465
341,341,10.03409375,0.0029072195269128,(-0.018984369267509148-0.03267429762443574j),272.7781777464161,(-0.018984369267508006-0.03267429762443579j),272.7781777464161
342,342,10.03419375,0.0044674403185963,(0.07645032364367357-0.06403149146939265j),273.5781137515376,(0.07645032364367776-0.06403149146939516j),273.57811375153756
343,343,10.03429375,0.0055160822305826,(0.018955491553758357+0.14427783972085473j),274.378049756659,(0.018955491553759564+0.1442778397208564j),274.378049756659
344,344,10.03439375,0.0052135193197265,(-0.08801529323919102+0.09659245843816663j),275.17798576178046,(-0.08801529323918984+0.0965924584381684j),275.17798576178046
345,345,10.03449375,0.0043557932485138,(0.2792559161052307+0.053181131976727615j),275.9779217669019,(0.27925591610523265+0.053181131976721786j),275.9779217669019
346,346,10.03459375,0.0031480025067745,(-0.07079515131190221-0.09849240667901364j),276.77785777202337,(-0.07079515131190153-0.0984924066790175j),276.77785777202337
347,347,10.03469375,0.0031356094222022,(0.013948545844819176+0.09881180844001197j),277.5777937771448,(0.013948545844817462+0.09881180844001376j),277.5777937771448
348,348,10.03479375,0.0029361206966865,(0.012138569753405715-0.09853489629847345j),278.3777297822663,(0.012138569753404709-0.09853489629847625j),278.3777297822663
349,349,10.03489375,0.0022403193275245,(0.061693311537618395-0.00785524379098607j),279.1776657873877,(0.061693311537617854-0.007855243790985619j),279.1776657873877
350,350,10.03499375,0.0015518896352951,(0.13630083521874362+0.047607787609663006j),279.9776017925092,(0.13630083521873732+0.04760778760966127j),279.9776017925092
351,351,10.03509375,0.002313869588024,(0.0035035753864129937+0.03163521200186989j),280.77753779763066,(0.003503575386411363+0.031635212001872505j),280.77753779763066
352,352,10.03519375,0.0034078689073924,(-0.009209375499696457+0.23609514935215895j),281.5774738027521,(-0.009209375499698906+0.23609514935215753j),281.5774738027521
353,353,10.03529375,0.0029035791979318,(-0.16934086836182605-0.1089328623383196j),282.3774098078736,(-0.16934086836182818-0.10893286233831512j),282.37740980787356
354,354,10.03539375,0.0030134193796509,(-0.09636075031984032-0.07401951146126697j),283.177345812995,(-0.09636075031983865-0.07401951146126513j),283.177345812995
355,355,10.03549375,0.0028887370344154,(-0.029858703190867843+0.009803499884903059j),283.97728181811647,(-0.02985870319086852+0.009803499884900316j),283.97728181811647
356,356,10.03559375,0.0043184505287976,(-0.0055293729115553965-0.005126518478646164j),284.7772178232379,(-0.005529372911559923-0.005126518478645727j),284.7772178232379
357,357,10.03569375,0.0028798361653207,(-0.07015433154279466+0.07413019338373925j),285.57715382835937,(-0.07015433154279176+0.07413019338373711j),285.57715382835937
358,358,10.03579375,0.0027370660072475,(0.014675738393929754-0.01992824222219358j),286.3770898334808,(0.014675738393927096-0.019928242222199286j),286.3770898334808
359,359,10.03589375,0.0030760478575369,(-0.05650730243126617-0.005012823787654854j),287.1770258386023,(-0.056507302431267684-0.00501282378765577j),287.1770258386023
360,360,10.03599375,0.0041090805655148,(-0.045763011057654956+0.040220828279257395j),287.9769618437237,(-0.045763011057655206+0.04022082827925937j),287.9769618437237
361,361,10.03609375,0.0033661202149764,(-0.01922181374008023-0.07078164020091482j),288.7768978488452,(-0.01922181374008205-0.07078164020091626j),288.7768978488452
362,362,10.03619375,0.0028738623028082,(0.012828450200761794-0.05325838678181526j),289.57683385396666,(0.012828450200763062-0.05325838678181201j),289.57683385396666
363,363,10.03629375,0.0030552614925079,(-0.04362672522631097+0.009413400026614194j),290.3767698590881,(-0.04362672522630996+0.009413400026613561j),290.3767698590881
364,364,10.03639375,0.0045036326078325,(-0.020194664943924006+0.0008681727855914716j),291.1767058642096,(-0.020194664943922774+0.0008681727855858199j),291.17670586420957
365,365,10.03649375,0.0051786542655599,(-0.08266527320845944-0.012522638378400973j),291.976641869331,(-0.08266527320845854-0.012522638378400723j),291.976641869331
366,366,10.03659375,0.00494954087736,(-0.07827051248929004-0.0012801633483237873j),292.77657787445247,(-0.07827051248929222-0.0012801633483209077j),292.77657787445247
367,367,10.03669375,0.0047604309701432,(-0.02930048468261334+0.04801054585568292j),293.5765138795739,(-0.029300484682613467+0.048010545855686634j),293.5765138795739
368,368,10.03679375,0.0048894954430815,(0.013238224241572666+0.03792996982418879j),294.3764498846954,(0.013238224241572935+0.0379299698241899j),294.3764498846954
369,369,10.03689375,0.0052214905430061,(-0.07260479374534289-0.036908825037296124j),295.1763858898168,(-0.07260479374534558-0.03690882503729475j),295.1763858898168
370,370,10.03699375,0.0064444130023456,(0.0058284386062485965+0.048688160307461696j),295.9763218949383,(0.005828438606250617+0.04868816030746503j),295.9763218949383
371,371,10.03709375,0.0032863237888103,(-0.029404132543455603+0.009018823052120243j),296.7762579000597,(-0.02940413254345996+0.009018823052122545j),296.7762579000597
372,372,10.03719375,0.0053331065535608,(0.03291437642135119+0.01938060471470741j),297.5761939051812,(0.03291437642135079+0.019380604714709045j),297.5761939051812
373,373,10.03729375,0.0045746003801452,(0.0017544609059052078+0.05667668992514414j),298.37612991030267,(0.0017544609059057178+0.056676689925146684j),298.37612991030267
374,374,10.03739375,0.0051985138776287,(-0.02816513959317043-0.08929119262595117j),299.1760659154241,(-0.028165139593172107-0.08929119262595366j),299.1760659154241
375,375,10.03749375,0.0051971472740332,(0.015341053561708947-0.048225976280554333j),299.9760019205456,(0.01534105356170756-0.04822597628055342j),299.97600192054557
376,376,10.03759375,0.0070237591433722,(-0.01922496157502562-0.012345343709675079j),300.775937925667,(-0.019224961575027844-0.01234534370967517j),300.775937925667
377,377,10.03769375,0.0077067604504085,(0.1519710131825858-0.03672255122443219j),301.5758739307885,(0.1519710131825849-0.03672255122443037j),301.5758739307885
378,378,10.03779375,0.0054220533819465,(-0.0636854953884566-0.017351488121694538j),302.3758099359099,(-0.06368549538845276-0.017351488121696425j),302.3758099359099
379,379,10.03789375,0.0063037032330451,(0.009793860928134765-0.034611088726086384j),303.1757459410314,(0.009793860928131835-0.03461108872608531j),303.1757459410314
380,380,10.03799375,0.0064614883957121,(0.011505629648172805-0.0017507280421342542j),303.9756819461528,(0.011505629648175001-0.0017507280421342319j),303.9756819461528
381,381,10.03809375,0.0062755496422193,(0.017697276942421545+0.050133738222120416j),304.7756179512743,(0.017697276942423682+0.050133738222119195j),304.7756179512743
382,382,10.03819375,0.0075268144918916,(-0.02891097330725368+0.0012529707632979899j),305.5755539563957,(-0.02891097330725547+0.0012529707632986994j),305.5755539563957
383,383,10.03829375,0.0064637566661873,(0.05315810505960489-0.036451825209359474j),306.3754899615172,(0.05315810505960254-0.036451825209359835j),306.3754899615172
384,384,10.03839375,0.0077633249454516,(-0.017112840982633166-0.02771658647367317j),307.1754259666386,(-0.01711284098263172-0.02771658647367345j),307.1754259666386
385,385,10.03849375,0.0081222893527585,(-0.06259433938231891-0.04565959191148114j),307.9753619717601,(-0.06259433938231791-0.04565959191148218j),307.9753619717601
386,386,10.03859375,0.0092281949244475,(-0.04957317465990639-0.01422999934650697j),308.7752979768816,(-0.04957317465990798-0.014229999346504183j),308.7752979768816
387,387,10.03869375,0.0086093468120969,(-0.02164723479351575-0.03710804176170083j),309.575233982003,(-0.021647234793516032-0.03710804176170258j),309.575233982003
388,388,10.03879375,0.0082121348859447,(0.03335384679388997-0.022069690974623326j),310.3751699871245,(0.033353846793886775-0.022069690974620193j),310.3751699871245
389,389,10.03889375,0.0072422326063629,(-0.07422471825925032-0.04603401505743601j),311.1751059922459,(-0.07422471825925411-0.046034015057432764j),311.1751059922459
390,390,10.03899375,0.0073446217200839,(-0.06673491004896848-0.057298426409967275j),311.9750419973674,(-0.06673491004896877-0.057298426409970835j),311.9750419973674
391,391,10.03909375,0.0063771180056111,(-0.05611300513213697-0.03589522752787489j),312.7749780024888,(-0.05611300513213553-0.03589522752787469j),312.7749780024888
392,392,10.03919375,0.0064260085668746,(-0.06099797305716115+0.029509170064000594j),313.5749140076103,(-0.06099797305716041+0.02950917006399805j),313.5749140076103
393,393,10.03929375,0.0072657617856959,(-0.03674923304750689-0.024518088892912886j),314.3748500127317,(-0.03674923304750253-0.024518088892909157j),314.3748500127317
394,394,10.03939375,0.0069732217697774,(-0.009736824457493631-0.015782745835363474j),315.1747860178532,(-0.009736824457492368-0.01578274583536301j),315.1747860178532
395,395,10.03949375,0.0082209911434107,(-0.023075330184722367-0.060225119803752204j),315.9747220229746,(-0.023075330184723915-0.06022511980375364j),315.9747220229746
396,396,10.03959375,0.0080375873391041,(-0.03276508578095523-0.06284950865375112j),316.7746580280961,(-0.03276508578095586-0.06284950865375191j),316.7746580280961
397,397,10.03969375,0.0090537995338662,(-0.003976495208892717-0.023146873968209823j),317.5745940332176,(-0.003976495208892832-0.023146873968211225j),317.5745940332176
398,398,10.03979375,0.0099514265452395,(0.011613571132025702+0.00724447460262365j),318.374530038339,(0.011613571132027396+0.0072444746026234675j),318.374530038339
399,399,10.03989375,0.0081149625514408,(-0.028475840423559173-0.03589784312185646j),319.1744660434605,(-0.02847584042356139-0.035897843121851195j),319.1744660434605
400,400,10.03999375,0.0080677272889528,(0.03257303561149871+0.02877071856761129j),319.9744020485819,(0.0325730356114962+0.02877071856761375j),319.9744020485819
401,401,10.04009375,0.0077680800380289,(-0.01380286431005447-0.041823480886312686j),320.7743380537034,(-0.01380286431005435-0.041823480886311416j),320.7743380537034
402,402,10.04019375,0.0084880931193863,(-0.02391470582846747-0.004232525917084636j),321.5742740588248,(-0.02391470582846495-0.00423252591708524j),321.5742740588248
403,403,10.04029375,0.0054091026344323,(-0.04416962816885306+0.01321741804737311j),322.3742100639463,(-0.044169628168854766+0.013217418047370331j),322.3742100639463
404,404,10.04039375,0.00634252282843,(-0.04025061918635038-0.04283852783793048j),323.1741460690677,(-0.04025061918634961-0.04283852783793563j),323.1741460690677
405,405,10.04049375,0.0081429890048255,(0.10823685951622437+0.01583054830713107j),323.9740820741892,(0.10823685951622573+0.015830548307129613j),323.9740820741892
406,406,10.04059375,0.008091890370397,(0.004513503135367689-0.009011870002729403j),324.7740180793106,(0.004513503135368885-0.00901187000273198j),324.7740180793106
407,407,10.04069375,0.0071331350363779,(0.010956738383569808-0.038927165244112404j),325.5739540844321,(0.010956738383573125-0.03892716524411268j),325.5739540844321
408,408,10.04079375,0.0076543074856494,(0.0017048658166879177+0.013242489660190593j),326.3738900895536,(0.0017048658166880651+0.013242489660191467j),326.3738900895536
409,409,10.04089375,0.0086836239364036,(-0.012240239818203151-0.02976809590654931j),327.173826094675,(-0.012240239818200202-0.029768095906548504j),327.173826094675
410,410,10.04099375,0.0054721065063023,(-0.03712576430683707-0.001998796463387446j),327.9737620997965,(-0.03712576430684008-0.0019987964633881765j),327.9737620997965
411,411,10.04109375,0.0044774231771172,(0.009568370439427952-0.08548987809033631j),328.7736981049179,(0.009568370439426582-0.08548987809033902j),328.7736981049179
412,412,10.04119375,0.0039859029963885,(-0.03198666468053816-0.0797278131096658j),329.5736341100394,(-0.03198666468053684-0.07972781310966473j),329.5736341100394
413,413,10.04129375,0.0034592911892056,(0.04620126097946843-0.0870311202383305j),330.3735701151608,(0.046201260979467335-0.08703112023832965j),330.3735701151608
414,414,10.04139375,0.0060421169126263,(-0.1112382980339981+0.15700041183726815j),331.1735061202823,(-0.11123829803399804+0.15700041183726873j),331.1735061202823
415,415,10.04149375,0.0056189707938957,(-0.013165886418692964+0.010557363439018572j),331.9734421254037,(-0.013165886418699275+0.010557363439014871j),331.9734421254037
416,416,10.04159375,0.0065252789940711,(-0.00404078312831619-0.013433263930631614j),332.7733781305252,(-0.0040407831283123564-0.013433263930631715j),332.7733781305252
417,417,10.04169375,0.0065359357581155,(-0.055330521501915794+0.012533432778947116j),333.5733141356466,(-0.055330521501919055+0.012533432778947348j),333.5733141356466
418,418,10.04179375,0.0067622518810858,(-0.032271248803411506-0.01991363019176786j),334.3732501407681,(-0.03227124880341394-0.019913630191768936j),334.3732501407681
419,419,10.04189375,0.0072396129774515,(0.10065006867343748-0.02338890365472878j),335.1731861458896,(0.1006500686734396-0.023388903654733836j),335.1731861458896
420,420,10.04199375,0.004854993153403,(-0.04611213254227825+0.0034169422421064972j),335.973122151011,(-0.046112132542276627+0.0034169422421044433j),335.973122151011
421,421,10.04209375,0.0027988463564998,(-0.008769336286850572+0.007448284827420279j),336.7730581561325,(-0.008769336286847656+0.007448284827422604j),336.7730581561325
422,422,10.04219375,0.0021185989682496,(0.016527040590843773+0.05009711832351836j),337.5729941612539,(0.016527040590841605+0.05009711832351489j),337.5729941612539
423,423,10.04229375,0.0013656385465076,(-0.03497715731819151+0.04928095362522295j),338.3729301663754,(-0.034977157318195104+0.04928095362522145j),338.3729301663754
424,424,10.04239375,0.0019764376343869,(-0.014505689935972906-0.0011587800504102063j),339.1728661714968,(-0.014505689935972219-0.0011587800504096165j),339.1728661714968
425,425,10.04249375,0.0018449041933904,(0.005711656906904648+0.0381297155998746j),339.9728021766183,(0.005711656906906182+0.03812971559987375j),339.9728021766183
426,426,10.04259375,0.0040986874121502,(-0.022658551511326678+0.02668055497090408j),340.7727381817397,(-0.022658551511325908+0.0266805549709034j),340.7727381817397
427,427,10.04269375,0.0052214475640768,(-0.022929281244260052-0.013009758859948636j),341.5726741868612,(-0.02292928124426119-0.013009758859949951j),341.5726741868612
428,428,10.04279375,0.003632045294908,(-0.025333236646464002-0.00343075604692223j),342.37261019198263,(-0.025333236646462455-0.0034307560469192446j),342.37261019198263
429,429,10.04289375,0.0055985416440512,(-0.010558997479511929+0.031315775255809024j),343.1725461971041,(-0.010558997479514541+0.03131577525580797j),343.1725461971041
430,430,10.04299375,0.0052198519809106,(-0.06861942984724845-0.045789680192410205j),343.97248220222554,(-0.06861942984724961-0.04578968019240987j),343.97248220222554
431,431,10.04309375,0.0057305563288188,(-0.03822377034679122+0.009955859743418805j),344.772418207347,(-0.03822377034679293+0.009955859743414631j),344.772418207347
432,432,10.04319375,0.003865087969114,(-0.014703995369285155-0.03636084496051969j),345.5723542124685,(-0.014703995369285315-0.03636084496052053j),345.5723542124685
433,433,10.04329375,0.0010467536963085,(-0.011734453402417324-0.0017946960397614393j),346.3722902175899,(-0.011734453402420854-0.0017946960397606227j),346.3722902175899
434,434,10.04339375,0.0015980516408992,(-0.06360497612423227+0.020895405331037648j),347.1722262227114,(-0.06360497612423162+0.020895405331035434j),347.1722262227114
435,435,10.04349375,0.0004585381132205,(-0.08502460944663705+0.016395537084299427j),347.9721622278328,(-0.08502460944663624+0.016395537084304433j),347.9721622278328
436,436,10.04359375,0.0008607063289016,(-0.030114725777701436-0.020525110319083224j),348.7720982329543,(-0.030114725777708504-0.020525110319083176j),348.7720982329543
437,437,10.04369375,0.0008191106284976,(-0.03597622856576337+0.021861366194582017j),349.57203423807573,(-0.035976228565763185+0.021861366194584897j),349.57203423807573
438,438,10.04379375,0.0016283921051661,(-0.06727569970773928-0.03511908931367696j),350.3719702431972,(-0.06727569970773965-0.03511908931367905j),350.3719702431972
439,439,10.04389375,0.0032228708506152,(0.017757655387000474+0.10399697744975503j),351.17190624831863,(0.01775765538700634+0.10399697744975042j),351.17190624831863
440,440,10.04399375,0.0047445070757647,(-0.07837794273652311-0.004653287581845704j),351.9718422534401,(-0.0783779427365226-0.0046532875818461415j),351.9718422534401
441,441,10.04409375,0.0051277856362289,(-0.1824844560040515-0.057530694826626j),352.77177825856154,(-0.18248445600404944-0.05753069482662683j),352.77177825856154
442,442,10.04419375,0.0051409979072939,(0.015522496760621857+0.03307066200174346j),353.571714263683,(0.015522496760619241+0.03307066200174278j),353.571714263683
443,443,10.04429375,0.0049724191364779,(0.01855071002796052-0.035056005230578904j),354.3716502688045,(0.01855071002796318-0.03505600523057995j),354.3716502688045
444,444,10.04439375,0.0054469858319046,(-0.017295376251870602-0.04496808291620291j),355.1715862739259,(-0.01729537625187503-0.04496808291620412j),355.1715862739259
445,445,10.04449375,0.0048693883721547,(0.047967443419463525+0.05648627418023505j),355.9715222790474,(0.04796744341946094+0.0564862741802358j),355.9715222790474
446,446,10.04459375,0.0037279704929622,(-0.1219020714184663+0.032581310531877454j),356.77145828416883,(-0.12190207141846902+0.032581310531878016j),356.77145828416883
447,447,10.04469375,0.0025090002111241,(-0.029585720897421407+0.030622938803242544j),357.5713942892903,(-0.029585720897424405+0.03062293880324362j),357.5713942892903
448,448,10.04479375,0.0019998353743374,(-0.053206836718491135+0.017400431283929672j),358.37133029441173,(-0.05320683671849233+0.017400431283932028j),358.37133029441173
449,449,10.04489375,0.0025320225057319,(-0.11053108871934948+0.06956027837207704j),359.1712662995332,(-0.11053108871935066+0.06956027837207904j),359.1712662995332
450,450,10.04499375,0.0029428068084244,(-0.6784655456999746+0.2543494292102646j),359.97120230465464,(-0.678465545699976+0.2543494292102625j),359.97120230465464
451,451,10.04509375,0.0027974718098467,(0.18797451918699012-0.027411101016744766j),360.7711383097761,(0.1879745191869908-0.027411101016748277j),360.7711383097761
452,452,10.04519375,0.0025033264126449,(-0.02356188632462122-0.01846191131460275j),361.5710743148976,(-0.02356188632462021-0.0184619113146011j),361.57107431489754
453,453,10.04529375,0.0036547847222024,(0.040701436929686606+0.006514994612773366j),362.371010320019,(0.0407014369296856+0.0065149946127748245j),362.371010320019
454,454,10.04539375,0.0048882849222579,(0.07048551323422589-0.006256296307432465j),363.1709463251405,(0.07048551323422474-0.006256296307433174j),363.1709463251405
455,455,10.04549375,0.0066520339301679,(-0.014987366338498832-0.05145422634824936j),363.97088233026193,(-0.014987366338501956-0.051454226348248j),363.97088233026193
456,456,10.04559375,0.0071408449564063,(0.021354415446765817-0.054722801600028056j),364.7708183353834,(0.02135441544676919-0.05472280160002856j),364.7708183353834
457,457,10.04569375,0.0082185471743354,(-0.019330548235399467+0.0015405493177155366j),365.5707543405048,(-0.01933054823539962+0.00154054931771622j),365.57075434050483
458,458,10.04579375,0.0089701104969626,(0.002605992274275895-0.10346688309748475j),366.3706903456263,(0.0026059922742772343-0.10346688309748497j),366.3706903456263
459,459,10.04589375,0.0088827460907952,(-0.046756370102740794+0.016771278817976215j),367.1706263507477,(-0.04675637010274447+0.01677127881797317j),367.17062635074774
460,460,10.04599375,0.0076214475002947,(-0.06762814539335488+0.05000524741205678j),367.9705623558692,(-0.06762814539336182+0.05000524741205464j),367.9705623558692
461,461,10.04609375,0.0061572472905842,(-0.0159047418265875-0.06137322203866973j),368.7704983609906,(-0.01590474182658823-0.06137322203867013j),368.77049836099064
462,462,10.04619375,0.0045789387624604,(-0.002083938381985539+0.017974691202765562j),369.5704343661121,(-0.0020839383819843795+0.01797469120276284j),369.5704343661121
463,463,10.04629375,0.0047206272491569,(0.030946917571470545-0.02564193341826982j),370.3703703712336,(0.030946917571469973-0.02564193341826633j),370.37037037123355
464,464,10.04639375,0.0039036968244228,(-0.006723529386215605-0.02387008641256793j),371.17030637635503,(-0.006723529386217328-0.02387008641256804j),371.17030637635503
465,465,10.04649375,0.0042468760313508,(0.03361985276716556+0.004573141543875654j),371.97024238147645,(0.033619852767166294+0.004573141543878752j),371.97024238147645
466,466,10.04659375,0.0058892160802703,(-0.052213079118233106-0.026333597398431878j),372.77017838659793,(-0.052213079118235244-0.026333597398430577j),372.77017838659793
467,467,10.04669375,0.0078623383609828,(-0.005303706377402268+0.027971430388476392j),373.5701143917194,(-0.005303706377402087+0.027971430388476267j),373.5701143917194
468,468,10.04679375,0.0091894144930167,(0.04106710345364376+0.002472775040959397j),374.3700503968408,(0.04106710345364606+0.002472775040961279j),374.37005039684084
469,469,10.04689375,0.0097498606445143,(-0.03764070017762029-0.09751999051718444j),375.1699864019623,(-0.03764070017762229-0.09751999051718134j),375.1699864019623
470,470,10.04699375,0.0098272988841336,(-0.046980740995721845+0.050812110883049794j),375.9699224070837,(-0.04698074099572351+0.050812110883050834j),375.96992240708374
471,471,10.04709375,0.0106772491091208,(-0.04398563867000666+0.03884966270275258j),376.7698584122052,(-0.04398563867000534+0.03884966270275244j),376.7698584122052
472,472,10.04719375,0.0105507915932069,(-0.02209150125220135+0.04832450186598455j),377.56979441732665,(-0.022091501252200222+0.048324501865980383j),377.56979441732665
473,473,10.04729375,0.0083501582822772,(-0.010788995015479162+0.04773909916979784j),378.3697304224481,(-0.010788995015480843+0.04773909916979102j),378.36973042244813
474,474,10.04739375,0.0061617988689401,(0.01538591006912215-0.001784415618313465j),379.1696664275696,(0.01538591006912081-0.0017844156183148931j),379.16966642756955
475,475,10.04749375,0.0054588301955427,(0.05049622933264092-0.040697978513000097j),379.96960243269103,(0.05049622933264259-0.04069797851299901j),379.96960243269103
476,476,10.04759375,0.0053711655176612,(0.016423796773222577-0.014847641405692618j),380.76953843781246,(0.01642379677322014-0.014847641405689558j),380.76953843781246
477,477,10.04769375,0.0051142264117081,(0.09364323454582837+0.08622180676167916j),381.56947444293394,(0.09364323454582843+0.08622180676168063j),381.56947444293394
478,478,10.04779375,0.0054402495499457,(-0.11952053377606454-0.06661374402306638j),382.3694104480554,(-0.11952053377606318-0.06661374402306885j),382.3694104480554
479,479,10.04789375,0.0071001841464593,(-0.04459522076277514-0.024420254523499097j),383.1693464531768,(-0.044595220762772184-0.024420254523498375j),383.16934645317684
480,480,10.04799375,0.0071248386588097,(0.028474052816560274-0.018663264824172743j),383.9692824582983,(0.028474052816559646-0.018663264824171723j),383.9692824582983
481,481,10.04809375,0.0088995107087765,(-0.002952445997384208+0.02400832627080794j),384.76921846341975,(-0.0029524459973861595+0.02400832627080707j),384.76921846341975
482,482,10.04819375,0.0100405499639304,(-0.08828600358522053-0.007610369967778648j),385.5691544685412,(-0.08828600358522357-0.007610369967778807j),385.5691544685412
483,483,10.04829375,0.0097306009241083,(0.005369568573266502+0.061343268156466915j),386.36909047366265,(0.005369568573269923+0.061343268156469524j),386.36909047366265
484,484,10.04839375,0.0093741482739024,(-0.005451216170553784+0.01589050783579861j),387.1690264787841,(-0.005451216170554298+0.015890507835798845j),387.16902647878413
485,485,10.04849375,0.0073207990948978,(0.0311136089751901+0.008041390681067554j),387.9689624839056,(0.031113608975192976+0.00804139068107089j),387.96896248390556
486,486,10.04859375,0.0073837324796398,(-0.014448114865418239-0.05858090913698539j),388.76889848902704,(-0.014448114865420896-0.05858090913698743j),388.76889848902704
487,487,10.04869375,0.0056329347825655,(0.04592307550890135+0.1005203076674927j),389.56883449414846,(0.04592307550890261+0.1005203076674971j),389.56883449414846
488,488,10.04879375,0.0045190806512073,(-0.016398423487809552-0.022939218788472972j),390.36877049926994,(-0.016398423487810225-0.02293921878846991j),390.36877049926994
489,489,10.04889375,0.0049317834148936,(-0.04621470348556875-0.0393486880931645j),391.1687065043914,(-0.04621470348556954-0.039348688093162526j),391.1687065043914
490,490,10.04899375,0.006029079383309,(0.054511159877257534-0.0012956902456078452j),391.9686425095129,(0.054511159877259144-0.0012956902456105826j),391.96864250951285
491,491,10.04909375,0.0070067191411568,(-0.05822420638700283+0.013338011066495781j),392.7685785146343,(-0.058224206387001105+0.013338011066496597j),392.7685785146343
492,492,10.04919375,0.0077005929960952,(-0.11150831858341524+0.0017595807698531085j),393.56851451975575,(-0.11150831858341681+0.001759580769856585j),393.56851451975575
493,493,10.04929375,0.0078809027467958,(0.022057109144612914+0.04705789062957648j),394.3684505248772,(0.022057109144614315+0.04705789062957465j),394.36845052487723
494,494,10.04939375,0.0084549998749301,(-0.015939278474097512+0.001540454985837749j),395.16838652999866,(-0.015939278474097377+0.001540454985836168j),395.16838652999866
495,495,10.04949375,0.0074398600297834,(-0.047708759840229854-0.034501647911213865j),395.96832253512014,(-0.04770875984023034-0.03450164791122191j),395.96832253512014
496,496,10.04959375,0.0066427089701226,(-0.05632338475838731+0.01954593850649162j),396.7682585402416,(-0.056323384758386864+0.019545938506491795j),396.76825854024156
497,497,10.04969375,0.0064687317638943,(0.01089299025962142-0.04586477474413471j),397.56819454536304,(0.010892990259626055-0.04586477474413321j),397.56819454536304
498,498,10.04979375,0.0056332884261943,(-0.0252072507689999-0.052306209030263326j),398.36813055048447,(-0.025207250768994185-0.05230620903026238j),398.36813055048447
499,499,10.04989375,0.0055111805482387,(-0.02820745112347152-0.03941959019271958j),399.168066555606,(-0.028207451123471568-0.03941959019272454j),399.16806655560595
500,500,10.04999375,0.0048647119474976,(-0.00653884910161583-0.0020224827658569017j),399.96800256072737,(-0.00653884910161728-0.002022482765855443j),399.96800256072737
501,501,10.05009375,0.0050269551639828,(0.0161949544188306+0.03754986986727022j),400.7679385658489,(0.016194954418831495+0.037549869867269874j),400.76793856584885
502,502,10.05019375,0.0052542792967179,(-0.009030780030991722+0.045008137496131j),401.56787457097033,(-0.009030780030990476+0.04500813749613029j),401.56787457097033
503,503,10.05029375,0.0051195404003923,(-0.02846637888918923-0.056417347954072265j),402.36781057609176,(-0.028466378889189667-0.05641734795407456j),402.36781057609176
504,504,10.05039375,0.0052814083474908,(0.035297271873822283-0.02471147462029188j),403.1677465812133,(0.03529727187382754-0.02471147462028681j),403.16774658121324
505,505,10.05049375,0.00414762498262,(0.044646803529308735-0.07782763823176954j),403.96768258633466,(0.04464680352930673-0.07782763823177072j),403.96768258633466
506,506,10.05059375,0.0036692310337627,(-0.02781357475899265-0.08006996784236914j),404.76761859145614,(-0.027813574758990683-0.08006996784236306j),404.76761859145614
507,507,10.05069375,0.0031586485811467,(0.027842062598325504-0.07761396222299695j),405.5675545965776,(0.0278420625983286-0.07761396222299659j),405.56755459657757
508,508,10.05079375,0.0025991812045771,(0.052490735342700726-0.07737592055714809j),406.3674906016991,(0.05249073534270172-0.07737592055714473j),406.36749060169905
509,509,10.05089375,0.0018201528150879,(0.04700961746813097+0.09493249604158895j),407.16742660682047,(0.04700961746813169+0.0949324960415879j),407.16742660682047
510,510,10.05099375,0.0023402350770065,(0.03722873043344738-0.03054065481902312j),407.967362611942,(0.037228730433449424-0.030540654819022225j),407.96736261194195
511,511,10.05109375,0.0030280001718028,(0.018821407605519-0.023818016013131778j),408.7672986170634,(0.018821407605513506-0.023818016013133898j),408.7672986170634
512,512,10.05119375,0.0033497111061354,(-0.016983444921453178+0.04376366586958465j),409.56723462218486,(-0.016983444921452723+0.04376366586958131j),409.56723462218486
513,513,10.05129375,0.0037681333790354,(0.016724498815835633-0.010313611341285408j),410.3671706273064,(0.016724498815834387-0.010313611341287492j),410.36717062730634
514,514,10.05139375,0.003443641480277,(-0.021682773379181723-0.07750112814893961j),411.16710663242776,(-0.021682773379176297-0.07750112814894239j),411.16710663242776
515,515,10.05149375,0.0037535155750045,(-0.05350780562759204-0.03769639601473545j),411.9670426375493,(-0.053507805627590235-0.03769639601473812j),411.96704263754924
516,516,10.05159375,0.0036748102991863,(-0.03875716584102969-0.05975452508163901j),412.76697864267067,(-0.038757165841029964-0.05975452508164042j),412.76697864267067
517,517,10.05169375,0.0031893268543022,(0.02768395392404671-0.0320975795794526j),413.56691464779215,(0.02768395392404642-0.03209757957945743j),413.56691464779215
518,518,10.05179375,0.002271015493494,(-0.05545339930626727+0.053510955267095685j),414.3668506529136,(-0.05545339930626687+0.053510955267096455j),414.36685065291357
519,519,10.05189375,0.001844749638529,(-0.03263261686289677+0.004205183819607158j),415.1667866580351,(-0.03263261686289601+0.004205183819609864j),415.16678665803505
520,520,10.05199375,0.0018084831340648,(0.020946360570987282+0.0016195202677611025j),415.9667226631565,(0.020946360570991376+0.0016195202677626482j),415.9667226631565
521,521,10.05209375,0.0010943299397102,(0.030771194454664343-0.027282676630265405j),416.766658668278,(0.030771194454663427-0.027282676630263677j),416.76665866827796
522,522,10.05219375,0.0010924755052649,(-0.05415375169524789+0.03798735996463596j),417.5665946733994,(-0.054153751695253355+0.037987359964640595j),417.5665946733994
523,523,10.05229375,0.0021515835347165,(-0.002020290262067634+0.025010520227780365j),418.36653067852086,(-0.0020202902620680063+0.025010520227783585j),418.36653067852086
524,524,10.05239375,0.0034983183564444,(-0.0324019351837888-0.0004888795446426706j),419.1664666836424,(-0.032401935183789754-0.0004888795446421424j),419.16646668364234
525,525,10.05249375,0.0039052827406969,(-0.004764306504523264-0.019884349373880113j),419.96640268876376,(-0.004764306504524015-0.01988434937388269j),419.96640268876376
526,526,10.05259375,0.0044366716103343,(-0.013338765807731568+0.053436633852662466j),420.7663386938853,(-0.013338765807732453+0.053436633852661716j),420.76633869388525
527,527,10.05269375,0.0041496714013659,(0.02405140317076008-0.0377722553501429j),421.5662746990066,(0.024051403170759048-0.037772255350144j),421.56627469900667
528,528,10.05279375,0.0042106508070019,(0.010047886139992641+0.010957523831929874j),422.36621070412815,(0.010047886139990359+0.01095752383193149j),422.36621070412815
529,529,10.05289375,0.0037782362844912,(-0.039431108346645156-0.034164416034585j),423.1661467092496,(-0.039431108346648265-0.03416441603458528j),423.1661467092496
530,530,10.05299375,0.0046342734485972,(-0.06293595442814026+0.04050442904316625j),423.9660827143711,(-0.0629359544281415+0.04050442904316198j),423.96608271437105
531,531,10.05309375,0.0046586199528055,(0.006826788305492281+0.1464662876534605j),424.7660187194925,(0.006826788305490793+0.14646628765345768j),424.7660187194925
532,532,10.05319375,0.0042988386970164,(0.01605068772324556+0.03228624735416439j),425.565954724614,(0.016050687723242366+0.03228624735416342j),425.56595472461396
533,533,10.05329375,0.0042483921989898,(-0.005584036307962562-0.03527241254226029j),426.3658907297354,(-0.005584036307961376-0.0352724125422612j),426.3658907297354
534,534,10.05339375,0.0045560943868376,(0.008030134354731213-0.0316620902807099j),427.16582673485686,(0.0080301343547289-0.03166209028071474j),427.16582673485686
535,535,10.05349375,0.0045473129486222,(-0.01005213639878096-0.01821904190276158j),427.9657627399783,(-0.010052136398778846-0.018219041902765284j),427.9657627399783
536,536,10.05359375,0.0048904608644879,(-0.05602659329781269+0.09498960916419781j),428.76569874509977,(-0.05602659329781387+0.09498960916420059j),428.76569874509977
537,537,10.05369375,0.0039384579910751,(-0.08633282753610913-0.0487648069392318j),429.5656347502213,(-0.08633282753610462-0.04876480693922983j),429.56563475022125
538,538,10.05379375,0.0040330389824666,(-0.03074712556608307-0.01745166950897978j),430.3655707553427,(-0.030747125566082667-0.017451669508980576j),430.3655707553427
539,539,10.05389375,0.004587733146986,(-0.01027010742507489-0.03419838269744003j),431.16550676046415,(-0.010270107425076282-0.034198382697441514j),431.16550676046415
540,540,10.05399375,0.0057078109996672,(0.07648324107288015+0.040675189436515484j),431.9654427655856,(0.07648324107288273+0.04067518943651636j),431.9654427655856
541,541,10.05409375,0.0065886532636192,(0.0009659258255990087+0.05127185478708432j),432.7653787707071,(0.0009659258255970415+0.05127185478708655j),432.76537877070706
542,542,10.05419375,0.0076809330481811,(-0.0830822669793022-0.13079461584084248j),433.5653147758285,(-0.08308226697930526-0.13079461584084123j),433.5653147758285
543,543,10.05429375,0.0093624850073851,(0.010301065247262486+0.007330828080679844j),434.36525078095,(0.010301065247263359+0.007330828080678047j),434.36525078094996
544,544,10.05439375,0.0087341739593208,(0.006235898619700496-0.03764233538419787j),435.1651867860714,(0.0062358986196987855-0.03764233538419448j),435.1651867860714
545,545,10.05449375,0.0083478856815176,(0.0499939460612682-0.08215742505039915j),435.96512279119287,(0.049993946061269987-0.08215742505040131j),435.96512279119287
546,546,10.05459375,0.0077134531364789,(-0.008767250772653879-0.059487928437232204j),436.7650587963143,(-0.008767250772655794-0.05948792843723282j),436.7650587963143
547,547,10.05469375,0.0065402481807687,(0.0683398831939835+0.0394662277968657j),437.5649948014358,(0.06833988319398517+0.03946622779687014j),437.5649948014358
548,548,10.05479375,0.0059383339030634,(-0.0730383324150419+0.07411371233458278j),438.36493080655725,(-0.07303833241504339+0.07411371233458065j),438.36493080655725
549,549,10.05489375,0.0050810217416492,(-0.0751745630435441+0.05298346832432557j),439.1648668116787,(-0.07517456304354364+0.05298346832432615j),439.1648668116787
550,550,10.05499375,0.0053598871864338,(-0.12824246888223373+0.15668344169893128j),439.96480281680016,(-0.12824246888223062+0.1566834416989305j),439.96480281680016
551,551,10.05509375,0.0060893679669471,(0.07675348552746408-0.03407316574993495j),440.7647388219216,(0.07675348552746727-0.03407316574993631j),440.7647388219216
552,552,10.05519375,0.0064629817055247,(-0.054720774220951375-0.11641023609264514j),441.5646748270431,(-0.054720774220951195-0.11641023609264511j),441.56467482704306
553,553,10.05529375,0.007239682083971,(0.024918787005095516-0.003605810437976375j),442.3646108321645,(0.024918787005096334-0.0036058104379770983j),442.3646108321645
554,554,10.05539375,0.0078002339372003,(-0.06214329294178214+0.031163372580553926j),443.164546837286,(-0.06214329294178551+0.031163372580551095j),443.16454683728597
555,555,10.05549375,0.0083706299122727,(0.009187204153575036+0.029283026463158553j),443.9644828424074,(0.009187204153577535+0.029283026463160503j),443.9644828424074
556,556,10.05559375,0.0087377296775161,(0.08027200665448248-0.040590412961192826j),444.7644188475289,(0.08027200665448243-0.04059041296118837j),444.7644188475289
557,557,10.05569375,0.0094753373386927,(-0.002414689904800961-0.09537977003807145j),445.5643548526503,(-0.0024146899048023626-0.09537977003807198j),445.5643548526503
558,558,10.05579375,0.0092151062863417,(0.02426186194553679-0.03168384998502512j),446.3642908577718,(0.024261861945538997-0.031683849985020565j),446.3642908577718
559,559,10.05589375,0.0086322990370453,(-0.022774321527862393-0.04315789745808133j),447.16422686289326,(-0.022774321527861678-0.04315789745807798j),447.16422686289326
560,560,10.05599375,0.0071464367723399,(-0.12128862816238757+0.027522359869595905j),447.9641628680147,(-0.12128862816238886+0.027522359869597238j),447.9641628680147
561,561,10.05609375,0.0066015416692904,(-0.09561201198564412+0.06924266437788765j),448.76409887313616,(-0.09561201198564284+0.06924266437788758j),448.76409887313616
562,562,10.05619375,0.0053528494172262,(-0.12594957757924724-0.008296049056993889j),449.5640348782576,(-0.1259495775792505-0.008296049056995408j),449.5640348782576
563,563,10.05629375,0.0053493573168531,(-0.0030229774009113766+0.028670134476234878j),450.3639708833791,(-0.0030229774009106723+0.028670134476234874j),450.36397088337907
564,564,10.05639375,0.0061100173426167,(-0.040897112074618415-0.01673255242121937j),451.1639068885005,(-0.040897112074616916-0.016732552421227072j),451.1639068885005
565,565,10.05649375,0.0066044697233829,(-0.10812367487965435+0.04756567948615811j),451.963842893622,(-0.10812367487965922+0.0475656794861565j),451.963842893622
566,566,10.05659375,0.0079229233207926,(-0.055212154731397615-0.004812390126974455j),452.7637788987434,(-0.05521215473139937-0.004812390126972904j),452.7637788987434
567,567,10.05669375,0.0078048169264428,(-0.0889467714671337+0.01207860490571263j),453.5637149038649,(-0.08894677146713578+0.012078604905709174j),453.5637149038649
568,568,10.05679375,0.0092590468097943,(-0.10497806117476619+0.08714912027574312j),454.3636509089863,(-0.10497806117476427+0.08714912027574043j),454.3636509089863
569,569,10.05689375,0.0088683266529323,(-0.09615533992726258-0.20886483731763064j),455.1635869141078,(-0.09615533992726544-0.20886483731762848j),455.1635869141078
570,570,10.05699375,0.0086687735757505,(0.08564958636595588+0.08891102009664889j),455.9635229192292,(0.08564958636595156+0.08891102009664721j),455.9635229192292
571,571,10.05709375,0.0080717586023543,(0.06669415776853851+0.053857316138193j),456.7634589243507,(0.06669415776853568+0.05385731613819027j),456.7634589243507
572,572,10.05719375,0.0067429278132007,(0.014662366835441754+0.025834415508648j),457.56339492947217,(0.01466236683544452+0.02583441550864661j),457.56339492947217
573,573,10.05729375,0.0069708341401062,(-0.08989113947269912+0.09535278655913333j),458.3633309345936,(-0.0898911394726974+0.09535278655913472j),458.3633309345936
574,574,10.05739375,0.0060594218255191,(-0.0951214295417601-0.0010491595378218574j),459.1632669397151,(-0.09512142954175888-0.0010491595378186586j),459.1632669397151
575,575,10.05749375,0.0063542590792358,(-0.02142191976441885-0.01436786225833243j),459.9632029448365,(-0.02142191976441864-0.01436786225832842j),459.9632029448365
576,576,10.05759375,0.0063725729355806,(-0.004396412655859984-0.06254504328986951j),460.763138949958,(-0.0043964126558613155-0.06254504328987041j),460.763138949958
577,577,10.05769375,0.0057872698097361,(-0.08435855574233142-0.06458909610746645j),461.5630749550794,(-0.08435855574233442-0.06458909610746856j),461.5630749550794
578,578,10.05779375,0.0057164146155493,(0.0037417634504744203-0.03906731909627073j),462.3630109602009,(0.0037417634504775706-0.03906731909627341j),462.3630109602009
579,579,10.05789375,0.0054873881733973,(-0.009647358654636486+0.007433826255091772j),463.1629469653223,(-0.009647358654638193+0.007433826255090783j),463.1629469653223
580,580,10.05799375,0.0052521827365851,(-0.0333007412843458-0.01145932101517236j),463.9628829704438,(-0.033300741284345556-0.011459321015169515j),463.9628829704438
581,581,10.05809375,0.0053722544000235,(0.10700762776041645-0.06310414020422124j),464.7628189755652,(0.10700762776041275-0.06310414020421433j),464.7628189755652
582,582,10.05819375,0.0057619696655092,(0.0032628616541584693-0.048194824484066534j),465.5627549806867,(0.0032628616541576817-0.04819482448406535j),465.5627549806867
583,583,10.05829375,0.0065332234903929,(0.01765961922052369-0.01536101882322161j),466.3626909858082,(0.017659619220522203-0.015361018823226397j),466.3626909858082
584,584,10.05839375,0.0069674705357195,(0.10186845464421994+0.005325360730536938j),467.1626269909296,(0.10186845464421837+0.005325360730535973j),467.1626269909296
585,585,10.05849375,0.006647108903231,(-0.015171962343957032+0.06222883814091246j),467.9625629960511,(-0.015171962343956963+0.06222883814091135j),467.9625629960511
586,586,10.05859375,0.0053371780196957,(-0.08369735744290832-0.07710701400619341j),468.7624990011725,(-0.08369735744290689-0.077107014006193j),468.7624990011725
587,587,10.05869375,0.0048152594981645,(0.03593253803398942-0.06646951625464881j),469.562435006294,(0.03593253803398834-0.06646951625464692j),469.562435006294
588,588,10.05879375,0.0038295961636179,(-0.08576370177854868+0.09874851042787829j),470.3623710114154,(-0.08576370177854635+0.09874851042787847j),470.3623710114154
589,589,10.05889375,0.0036115373183967,(0.04997277713886232+0.06245394287596422j),471.1623070165369,(0.04997277713886705+0.06245394287596418j),471.1623070165369
590,590,10.05899375,0.0029645954351746,(0.051690128539383304-0.006636991174589244j),471.9622430216583,(0.05169012853938601-0.006636991174590066j),471.9622430216583
591,591,10.05909375,0.0026663594000379,(-0.04818670807451079-0.17772426676526032j),472.7621790267798,(-0.04818670807451432-0.17772426676526143j),472.7621790267798
592,592,10.05919375,0.0045401006676381,(0.0032783540570130304+0.1052697767255708j),473.5621150319012,(0.0032783540570114882+0.10526977672557215j),473.5621150319012
593,593,10.05929375,0.0029988737725852,(0.01738112359490845-0.0029759145683526736j),474.3620510370227,(0.01738112359491283-0.002975914568354587j),474.3620510370227
594,594,10.05939375,0.0025077853217318,(0.00022355360033433913-0.1592427152969304j),475.1619870421442,(0.0002235536003351163-0.1592427152969302j),475.1619870421442
595,595,10.05949375,0.0024568259243022,(0.014058773454594773+0.00838389824123928j),475.9619230472656,(0.014058773454600678+0.008383898241240136j),475.9619230472656
596,596,10.05959375,0.0025383747673616,(-0.033612085180781945+0.04268300043757662j),476.7618590523871,(-0.033612085180778246+0.042683000437574836j),476.7618590523871
597,597,10.05969375,0.0036424670089599,(-0.1115089854996355-0.03549462713035306j),477.5617950575085,(-0.11150898549963295-0.035494627130357635j),477.5617950575085
598,598,10.05979375,0.003823474010186,(0.09385223138036013-0.126703865892002j),478.36173106263,(0.09385223138035906-0.12670386589200103j),478.36173106263
599,599,10.05989375,0.003502410567107,(-0.10723224711695353-0.1985375702435228j),479.1616670677514,(-0.1072322471169545-0.19853757024352636j),479.1616670677514
600,600,10.05999375,0.0027740364907451,(-0.20217702534829374-0.7214887410750959j),479.9616030728729,(-0.20217702534829496-0.7214887410750916j),479.9616030728729
601,601,10.06009375,0.0044566213894095,(0.197780860592399+0.2549457115087241j),480.7615390779943,(0.19778086059239663+0.2549457115087272j),480.7615390779943
602,602,10.06019375,0.0050564024290737,(0.05392558397256039+0.02821147503284639j),481.5614750831158,(0.05392558397255804+0.028211475032844994j),481.5614750831158
603,603,10.06029375,0.0023831558022633,(0.12557421069190222+0.16367040504366887j),482.3614110882372,(0.12557421069190106+0.16367040504367109j),482.3614110882372
604,604,10.06039375,0.0011216592658263,(0.0226918714433161+0.026932751194782566j),483.1613470933587,(0.022691871443314526+0.026932751194782226j),483.1613470933587
605,605,10.06049375,0.0007398116834582,(-0.15977349435394603-0.03141512700153668j),483.9612830984801,(-0.15977349435394705-0.0314151270015388j),483.9612830984801
606,606,10.06059375,0.0018132450950327,(-0.08056706860188347+0.012073035611290618j),484.7612191036016,(-0.08056706860188086+0.012073035611291003j),484.7612191036016
607,607,10.06069375,0.0015914265610743,(0.006314037701546421+0.06939624279404158j),485.5611551087231,(0.006314037701549744+0.06939624279404362j),485.5611551087231
608,608,10.06079375,0.0014157390530993,(-0.10309679877308704-0.07676770044001328j),486.3610911138445,(-0.10309679877308733-0.076767700440014j),486.3610911138445
609,609,10.06089375,0.0019828124178505,(0.18618747697315752-0.06406841885996906j),487.161027118966,(0.1861874769731578-0.06406841885996573j),487.161027118966
610,610,10.06099375,0.0035846684241602,(0.05939388561624735-0.14400104314226092j),487.9609631240874,(0.059393885616248636-0.14400104314225956j),487.9609631240874
611,611,10.06109375,0.006206349122222,(-0.08061505866496976-0.08714587659892509j),488.7608991292089,(-0.08061505866497166-0.08714587659892786j),488.7608991292089
612,612,10.06119375,0.0061697077523372,(-0.02449652286519622-0.01550108435336918j),489.5608351343303,(-0.02449652286519361-0.015501084353368407j),489.5608351343303
613,613,10.06129375,0.0055320706180937,(0.20585866462144778+0.041131703922035946j),490.3607711394518,(0.2058586646214487+0.041131703922039436j),490.3607711394518
614,614,10.06139375,0.0053067726745989,(0.14018989807605278+0.07624216760266472j),491.1607071445732,(0.1401898980760546+0.07624216760266209j),491.1607071445732
615,615,10.06149375,0.0050557363588926,(-0.11353967494296485+0.04329105107159966j),491.9606431496947,(-0.11353967494296574+0.04329105107160197j),491.9606431496947
616,616,10.06159375,0.0056751142560122,(-0.027443978143220235+0.03444643566024636j),492.7605791548161,(-0.02744397814322061+0.034446435660244634j),492.7605791548161
617,617,10.06169375,0.0053776337406398,(0.06340907527390735-0.045881827035014144j),493.5605151599376,(0.06340907527390563-0.04588182703501879j),493.5605151599376
618,618,10.06179375,0.0033631382282885,(-0.040508974314480764+0.07401525016832512j),494.3604511650591,(-0.040508974314482846+0.07401525016832662j),494.3604511650591
619,619,10.06189375,0.0025165349375263,(0.025327479858760542+0.11013026366490004j),495.1603871701805,(0.025327479858759643+0.1101302636649034j),495.1603871701805
620,620,10.06199375,0.0028644994735653,(0.014006671171812805-0.11737136406139276j),495.960323175302,(0.014006671171811078-0.11737136406139359j),495.960323175302
621,621,10.06209375,0.0045206124423393,(0.07174971350392845+0.09244030830053908j),496.7602591804234,(0.07174971350393193+0.09244030830054323j),496.7602591804234
622,622,10.06219375,0.0039140728995304,(-0.02423298719086757-0.0024007636934067758j),497.5601951855449,(-0.024232987190870484-0.002400763693404438j),497.5601951855449
623,623,10.06229375,0.0054019307739803,(-0.04014866975532863+0.033788240832289734j),498.3601311906663,(-0.040148669755326036+0.033788240832291115j),498.3601311906663
624,624,10.06239375,0.0061138874511485,(-0.06376055628152358+0.07900693175932194j),499.1600671957878,(-0.06376055628152323+0.07900693175931554j),499.1600671957878
625,625,10.06249375,0.0077297737926659,(-0.11374210864622808+0.043691360945218145j),499.9600032009092,(-0.11374210864622403+0.04369136094521594j),499.9600032009092
626,626,10.06259375,0.0091437669160724,(0.19439421095886147+0.09057461541784177j),500.7599392060307,(0.19439421095886192+0.09057461541784345j),500.7599392060307
627,627,10.06269375,0.0089736779472183,(-0.06072888369638492-0.09524662821969027j),501.5598752111521,(-0.06072888369638302-0.09524662821968867j),501.55987521115213
628,628,10.06279375,0.0087705437277637,(-0.00718980107155464-0.14070347608005868j),502.3598112162736,(-0.007189801071551883-0.14070347608005948j),502.3598112162736
629,629,10.06289375,0.0071288666352942,(0.009293322358422937-0.08142334395070218j),503.1597472213951,(0.009293322358425074-0.08142334395070563j),503.1597472213951
630,630,10.06299375,0.007133130825222,(-0.05367443131468206-0.06336375346110992j),503.9596832265165,(-0.053674431314685855-0.06336375346110562j),503.9596832265165
631,631,10.06309375,0.0058720737376933,(-0.05840390156341715-0.027567252739770596j),504.759619231638,(-0.05840390156341842-0.027567252739770752j),504.759619231638
632,632,10.06319375,0.0057382232819788,(-0.006911606890777234-0.005025959461847017j),505.5595552367594,(-0.006911606890772996-0.005025959461848504j),505.5595552367594
633,633,10.06329375,0.0054852683033525,(-0.00014235478539274772-0.0165587553430139j),506.3594912418809,(-0.0001423547853925196-0.01655875534301637j),506.3594912418809
634,634,10.06339375,0.0059352034241907,(-0.005502034534394892+0.09687499299431016j),507.1594272470023,(-0.005502034534392776+0.09687499299431344j),507.1594272470023
635,635,10.06349375,0.0059127896649528,(0.030801391998722984-0.09258539868458174j),507.9593632521238,(0.030801391998721558-0.09258539868458429j),507.9593632521238
636,636,10.06359375,0.0063796658934795,(-0.151757970648098+0.03040233598651991j),508.7592992572452,(-0.15175797064809646+0.03040233598652027j),508.75929925724523
637,637,10.06369375,0.00790299051444,(0.009818120986681122-0.0032932468305771814j),509.5592352623667,(0.009818120986679283-0.003293246830577728j),509.5592352623667
638,638,10.06379375,0.0086120862651915,(-0.039524665971734846-0.05633530326181201j),510.35917126748814,(-0.03952466597173318-0.05633530326181113j),510.35917126748814
639,639,10.06389375,0.0088579763314037,(-0.06272493120942833+0.06863730856403108j),511.1591072726096,(-0.06272493120943003+0.06863730856402973j),511.1591072726096
640,640,10.06399375,0.0088638141738759,(0.028905595469850595+0.03851722902704938j),511.9590432777311,(0.028905595469850533+0.038517229027052124j),511.9590432777311
641,641,10.06409375,0.0087494092864012,(-0.021719760494756386-0.008211982914661357j),512.7589792828526,(-0.021719760494753774-0.008211982914661787j),512.7589792828526
642,642,10.06419375,0.0090620117859563,(-0.03727662848539769-0.03979276629073611j),513.558915287974,(-0.037276628485393426-0.039792766290731876j),513.558915287974
643,643,10.06429375,0.0079173630226461,(-0.08412918381165507-0.07121046114373172j),514.3588512930954,(-0.08412918381165782-0.07121046114372881j),514.3588512930954
644,644,10.06439375,0.0077056503160292,(-0.11956458948986884-0.05350726104723113j),515.1587872982169,(-0.11956458948986798-0.05350726104723141j),515.1587872982169
645,645,10.06449375,0.0077505273203522,(-0.01386390781171222+0.04577182938983503j),515.9587233033384,(-0.013863907811712256+0.04577182938983358j),515.9587233033384
646,646,10.06459375,0.0060442377534826,(0.07689211792770455+0.18709425939773502j),516.7586593084598,(0.07689211792770773+0.1870942593977325j),516.7586593084598
647,647,10.06469375,0.0061592830467666,(-0.055421812025657276+0.10920819874301427j),517.5585953135812,(-0.05542181202566084+0.10920819874301521j),517.5585953135812
648,648,10.06479375,0.0041776333836672,(-0.05078538661713632-0.00032637937468570945j),518.3585313187027,(-0.05078538661713546-0.00032637937468440147j),518.3585313187027
649,649,10.06489375,0.007390646346125,(0.0324929992541739-0.01601010457613809j),519.1584673238242,(0.03249299925417439-0.01601010457613697j),519.1584673238242
650,650,10.06499375,0.0062115684671671,(0.07908147239235809+0.020917113468701228j),519.9584033289456,(0.0790814723923592+0.02091711346870314j),519.9584033289456
651,651,10.06509375,0.0071568113824482,(0.03269462852731848-0.027247688309381984j),520.758339334067,(0.03269462852732291-0.027247688309374227j),520.758339334067
652,652,10.06519375,0.0070857823394987,(0.020898151517026165+0.03584501498899415j),521.5582753391885,(0.020898151517028236+0.035845014988992806j),521.5582753391885
653,653,10.06529375,0.0081042413072701,(-0.06480909851816358-0.08776377880349753j),522.35821134431,(-0.06480909851816431-0.08776377880349723j),522.35821134431
654,654,10.06539375,0.0097240354300835,(-0.0001978455775712355-0.004452955368199817j),523.1581473494315,(-0.0001978455775707524-0.0044529553681957705j),523.1581473494315
655,655,10.06549375,0.0102204592053712,(0.0613120284479066+0.03073425383340067j),523.9580833545529,(0.06131202844790457+0.03073425383340261j),523.9580833545529
656,656,10.06559375,0.0104981097579329,(0.00028714188106886834+0.06915699733672837j),524.7580193596743,(0.0002871418810698363+0.06915699733672749j),524.7580193596743
657,657,10.06569375,0.0073360411295,(-0.0034611739315932163-0.028598199844864152j),525.5579553647958,(-0.003461173931595551-0.028598199844862796j),525.5579553647958
658,658,10.06579375,0.0070741709006318,(-0.09432910188123395+0.03185544623820641j),526.3578913699173,(-0.09432910188123864+0.031855446238206964j),526.3578913699173
659,659,10.06589375,0.0069504442374289,(-0.1042892674764643+0.16788391027886862j),527.1578273750387,(-0.10428926747646704+0.1678839102788678j),527.1578273750387
660,660,10.06599375,0.0053865934772999,(-0.020900133074665452-0.030514003270524205j),527.9577633801601,(-0.020900133074666406-0.03051400327052206j),527.9577633801601
661,661,10.06609375,0.0025777488365744,(-0.04364037940798927+0.06105796803596015j),528.7576993852816,(-0.0436403794079899+0.061057968035960065j),528.7576993852816
662,662,10.06619375,0.0038948756972186,(-0.008404548543025369+0.010796097162846048j),529.5576353904031,(-0.008404548543023804+0.010796097162846041j),529.5576353904031
663,663,10.06629375,0.0029370730693256,(0.06911368753611194-0.0613352729847111j),530.3575713955245,(0.0691136875361069-0.06133527298471238j),530.3575713955245
664,664,10.06639375,0.0040397145163376,(-0.06513734675252247-0.10651207061507299j),531.157507400646,(-0.065137346752524-0.10651207061507584j),531.157507400646
665,665,10.06649375,0.0061973877053878,(-0.047891496351076875-0.09540064157091147j),531.9574434057674,(-0.04789149635107573-0.09540064157091639j),531.9574434057674
666,666,10.06659375,0.0065793184621558,(-0.12164410812061-0.11150892883224553j),532.7573794108889,(-0.1216441081206111-0.11150892883224864j),532.7573794108889
667,667,10.06669375,0.0069938230623178,(-0.07030849878286867-0.044001334690879725j),533.5573154160104,(-0.07030849878286716-0.04400133469087993j),533.5573154160104
668,668,10.06679375,0.0079334415184559,(0.0526773486597236+0.008590186765701918j),534.3572514211318,(0.05267734865972529+0.00859018676570309j),534.3572514211318
669,669,10.06689375,0.0074253378888599,(-0.05510093193321114+0.06441677676892425j),535.1571874262532,(-0.055100931933210535+0.0644167767689234j),535.1571874262532
670,670,10.06699375,0.0056603979743285,(-0.05867578637711209+0.025973424318794694j),535.9571234313747,(-0.05867578637710807+0.02597342431879705j),535.9571234313747
671,671,10.06709375,0.0033877812590463,(-0.09541023427251967-0.07733777531995328j),536.7570594364962,(-0.09541023427251706-0.07733777531995047j),536.7570594364962
672,672,10.06719375,0.0025835968539338,(-0.05138761020101934-0.03691171447227959j),537.5569954416176,(-0.05138761020101714-0.03691171447228179j),537.5569954416176
673,673,10.06729375,0.0014705572680737,(0.05739915093098113+0.05396578934659213j),538.356931446739,(0.057399150930977326+0.05396578934659389j),538.356931446739
674,674,10.06739375,0.0028697954397914,(-0.002022386068090744+0.029002057843397166j),539.1568674518605,(-0.0020223860680913495+0.029002057843399036j),539.1568674518605
675,675,10.06749375,0.0023982576978355,(-0.03967622682106147+0.03690063973687681j),539.956803456982,(-0.039676226821061734+0.036900639736881j),539.956803456982
676,676,10.06759375,0.0029502265809078,(-0.04147273002338316+0.04536512017756761j),540.7567394621035,(-0.04147273002338537+0.04536512017756797j),540.7567394621035
677,677,10.06769375,0.0041847476333667,(-0.05450412945934166+0.0020840484652073117j),541.5566754672249,(-0.05450412945934162+0.0020840484652019584j),541.5566754672249
678,678,10.06779375,0.0045978002194444,(-0.008951210456703657+0.010992259774590526j),542.3566114723463,(-0.008951210456703003+0.010992259774591878j),542.3566114723463
679,679,10.06789375,0.0040143550537867,(-0.00829320357636245+0.041493014911491745j),543.1565474774678,(-0.008293203576362686+0.04149301491149139j),543.1565474774678
680,680,10.06799375,0.0037763578402933,(0.0754736675229644-0.06463266402873777j),543.9564834825893,(0.07547366752296565-0.06463266402873895j),543.9564834825893
681,681,10.06809375,0.0041331298265195,(-0.026159976193281143+0.05221859083157036j),544.7564194877107,(-0.026159976193280705+0.052218590831571834j),544.7564194877107
682,682,10.06819375,0.0040386579641781,(-0.01110536071070183-0.009596890467027518j),545.5563554928322,(-0.011105360710701685-0.009596890467026956j),545.5563554928322
683,683,10.06829375,0.0030867774862787,(-0.08770828538589712-0.00528629990745217j),546.3562914979536,(-0.0877082853858977-0.005286299907459185j),546.3562914979536
684,684,10.06839375,0.0037803623770955,(-0.008955583044553938+0.07224112916771065j),547.1562275030751,(-0.008955583044552256+0.07224112916771144j),547.1562275030751
685,685,10.06849375,0.0017729535795676,(-0.08224322510710429-0.011150266300065607j),547.9561635081965,(-0.08224322510710551-0.011150266300065876j),547.9561635081965
686,686,10.06859375,0.001506758780777,(0.01877126103169277-0.08997553955254106j),548.756099513318,(0.018771261031693097-0.08997553955254353j),548.756099513318
687,687,10.06869375,0.0014188283179672,(-0.043853024338164355+0.07951649791747345j),549.5560355184394,(-0.04385302433816751+0.07951649791747485j),549.5560355184394
688,688,10.06879375,0.0022115292404373,(0.062125542295161804+0.01661929850366152j),550.3559715235609,(0.0621255422951615+0.016619298503661645j),550.3559715235609
689,689,10.06889375,0.0030589856611791,(-0.07599847369791726+0.01128845968745035j),551.1559075286824,(-0.07599847369791489+0.011288459687456958j),551.1559075286824
690,690,10.06899375,0.0036103178732119,(0.011392829741390411-0.019428310070192814j),551.9558435338038,(0.01139282974139139-0.019428310070192703j),551.9558435338038
691,691,10.06909375,0.0042532778041786,(0.018746337852682357-0.05395360437037121j),552.7557795389253,(0.018746337852681073-0.05395360437036961j),552.7557795389253
692,692,10.06919375,0.0041644038952749,(-0.022293988158181732+0.05108475894552726j),553.5557155440467,(-0.022293988158180227+0.05108475894552706j),553.5557155440467
693,693,10.06929375,0.0041651615248774,(-0.07124724367650885-0.02544206620138062j),554.3556515491682,(-0.07124724367650798-0.025442066201379284j),554.3556515491682
694,694,10.06939375,0.0039784659758341,(-0.0399616610462711-0.11787711666280166j),555.1555875542896,(-0.03996166104627128-0.11787711666280021j),555.1555875542896
695,695,10.06949375,0.0038445059258538,(-0.09077981832032127-0.06486435908238694j),555.9555235594111,(-0.09077981832032153-0.0648643590823865j),555.9555235594111
696,696,10.06959375,0.0037219149469446,(-0.07702345624033964+0.018245328085276763j),556.7554595645325,(-0.07702345624033494+0.018245328085276576j),556.7554595645325
697,697,10.06969375,0.0027404169891676,(0.002575740826787371-0.04242478335387026j),557.555395569654,(0.002575740826787517-0.04242478335387216j),557.555395569654
698,698,10.06979375,0.0031576199753898,(-0.0007616841239937954+0.007875054226580684j),558.3553315747754,(-0.0007616841239945839+0.007875054226584502j),558.3553315747754
699,699,10.06989375,0.0042579446582647,(0.11472743078727231+0.02157057574706799j),559.1552675798969,(0.11472743078727382+0.021570575747066736j),559.1552675798969
700,700,10.06999375,0.0042947911733496,(-0.005837694392972107+0.046281152267257195j),559.9552035850184,(-0.005837694392971986+0.04628115226725516j),559.9552035850184
701,701,10.07009375,0.0041595054814472,(-0.0928441587928871+0.035548393068641555j),560.7551395901398,(-0.09284415879289094+0.035548393068642256j),560.7551395901398
702,702,10.07019375,0.0047366247630705,(-0.0189270151404964-0.01704639389754399j),561.5550755952613,(-0.01892701514049686-0.017046393897546103j),561.5550755952613
703,703,10.07029375,0.007250607242869,(-0.06747629415100923+0.028390331590525085j),562.3550116003827,(-0.06747629415101153+0.028390331590523076j),562.3550116003827
704,704,10.07039375,0.0057880182953917,(-0.097903158800421-0.04794797538607847j),563.1549476055042,(-0.09790315880042198-0.047947975386079145j),563.1549476055042
705,705,10.07049375,0.0052911035663314,(-0.053936487299200433-0.02236119065565366j),563.9548836106256,(-0.05393648729919948-0.02236119065565236j),563.9548836106256
706,706,10.07059375,0.0051301103164652,(0.023297716093086663+0.015462419705525532j),564.7548196157471,(0.023297716093086496+0.015462419705527218j),564.7548196157471
707,707,10.07069375,0.0061521797842999,(-0.007742085458294093+0.0969995699301208j),565.5547556208685,(-0.00774208545829271+0.09699956993012317j),565.5547556208685
708,708,10.07079375,0.0060608562572761,(-0.030452829728343185+0.03120389446380338j),566.35469162599,(-0.03045282972834105+0.031203894463804685j),566.35469162599
709,709,10.07089375,0.0058949321809759,(0.03624425590293408+0.005521190573206115j),567.1546276311115,(0.036244255902935264+0.00552119057320982j),567.1546276311115
710,710,10.07099375,0.0055625334351611,(-0.05799412489306547+0.04636006839529852j),567.9545636362329,(-0.05799412489307014+0.0463600683953012j),567.9545636362329
711,711,10.07109375,0.0064027907141598,(-0.017396223477252316-0.1448954972091193j),568.7544996413544,(-0.017396223477250294-0.1448954972091204j),568.7544996413544
712,712,10.07119375,0.0066995528234208,(0.013491157041037349-0.042668594366295005j),569.5544356464758,(0.013491157041037398-0.042668594366296116j),569.5544356464758
713,713,10.07129375,0.0058995424270395,(0.03290589512771825+0.0005737654266900084j),570.3543716515973,(0.03290589512772316+0.0005737654266944388j),570.3543716515973
714,714,10.07139375,0.0054580454325823,(-0.041056441531955964-0.023326001108269576j),571.1543076567187,(-0.041056441531957436-0.02332600110826885j),571.1543076567187
715,715,10.07149375,0.0072112336545294,(-0.023575673887102792-0.13046215245315534j),571.9542436618402,(-0.02357567388710321-0.13046215245315979j),571.9542436618402
716,716,10.07159375,0.0072380718579439,(0.04229689687187364+0.03968078898639333j),572.7541796669616,(0.04229689687187439+0.039680788986398166j),572.7541796669616
717,717,10.07169375,0.0082814197012885,(-0.05892840868173997-0.046507075919533195j),573.5541156720831,(-0.05892840868173997-0.0465070759195365j),573.5541156720831
718,718,10.07179375,0.0094847333490049,(-0.09791065105992058-0.08420562862941133j),574.3540516772046,(-0.09791065105991956-0.08420562862941045j),574.3540516772046
719,719,10.07189375,0.0098907747707104,(0.11843764570605819-0.11437774978720083j),575.153987682326,(0.11843764570606378-0.11437774978720262j),575.153987682326
720,720,10.07199375,0.0084939680573903,(-0.10252553569985408-0.025574212597379367j),575.9539236874474,(-0.10252553569985605-0.025574212597380554j),575.9539236874474
721,721,10.07209375,0.0076239526251355,(0.07093052432032214+0.03212971601916606j),576.7538596925689,(0.0709305243203233+0.03212971601916109j),576.7538596925689
722,722,10.07219375,0.0077959934796083,(-0.022999853016614624+0.07126515620856594j),577.5537956976904,(-0.022999853016617198+0.07126515620856401j),577.5537956976904
723,723,10.07229375,0.0084256882817468,(-0.06692535299214862+0.0834447719055522j),578.3537317028118,(-0.0669253529921495+0.08344477190555163j),578.3537317028118
724,724,10.07239375,0.0069447560632113,(-0.08901376131655192+0.03440601420446798j),579.1536677079333,(-0.08901376131654998+0.03440601420447041j),579.1536677079333
725,725,10.07249375,0.0056589011916754,(0.029663722796252852-0.04239175739580704j),579.9536037130547,(0.029663722796254628-0.042391757395807354j),579.9536037130547
726,726,10.07259375,0.0056544357041281,(0.015423455942646937+0.027843521052624765j),580.7535397181762,(0.015423455942647452+0.02784352105262733j),580.7535397181762
727,727,10.07269375,0.0075312743483343,(-0.06123242610401944+0.08221298655876573j),581.5534757232977,(-0.061232426104021236+0.08221298655876963j),581.5534757232977
728,728,10.07279375,0.007692518767947,(-0.11553566928613054+0.03226593781238516j),582.3534117284191,(-0.11553566928613315+0.03226593781238698j),582.3534117284191
729,729,10.07289375,0.0085347698327912,(0.03357043258237593+0.04433952446616145j),583.1533477335405,(0.0335704325823758+0.04433952446616273j),583.1533477335405
730,730,10.07299375,0.0079764150645013,(0.0010749008604468762-0.014213289423708043j),583.953283738662,(0.0010749008604531568-0.01421328942370712j),583.953283738662
731,731,10.07309375,0.0086354578046435,(-0.1573629373661411+0.049792813458181144j),584.7532197437835,(-0.15736293736613965+0.0497928134581864j),584.7532197437835
732,732,10.07319375,0.0081362026601244,(-0.12106463010790246-0.10176896861269424j),585.5531557489049,(-0.12106463010790018-0.1017689686126888j),585.5531557489049
733,733,10.07329375,0.008261369773442,(-0.019917961191342433+0.05254006294171997j),586.3530917540263,(-0.019917961191341493+0.05254006294171789j),586.3530917540263
734,734,10.07339375,0.0081172670917213,(-0.1465056472746131-0.046057917653676325j),587.1530277591478,(-0.14650564727461102-0.046057917653673015j),587.1530277591478
735,735,10.07349375,0.0071425987404115,(-0.06617791692257388-0.17908003828070812j),587.9529637642693,(-0.06617791692257431-0.17908003828071142j),587.9529637642693
736,736,10.07359375,0.0066118448874311,(0.06546252016711085-0.08933750447313159j),588.7528997693908,(0.06546252016710936-0.08933750447313157j),588.7528997693908
737,737,10.07369375,0.0069642533542822,(0.09769936568463763-0.09186239904983694j),589.5528357745122,(0.0976993656846383-0.09186239904983591j),589.5528357745122
738,738,10.07379375,0.0069610252839,(0.03602945888948523+0.012387987364047417j),590.3527717796336,(0.036029458889488664+0.012387987364048596j),590.3527717796336
739,739,10.07389375,0.008621993512913,(0.03632988884928443-0.05284245933146285j),591.1527077847551,(0.03632988884928161-0.05284245933146359j),591.1527077847551
740,740,10.07399375,0.0071818824777913,(-0.11968544092212291+0.0178049500712762j),591.9526437898766,(-0.11968544092212621+0.01780495007127319j),591.9526437898766
741,741,10.07409375,0.007922318040741,(0.13643560628980195+0.02594161897570444j),592.752579794998,(0.1364356062897999+0.025941618975697606j),592.752579794998
742,742,10.07419375,0.0069270141030129,(0.044393939680654915+0.060765548362104814j),593.5525158001194,(0.044393939680654235+0.06076554836210595j),593.5525158001194
743,743,10.07429375,0.0068540581452924,(0.19571170555878897+0.15115391877160098j),594.3524518052409,(0.19571170555879003+0.15115391877159903j),594.3524518052409
744,744,10.07439375,0.005366808633417,(-0.014748506549695298+0.14555511671908447j),595.1523878103624,(-0.014748506549689858+0.14555511671908364j),595.1523878103624
745,745,10.07449375,0.004980325975488,(-0.15785071444655213+0.04138466541437202j),595.9523238154839,(-0.15785071444655155+0.0413846654143712j),595.9523238154839
746,746,10.07459375,0.0045761756740657,(-0.08841355082422825+0.054532599659729564j),596.7522598206053,(-0.08841355082422767+0.054532599659725456j),596.7522598206053
747,747,10.07469375,0.0059217491999719,(-0.032986484048827355-0.018877598049968955j),597.5521958257267,(-0.03298648404882619-0.018877598049969385j),597.5521958257267
748,748,10.07479375,0.0054203724384138,(-0.16181033090535532+0.006596641016197294j),598.3521318308482,(-0.16181033090535085+0.0065966410161961975j),598.3521318308482
749,749,10.07489375,0.005414658994271,(-0.1800557300072081-0.07499747186760555j),599.1520678359697,(-0.1800557300072106-0.07499747186760213j),599.1520678359697
750,750,10.07499375,0.0059158548092407,(-0.04574653420852932-0.04369010090491063j),599.9520038410911,(-0.04574653420852768-0.043690100904909525j),599.9520038410911
751,751,10.07509375,0.0058069616357679,(-0.07826883363361611+0.0414658490758689j),600.7519398462125,(-0.07826883363361617+0.041465849075866125j),600.7519398462125
752,752,10.07519375,0.0052289117394724,(-0.08458359100299345-0.01553459459201953j),601.551875851334,(-0.08458359100298901-0.015534594592019314j),601.551875851334
753,753,10.07529375,0.0045030832345703,(-0.06226172686213125+0.012614439537430699j),602.3518118564555,(-0.062261726862128816+0.012614439537432891j),602.3518118564555
754,754,10.07539375,0.0027596131754909,(0.01332832441821374-0.07400914821042566j),603.151747861577,(0.013328324418215704-0.0740091482104251j),603.151747861577
755,755,10.07549375,0.0016751598798375,(0.07937809644825654-0.021645748594875613j),603.9516838666983,(0.07937809644825955-0.02164574859487695j),603.9516838666983
756,756,10.07559375,0.0016827401136085,(0.07800764931623522-0.005191253212262749j),604.7516198718198,(0.07800764931623555-0.005191253212264095j),604.7516198718198
757,757,10.07569375,0.0034534522905671,(0.062227239231110607-0.10166805940101992j),605.5515558769413,(0.0622272392311109-0.10166805940101946j),605.5515558769413
758,758,10.07579375,0.0041011396128891,(-0.08159479159511039+0.12124820731674593j),606.3514918820628,(-0.08159479159510902+0.12124820731674932j),606.3514918820628
759,759,10.07589375,0.0040213817964177,(-0.11525749453757357-0.04533888566448163j),607.1514278871842,(-0.11525749453757353-0.04533888566448033j),607.1514278871842
760,760,10.07599375,0.003958297445053,(-0.13732576621231207-0.17153984374670145j),607.9513638923056,(-0.1373257662123117-0.17153984374670186j),607.9513638923056
761,761,10.07609375,0.0033693993212016,(0.22702082017015937+0.13328749214134752j),608.7512998974271,(0.2270208201701599+0.13328749214134789j),608.7512998974271
762,762,10.07619375,0.0053498913291272,(-0.09650691717248776+0.06362265084492615j),609.5512359025486,(-0.09650691717249052+0.06362265084492512j),609.5512359025486
763,763,10.07629375,0.0041057039095453,(-0.12815635736660289-0.01702677071133963j),610.35117190767,(-0.12815635736660386-0.017026770711339588j),610.35117190767
764,764,10.07639375,0.0029123727741931,(-0.02744834337415616-0.08203534926466179j),611.1511079127914,(-0.027448343374159512-0.08203534926465969j),611.1511079127914
765,765,10.07649375,0.0026002864785193,(0.3128569745850591-0.20837516154352037j),611.9510439179129,(0.3128569745850566-0.20837516154352242j),611.9510439179129
766,766,10.07659375,0.0025300214997522,(0.11145415263057021+0.04232130509201064j),612.7509799230344,(0.11145415263057253+0.04232130509200937j),612.7509799230344
767,767,10.07669375,0.0037591914483109,(-0.31451376819540905+0.03521744050978408j),613.5509159281559,(-0.3145137681954127+0.03521744050978341j),613.5509159281559
768,768,10.07679375,0.001831971300348,(-0.03586834584629331-0.039401289137912555j),614.3508519332772,(-0.03586834584629652-0.039401289137913936j),614.3508519332772
769,769,10.07689375,0.0021999532200472,(-0.08406693876941836+0.09180365275559678j),615.1507879383987,(-0.08406693876941534+0.09180365275559839j),615.1507879383987
770,770,10.07699375,0.002722851105785,(-0.018832490590888293+0.00068412408162898j),615.9507239435202,(-0.018832490590888373+0.0006841240816278515j),615.9507239435202
771,771,10.07709375,0.0027509606061339,(0.0280610571791672-0.1293553523999166j),616.7506599486417,(0.028061057179169912-0.1293553523999161j),616.7506599486417
772,772,10.07719375,0.0027546891360577,(0.05251285611117444+0.0021037022234103933j),617.5505959537631,(0.05251285611117298+0.0021037022234045404j),617.5505959537631
773,773,10.07729375,0.0022933910288461,(-0.12061755189537755-0.11671524793440699j),618.3505319588845,(-0.12061755189537482-0.11671524793440334j),618.3505319588845
774,774,10.07739375,0.0025093205878534,(-0.07901078772224521-0.0807025072952777j),619.150467964006,(-0.07901078772224364-0.080702507295282j),619.150467964006
775,775,10.07749375,0.003688624768735,(-0.032741632644838745-0.032820051046101986j),619.9504039691275,(-0.032741632644842734-0.032820051046104984j),619.9504039691275
776,776,10.07759375,0.0050282826599276,(0.0632853353737592-0.07402631297199787j),620.750339974249,(0.06328533537376368-0.07402631297200071j),620.750339974249
777,777,10.07769375,0.0053996991595774,(0.04273132099683641+0.0641443538907949j),621.5502759793703,(0.04273132099683589+0.06414435389079493j),621.5502759793703
778,778,10.07779375,0.0044621250257522,(0.17981365383814524-0.048340134987260516j),622.3502119844918,(0.17981365383814185-0.048340134987258226j),622.3502119844918
779,779,10.07789375,0.0038112349406644,(0.15212184050837171+0.06135831316978385j),623.1501479896133,(0.15212184050837407+0.06135831316978698j),623.1501479896133
780,780,10.07799375,0.0041547245293777,(0.07181414950311199+0.03702377197738006j),623.9500839947348,(0.07181414950311513+0.03702377197738193j),623.9500839947348
781,781,10.07809375,0.0044727694344651,(0.14758241572908481-0.020704752974987486j),624.7500199998562,(0.14758241572908554-0.020704752974987625j),624.7500199998562
782,782,10.07819375,0.0042590597801668,(0.3309530947056125-0.011611735885050975j),625.5499560049776,(0.33095309470561024-0.011611735885051419j),625.5499560049776
783,783,10.07829375,0.0026630565935383,(0.1768163236549276+0.1639562391983573j),626.3498920100991,(0.17681632365492514+0.16395623919835614j),626.3498920100991
784,784,10.07839375,0.0021951284465757,(0.10382900866570784+0.09581324154115625j),627.1498280152206,(0.10382900866570245+0.09581324154115323j),627.1498280152206
785,785,10.07849375,0.0035657473283053,(-0.07047064598252538+0.029849235908522044j),627.9497640203421,(-0.07047064598253197+0.029849235908520188j),627.9497640203421
786,786,10.07859375,0.0042564167446763,(0.20915526617379554+0.2412574144043061j),628.7497000254634,(0.2091552661737959+0.2412574144043036j),628.7497000254634
787,787,10.07869375,0.0052329024498237,(0.013039749117127887+0.34454569226155624j),629.5496360305849,(0.013039749117129143+0.34454569226155596j),629.5496360305849
788,788,10.07879375,0.0054421193067182,(-0.15078090138590025+0.15305309979071283j),630.3495720357064,(-0.15078090138590047+0.1530530997907098j),630.3495720357064
789,789,10.07889375,0.0066364660783627,(0.15553602334957103+0.12725739490442303j),631.1495080408279,(0.15553602334956912+0.12725739490442273j),631.1495080408279
790,790,10.07899375,0.008940823123338,(0.17041782014669118+0.1392179289524825j),631.9494440459492,(0.17041782014668952+0.13921792895247814j),631.9494440459492
791,791,10.07909375,0.0091202681272947,(-0.3290035118402663-0.18989513479896736j),632.7493800510707,(-0.3290035118402637-0.18989513479896955j),632.7493800510707
792,792,10.07919375,0.0084408352500011,(-0.4914280393447188-0.043855969140941864j),633.5493160561922,(-0.4914280393447179-0.04385596914094178j),633.5493160561922
793,793,10.07929375,0.0070682567087501,(-0.19159238932238723-0.08348699748051142j),634.3492520613137,(-0.19159238932239134-0.08348699748050975j),634.3492520613137
794,794,10.07939375,0.0065964380505661,(-0.231628492813371+0.059019890714710366j),635.1491880664352,(-0.231628492813371+0.059019890714709394j),635.1491880664352
795,795,10.07949375,0.0065502969134048,(-0.029373628593995907-0.11452693786947002j),635.9491240715565,(-0.02937362859399447-0.11452693786947102j),635.9491240715565
796,796,10.07959375,0.0050874743764432,(0.5275814027533517-0.331742447113473j),636.749060076678,(0.5275814027533537-0.3317424471134734j),636.749060076678
797,797,10.07969375,0.004797324023118,(0.2969721586079408-0.12349932946011927j),637.5489960817995,(0.2969721586079406-0.12349932946012238j),637.5489960817995
798,798,10.07979375,0.005313873645952,(0.12013097839542886-0.01967442318001008j),638.348932086921,(0.12013097839542713-0.019674423180009355j),638.348932086921
799,799,10.07989375,0.0055846648795899,(-0.1072408925791461-0.028263119441714116j),639.1488680920423,(-0.10724089257914629-0.028263119441716052j),639.1488680920423
800,800,10.07999375,0.0068580482567875,(-0.15701549965155556-0.21865406574230198j),639.9488040971638,(-0.15701549965155875-0.2186540657423029j),639.9488040971638
801,801,10.08009375,0.0076049922102191,(-0.0037649689125061328+0.019242499235867124j),640.7487401022853,(-0.0037649689125063357+0.019242499235869688j),640.7487401022853
802,802,10.08019375,0.00953686703891,(0.17824207688456284+0.13344676524292548j),641.5486761074068,(0.1782420768845645+0.13344676524292154j),641.5486761074068
803,803,10.08029375,0.0096616818053243,(0.18165616288742475+0.04870057455680106j),642.3486121125283,(0.18165616288742256+0.04870057455679738j),642.3486121125283
804,804,10.08039375,0.0102848490946043,(0.09729579969038946-0.12750106557119478j),643.1485481176496,(0.09729579969039007-0.12750106557119728j),643.1485481176496
805,805,10.08049375,0.0101760293849742,(0.00518685002273471-0.16470352074406813j),643.9484841227711,(0.005186850022738457-0.16470352074406924j),643.9484841227711
806,806,10.08059375,0.0081733646237977,(0.05181007404243244-0.042783297870885584j),644.7484201278926,(0.05181007404243525-0.04278329787088531j),644.7484201278926
807,807,10.08069375,0.0071653025036157,(-0.12054946438448944-0.05182359067469278j),645.5483561330141,(-0.12054946438449249-0.05182359067468855j),645.5483561330141
808,808,10.08079375,0.0062984215735724,(0.07230836726791356+0.19630849535988176j),646.3482921381354,(0.07230836726791355+0.19630849535988013j),646.3482921381354
809,809,10.08089375,0.0060788835691283,(-0.005991915500518287-0.13585762398533752j),647.1482281432569,(-0.005991915500515574-0.13585762398534146j),647.1482281432569
810,810,10.08099375,0.0054940322526212,(-0.18874511016051937-0.07322454927659135j),647.9481641483784,(-0.18874511016052067-0.0732245492765888j),647.9481641483784
811,811,10.08109375,0.0049403239667386,(0.152815439299183+0.0057029571922289635j),648.7481001534999,(0.15281543929918218+0.005702957192232176j),648.7481001534999
812,812,10.08119375,0.0061566965641599,(-0.14504799031226936-0.23434481819548736j),649.5480361586212,(-0.14504799031226867-0.23434481819548628j),649.5480361586212
813,813,10.08129375,0.0077549298387434,(0.022873410088409908+0.1043046783032602j),650.3479721637427,(0.02287341008841337+0.1043046783032579j),650.3479721637427
814,814,10.08139375,0.0094033115437033,(0.037071912265423404+0.41912993498452017j),651.1479081688642,(0.03707191226541938+0.4191299349845223j),651.1479081688642
815,815,10.08149375,0.0091706624672752,(-0.2810695744210409-0.16231935836857775j),651.9478441739857,(-0.2810695744210416-0.16231935836857941j),651.9478441739857
816,816,10.08159375,0.0099592136009334,(-0.20005850342990497+0.38005949607284634j),652.7477801791072,(-0.20005850342990653+0.3800594960728486j),652.7477801791072
817,817,10.08169375,0.0092041035820529,(0.19277846084845282+0.15469881373109504j),653.5477161842285,(0.19277846084845335+0.15469881373109076j),653.5477161842285
818,818,10.08179375,0.0088935320360328,(-0.0735843904252999-0.23243309237165066j),654.34765218935,(-0.07358439042529917-0.23243309237165266j),654.34765218935
819,819,10.08189375,0.0076383734441118,(0.13525685838640975+0.021211913971383972j),655.1475881944715,(0.13525685838641077+0.021211913971382182j),655.1475881944715
820,820,10.08199375,0.0071175236789448,(-0.01418168486545042-0.0750131989944396j),655.947524199593,(-0.014181684865447686-0.07501319899443845j),655.947524199593
821,821,10.08209375,0.0056684458817957,(-0.20388008075395886-0.23953294457527802j),656.7474602047143,(-0.20388008075395764-0.2395329445752776j),656.7474602047143
822,822,10.08219375,0.0057065558957571,(-0.1366837226013803+0.05766810798182748j),657.5473962098358,(-0.13668372260138112+0.05766810798182681j),657.5473962098358
823,823,10.08229375,0.0060302370470243,(-0.015017406049723722+0.26414596247418154j),658.3473322149573,(-0.015017406049725332+0.2641459624741828j),658.3473322149573
824,824,10.08239375,0.0063426875042477,(-0.05405814827381603+0.04145440171375938j),659.1472682200788,(-0.05405814827381427+0.041454401713761184j),659.1472682200788
825,825,10.08249375,0.0072075124731719,(-0.6188573745474447+0.09224927741387258j),659.9472042252002,(-0.6188573745474464+0.09224927741387498j),659.9472042252002
826,826,10.08259375,0.0078934241342555,(0.042389899303901454-0.17179367202789766j),660.7471402303216,(0.042389899303901815-0.17179367202789475j),660.7471402303216
827,827,10.08269375,0.007463663637015,(0.13942904541422552-0.13609754732049562j),661.5470762354431,(0.13942904541422554-0.13609754732049564j),661.5470762354431
828,828,10.08279375,0.0064527436068367,(-0.05533258764354543+0.029523786865113297j),662.3470122405646,(-0.055332587643548786+0.029523786865113255j),662.3470122405646
829,829,10.08289375,0.0063276867108074,(0.23626952093537215+0.29253970911717325j),663.1469482456861,(0.23626952093537096+0.29253970911717003j),663.1469482456861
830,830,10.08299375,0.0062639046253364,(-0.31101829451851404-0.14889740230932774j),663.9468842508074,(-0.31101829451851315-0.1488974023093282j),663.9468842508074
831,831,10.08309375,0.0070936308427567,(-0.29185408755666864-0.001364176639940845j),664.7468202559289,(-0.2918540875566671-0.001364176639940512j),664.7468202559289
832,832,10.08319375,0.0062463674941817,(-0.11135664960170512+0.1452947529883904j),665.5467562610504,(-0.1113566496017052+0.14529475298839092j),665.5467562610504
833,833,10.08329375,0.0056597539707652,(0.11173537936188901+0.045352921314104115j),666.3466922661719,(0.11173537936188965+0.045352921314107196j),666.3466922661719
834,834,10.08339375,0.0044046990768432,(-0.2509445106730412+0.31638918215825795j),667.1466282712933,(-0.2509445106730398+0.3163891821582609j),667.1466282712933
835,835,10.08349375,0.006482812802633,(0.06336398017282313+0.710961259158895j),667.9465642764147,(0.06336398017282291+0.7109612591588961j),667.9465642764147
836,836,10.08359375,0.0053385702339866,(-0.2119282773281714+0.2388127445769165j),668.7465002815362,(-0.21192827732816866+0.23881274457691348j),668.7465002815362
837,837,10.08369375,0.0040288479747356,(-0.27017017217920075+0.14115401453046464j),669.5464362866577,(-0.27017017217919964+0.14115401453047127j),669.5464362866577
838,838,10.08379375,0.0034505190051209,(-0.5776386318372215-0.12028079811739417j),670.3463722917792,(-0.5776386318372174-0.12028079811739825j),670.3463722917792
839,839,10.08389375,0.0026336100009097,(0.17930155657226482-0.5539020896603797j),671.1463082969005,(0.17930155657226618-0.5539020896603788j),671.1463082969005
840,840,10.08399375,0.0026267661565321,(-0.08453071916329803+0.02211903364027315j),671.946244302022,(-0.08453071916330229+0.022119033640270493j),671.946244302022
841,841,10.08409375,0.0023049646919475,(0.08287452426963607-0.1405786596104382j),672.7461803071435,(0.08287452426963715-0.14057865961043475j),672.7461803071435
842,842,10.08419375,0.0030166338431962,(0.29291116162953457-0.01554580754580101j),673.546116312265,(0.29291116162953595-0.015545807545795542j),673.546116312265
843,843,10.08429375,0.0035773081757976,(-0.20812643738469194-0.3637760969086141j),674.3460523173864,(-0.20812643738469128-0.36377609690861556j),674.3460523173864
844,844,10.08439375,0.0042441390401857,(0.2710037173281122+0.428937971738375j),675.1459883225078,(0.27100371732811135+0.42893797173837456j),675.1459883225078
845,845,10.08449375,0.0046703072588084,(0.3772552191674187+0.5545807769720391j),675.9459243276293,(0.3772552191674218+0.5545807769720377j),675.9459243276293
846,846,10.08459375,0.0048364762284776,(-0.4742736018530773+0.5148013587814141j),676.7458603327508,(-0.47427360185307926+0.5148013587814154j),676.7458603327508
847,847,10.08469375,0.00451493874283,(-0.11187442423136586+0.517430866177951j),677.5457963378722,(-0.11187442423136212+0.517430866177946j),677.5457963378722
848,848,10.08479375,0.003832273249788,(-1.0871141625219547-0.33849649382562613j),678.3457323429936,(-1.0871141625219491-0.33849649382562264j),678.3457323429936
849,849,10.08489375,0.0019861548068876,(-0.23426434331788645-0.932402904846382j),679.1456683481151,(-0.234264343317888-0.9324029048463811j),679.1456683481151
850,850,10.08499375,0.0011688873558198,(0.2568178526665063-0.1722379069516335j),679.9456043532366,(0.25681785266650686-0.17223790695163305j),679.9456043532366
851,851,10.08509375,0.0005083367851411,(0.31350785154383387+0.09010766932996968j),680.7455403583581,(0.31350785154383265+0.09010766932996836j),680.7455403583581
852,852,10.08519375,0.0011989415540189,(0.06835774360121553-0.2220245433804534j),681.5454763634795,(0.06835774360121491-0.22202454338045763j),681.5454763634795
853,853,10.08529375,0.0008167271286834,(0.6518170110915251+0.2802963002257853j),682.3454123686009,(0.651817011091528+0.28029630022578067j),682.3454123686009
854,854,10.08539375,0.0014629681579743,(-0.26870001628383267+0.516585856551729j),683.1453483737224,(-0.2687000162838347+0.5165858565517275j),683.1453483737224
855,855,10.08549375,0.0012533111114405,(-0.11823529775025368-0.274998258009448j),683.9452843788439,(-0.11823529775025152-0.27499825800945005j),683.9452843788439
856,856,10.08559375,0.0026012093277291,(0.4236458391779896-0.35452366891284814j),684.7452203839653,(0.42364583917799314-0.3545236689128478j),684.7452203839653
857,857,10.08569375,0.0046075397043444,(-0.7457297181366582+0.23991104956231157j),685.5451563890867,(-0.7457297181366553+0.2399110495623143j),685.5451563890867
858,858,10.08579375,0.0038871833127672,(-0.726797523042099+0.15113256582006038j),686.3450923942082,(-0.7267975230420964+0.15113256582005707j),686.3450923942082
859,859,10.08589375,0.0042001378948526,(-0.7275882568837465+0.05190776656447077j),687.1450283993297,(-0.7275882568837473+0.05190776656447065j),687.1450283993297
860,860,10.08599375,0.0052457143243502,(-0.7149112143734867-0.9755478516209296j),687.9449644044511,(-0.7149112143734843-0.9755478516209297j),687.9449644044511
861,861,10.08609375,0.0053805269207806,(0.8321453237919215-0.29512846890241473j),688.7449004095726,(0.8321453237919203-0.2951284689024131j),688.7449004095726
862,862,10.08619375,0.0036383851785234,(-0.6902646221058197-0.5262674987498361j),689.544836414694,(-0.6902646221058211-0.5262674987498367j),689.544836414694
863,863,10.08629375,0.0031583152513019,(-0.4506251919726735-1.042243607758624j),690.3447724198155,(-0.45062519197267326-1.042243607758625j),690.3447724198155
864,864,10.08639375,0.0026464249192508,(0.6570674957113591-0.6356033347467316j),691.144708424937,(0.657067495711358-0.6356033347467293j),691.144708424937
865,865,10.08649375,0.0036350346043054,(-0.6946032998060186+0.7888795802950616j),691.9446444300584,(-0.6946032998060174+0.7888795802950619j),691.9446444300584
866,866,10.08659375,0.0016488424558436,(-0.4219996081828301-0.9345209414102384j),692.7445804351798,(-0.42199960818283083-0.9345209414102361j),692.7445804351798
867,867,10.08669375,0.0036124182274596,(1.0411640623069196-0.8488359388056919j),693.5445164403013,(1.041164062306918-0.8488359388056901j),693.5445164403013
868,868,10.08679375,0.0032259496461232,(0.43924742056498844-0.13515341313363538j),694.3444524454228,(0.4392474205649858-0.13515341313363347j),694.3444524454228
869,869,10.08689375,0.004621565703222,(-1.0804787479922204+0.63024208846191j),695.1443884505442,(-1.0804787479922202+0.630242088461912j),695.1443884505442
870,870,10.08699375,0.0054224906392367,(0.5362451131945682+1.6618215244246273j),695.9443244556657,(0.5362451131945629+1.66182152442463j),695.9443244556657
871,871,10.08709375,0.0059429638087893,(-0.11220265131159865-0.012060806247265264j),696.7442604607871,(-0.1122026513116014-0.012060806247268331j),696.7442604607871
872,872,10.08719375,0.0075074955336441,(0.8744986899332601+1.1837525015476218j),697.5441964659086,(0.8744986899332556+1.1837525015476236j),697.5441964659086
873,873,10.08729375,0.0083317210164646,(0.2000300877252092+0.17429404763633402j),698.3441324710301,(0.20003008772520653+0.17429404763632805j),698.3441324710301
874,874,10.08739375,0.0075658742768195,(-0.1465138348710301+1.0238305194450819j),699.1440684761515,(-0.14651383487102804+1.0238305194450774j),699.1440684761515
875,875,10.08749375,0.0070162503215899,(-0.43513211078391867+0.21078464308765543j),699.9440044812729,(-0.4351321107839184+0.21078464308765638j),699.9440044812729
876,876,10.08759375,0.0069106715170253,(-0.22807257128640485+0.07025554600458761j),700.7439404863944,(-0.22807257128640154+0.07025554600458532j),700.7439404863944
877,877,10.08769375,0.0054930946113672,(0.01130310078537344-0.26739499644137055j),701.5438764915159,(0.011303100785376295-0.26739499644137193j),701.5438764915159
878,878,10.08779375,0.0047811522478833,(-0.38551563253197296+0.4475294169467104j),702.3438124966373,(-0.3855156325319728+0.4475294169467069j),702.3438124966373
879,879,10.08789375,0.0055381597440864,(0.006400826202076722-0.09916457308390744j),703.1437485017588,(0.0064008262020772005-0.09916457308390841j),703.1437485017588
880,880,10.08799375,0.0060631936650042,(-0.20255470517905924+0.1462550280099581j),703.9436845068802,(-0.20255470517906235+0.14625502800995946j),703.9436845068802
881,881,10.08809375,0.0062096611056545,(-1.580945570201071+1.124841190909485j),704.7436205120017,(-1.5809455702010704+1.1248411909094833j),704.7436205120017
882,882,10.08819375,0.00588705134651,(-1.4953981247821306-0.005041610279921116j),705.5435565171231,(-1.4953981247821306-0.005041610279920117j),705.5435565171231
883,883,10.08829375,0.0070880149944407,(-0.9045710663987221-0.8962289680023925j),706.3434925222446,(-0.9045710663987215-0.8962289680023943j),706.3434925222446
884,884,10.08839375,0.0099237012971883,(-0.5389763324344143-0.7965380414361394j),707.143428527366,(-0.5389763324344129-0.7965380414361398j),707.143428527366
885,885,10.08849375,0.0102655869852279,(-0.25509318573995915-0.62196285649565j),707.9433645324875,(-0.25509318573995976-0.6219628564956463j),707.9433645324875
886,886,10.08859375,0.0101678022447777,(0.058503311357521535-0.09287977035393487j),708.743300537609,(0.05850331135752269-0.09287977035393284j),708.743300537609
887,887,10.08869375,0.0089437302567842,(-0.07151676851701433-1.0076739975232705j),709.5432365427304,(-0.07151676851701397-1.0076739975232702j),709.5432365427304
888,888,10.08879375,0.0078016447554508,(0.4184380561850964-1.2508515022407793j),710.3431725478519,(0.41843805618509416-1.2508515022407747j),710.3431725478519
889,889,10.08889375,0.0078940563641432,(-0.30367560486356715-1.2075295458952673j),711.1431085529733,(-0.3036756048635664-1.2075295458952637j),711.1431085529733
890,890,10.08899375,0.0065351626319627,(0.544098308290013-0.7289533309957118j),711.9430445580948,(0.5440983082900126-0.7289533309957095j),711.9430445580948
891,891,10.08909375,0.0066891623863877,(1.4259715380237372-0.3612866019991144j),712.7429805632162,(1.4259715380237308-0.36128660199911455j),712.7429805632162
892,892,10.08919375,0.0062085652237679,(0.43711830810281294-0.2859717071538385j),713.5429165683377,(0.4371183081028085-0.2859717071538329j),713.5429165683377
893,893,10.08929375,0.0055838536922269,(0.580647252745045+0.2105889303520756j),714.3428525734591,(0.5806472527450446+0.2105889303520794j),714.3428525734591
894,894,10.08939375,0.0073640461304037,(-0.03820140350989898+1.0810910530838806j),715.1427885785806,(-0.03820140350989948+1.0810910530838784j),715.1427885785806
895,895,10.08949375,0.0074240443649607,(0.8275240043346268+1.4753864662516958j),715.942724583702,(0.8275240043346233+1.4753864662516931j),715.942724583702
896,896,10.08959375,0.0081217116794292,(0.15797986959205534+0.7987225694534162j),716.7426605888235,(0.15797986959205557+0.7987225694534131j),716.7426605888235
897,897,10.08969375,0.008410321213556,(0.9391297162790705-0.13451280532680587j),717.542596593945,(0.939129716279069-0.1345128053268061j),717.542596593945
898,898,10.08979375,0.0101892687408024,(0.2279289774837727+0.6576597605582046j),718.3425325990664,(0.2279289774837709+0.6576597605582043j),718.3425325990664
899,899,10.08989375,0.0085245714195176,(0.09135313927876615+0.5742872296122695j),719.1424686041879,(0.09135313927876787+0.5742872296122703j),719.1424686041879
900,900,10.08999375,0.0109310415130732,(-0.00908313871257553+0.17279162395304873j),719.9424046093093,(-0.00908313871257424+0.17279162395305145j),719.9424046093093
901,901,10.09009375,0.0087573620534085,(-0.47291475649723375+0.015049064170758908j),720.7423406144308,(-0.4729147564972336+0.015049064170760906j),720.7423406144308
902,902,10.09019375,0.0073480957948224,(0.515184772188918+0.886237002715295j),721.5422766195522,(0.5151847721889203+0.886237002715298j),721.5422766195522
903,903,10.09029375,0.0042011998249596,(0.14616018258197355-0.7220021951754163j),722.3422126246737,(0.14616018258197688-0.7220021951754152j),722.3422126246737
904,904,10.09039375,0.0070681979085011,(0.8313457068449132-0.39114803674732274j),723.1421486297951,(0.8313457068449097-0.3911480367473166j),723.1421486297951
905,905,10.09049375,0.008505273043058,(0.04414864763927859-0.9372600464025562j),723.9420846349166,(0.04414864763927879-0.9372600464025598j),723.9420846349166
906,906,10.09059375,0.0073356422346986,(-0.33288914023557137-0.024055029783734944j),724.742020640038,(-0.3328891402355698-0.024055029783731807j),724.742020640038
907,907,10.09069375,0.0067324457421142,(-0.23401412186037737-0.09058472315012982j),725.5419566451595,(-0.23401412186037607-0.09058472315012983j),725.5419566451595
908,908,10.09079375,0.0078737849926001,(-0.22527314412145183+0.03244294216524376j),726.341892650281,(-0.22527314412145194+0.03244294216523879j),726.341892650281
909,909,10.09089375,0.0081087755421583,(-0.32920229524451067+0.17877749090804973j),727.1418286554024,(-0.3292022952445145+0.17877749090804962j),727.1418286554024
910,910,10.09099375,0.0085490816489675,(-0.35917363751361153-0.18743255307670365j),727.9417646605239,(-0.35917363751361064-0.18743255307669915j),727.9417646605239
911,911,10.09109375,0.0062426009332848,(0.3578779910527001-0.2816464166850184j),728.7417006656453,(0.35787799105269813-0.28164641668501744j),728.7417006656453
912,912,10.09119375,0.0057633265550767,(-0.1531748110426518-0.1488338909829669j),729.5416366707668,(-0.1531748110426552-0.14883389098296332j),729.5416366707668
913,913,10.09129375,0.0051310424035668,(0.5388479139046327-0.00668002067473733j),730.3415726758882,(0.5388479139046316-0.006680020674738996j),730.3415726758882
914,914,10.09139375,0.0040076362958996,(0.3745098579132492-0.03619043883370865j),731.1415086810097,(0.37450985791324604-0.036190438833706595j),731.1415086810097
915,915,10.09149375,0.0039998948176996,(0.3693590449160094+0.566376973428674j),731.9414446861311,(0.36935904491600985+0.5663769734286761j),731.9414446861311
916,916,10.09159375,0.003540914918983,(0.17674879873491317+0.23297331256717266j),732.7413806912526,(0.17674879873491284+0.2329733125671729j),732.7413806912526
917,917,10.09169375,0.0052253980553408,(-0.04129871020765907+0.18583367209728988j),733.541316696374,(-0.04129871020765524+0.18583367209728457j),733.541316696374
918,918,10.09179375,0.0046942542225275,(-0.10121347674901565+0.24786438919941686j),734.3412527014955,(-0.10121347674901593+0.247864389199419j),734.3412527014955
919,919,10.09189375,0.0046628006007718,(-0.49202535042204454+0.09609080448812846j),735.141188706617,(-0.49202535042204687+0.09609080448812554j),735.141188706617
920,920,10.09199375,0.0076107819630806,(-0.020133348957338065-0.4271777921847081j),735.9411247117384,(-0.020133348957337427-0.4271777921847052j),735.9411247117384
921,921,10.09209375,0.0055249505998531,(0.34409673792912737-0.20237241428375755j),736.7410607168599,(0.344096737929128-0.20237241428375455j),736.7410607168599
922,922,10.09219375,0.0036948707739347,(0.37906917018384845-0.3091110156564367j),737.5409967219813,(0.37906917018384817-0.3091110156564373j),737.5409967219813
923,923,10.09229375,0.0036511192168212,(0.09688562119324381+0.041917156061533914j),738.3409327271028,(0.09688562119324634+0.0419171560615329j),738.3409327271028
924,924,10.09239375,0.0028021618472915,(0.005171126889586854+0.08240816761691575j),739.1408687322242,(0.0051711268895881235+0.08240816761691386j),739.1408687322242
925,925,10.09249375,0.0020951019900599,(-0.09417955829943303+0.3934752377620965j),739.9408047373457,(-0.09417955829943572+0.39347523776209936j),739.9408047373457
926,926,10.09259375,0.0004437784354359,(-0.1257682738628132-0.0697651467788566j),740.7407407424671,(-0.1257682738628128-0.0697651467788596j),740.7407407424671
927,927,10.09269375,0.0014981060336279,(0.2576034660642911-0.215110883217864j),741.5406767475886,(0.2576034660642897-0.21511088321785876j),741.5406767475886
928,928,10.09279375,0.0030194034947301,(0.2055278719372241+0.3556683939795269j),742.3406127527101,(0.20552787193722205+0.3556683939795286j),742.3406127527101
929,929,10.09289375,0.0025447843031285,(0.027159205893812644-0.13125961991578583j),743.1405487578315,(0.027159205893813897-0.13125961991578516j),743.1405487578315
930,930,10.09299375,0.0037313400730479,(-0.3935293407547994+0.3333451580847748j),743.9404847629529,(-0.39352934075479795+0.33334515808477166j),743.9404847629529
931,931,10.09309375,0.0046320980961714,(-0.12890470570248516+0.3657049776871124j),744.7404207680744,(-0.12890470570248622+0.3657049776871107j),744.7404207680744
932,932,10.09319375,0.0043700320865803,(-0.24795309773844634-0.05892829410987051j),745.5403567731959,(-0.24795309773844548-0.058928294109872j),745.5403567731959
933,933,10.09329375,0.0043879458996209,(0.4803892420051686-0.015269648253615264j),746.3402927783173,(0.4803892420051706-0.015269648253613904j),746.3402927783173
934,934,10.09339375,0.0033094095622756,(0.0841189535576488-0.304026087888725j),747.1402287834388,(0.08411895355764624-0.30402608788872654j),747.1402287834388
935,935,10.09349375,0.0022931290804188,(0.40094928154611403-0.15172733138286787j),747.9401647885602,(0.40094928154610915-0.15172733138286937j),747.9401647885602
936,936,10.09359375,0.0007715726868441,(0.24235428705106515+0.5794473534738526j),748.7401007936817,(0.24235428705106626+0.5794473534738518j),748.7401007936817
937,937,10.09369375,0.000504800902233,(0.3640553791233879+0.29287115925668566j),749.5400367988032,(0.3640553791233893+0.29287115925668517j),749.5400367988032
938,938,10.09379375,0.0014342478587459,(-0.3552658855219909+0.18206007647278416j),750.3399728039246,(-0.35526588552199106+0.1820600764727858j),750.3399728039246
939,939,10.09389375,0.0010956570296943,(0.1492002067769158-0.4979585823871171j),751.139908809046,(0.14920020677691545-0.4979585823871194j),751.139908809046
940,940,10.09399375,0.0015512476287127,(-0.13569506111413251-0.35134049633202064j),751.9398448141675,(-0.13569506111413188-0.3513404963320207j),751.9398448141675
941,941,10.09409375,0.0028442392801292,(0.2626736236843721-0.2547726673675244j),752.739780819289,(0.26267362368437475-0.25477266736752363j),752.739780819289
942,942,10.09419375,0.0045162282318946,(-0.2047000155623675-0.09302535412913426j),753.5397168244104,(-0.20470001556236445-0.09302535412912906j),753.5397168244104
943,943,10.09429375,0.0050436233361561,(-0.1620424668152454+0.41800678830515536j),754.3396528295319,(-0.1620424668152462+0.41800678830515314j),754.3396528295319
944,944,10.09439375,0.0055642446994396,(-0.47646519667587783+0.17338192961070872j),755.1395888346533,(-0.47646519667587633+0.17338192961071278j),755.1395888346533
945,945,10.09449375,0.0058040170720524,(-0.23000806610843985-0.09197273647596144j),755.9395248397748,(-0.2300080661084341-0.09197273647596338j),755.9395248397748
946,946,10.09459375,0.0063870243091407,(-0.34113539402094095+0.18238501505888532j),756.7394608448963,(-0.3411353940209409+0.18238501505888827j),756.7394608448963
947,947,10.09469375,0.0053116726345648,(0.03396378011198782-0.03308644956697725j),757.5393968500177,(0.03396378011198798-0.03308644956697773j),757.5393968500177
948,948,10.09479375,0.0059466844894199,(-0.5108346090066105-0.29526902776165187j),758.3393328551391,(-0.5108346090066145-0.29526902776164804j),758.3393328551391
949,949,10.09489375,0.0037227199233781,(-0.06745731728494547+0.6030616077513603j),759.1392688602606,(-0.06745731728494431+0.6030616077513596j),759.1392688602606
950,950,10.09499375,0.003628308591352,(0.12318805976881665+0.32459200958585327j),759.9392048653821,(0.12318805976881515+0.3245920095858502j),759.9392048653821
951,951,10.09509375,0.0029067227496494,(-0.24329105603535803+0.1587145496394125j),760.7391408705035,(-0.24329105603535883+0.1587145496394132j),760.7391408705035
952,952,10.09519375,0.0026630686522878,(-0.003707820698146207-0.38127058178245304j),761.5390768756249,(-0.003707820698146261-0.38127058178245343j),761.5390768756249
953,953,10.09529375,0.0026866033079228,(0.3267112020798483-0.10453100684079518j),762.3390128807464,(0.32671120207984644-0.10453100684079525j),762.3390128807464
954,954,10.09539375,0.0034938425311223,(-0.04219989663163905-0.24447921064643652j),763.1389488858679,(-0.04219989663164225-0.24447921064644035j),763.1389488858679
955,955,10.09549375,0.0045226351475496,(0.21332376155271338+0.5428376870374232j),763.9388848909894,(0.2133237615527108+0.5428376870374251j),763.9388848909894
956,956,10.09559375,0.0058678232859121,(-0.529073859968604+0.3398597961796005j),764.7388208961108,(-0.529073859968609+0.33985979617959916j),764.7388208961108
957,957,10.09569375,0.0062057318523989,(-0.13859523680123814+0.3671976612231962j),765.5387569012322,(-0.13859523680123464+0.3671976612231928j),765.5387569012322
958,958,10.09579375,0.0077576166619378,(-0.25897615372409943-0.10219218310191057j),766.3386929063537,(-0.2589761537240997-0.10219218310191489j),766.3386929063537
959,959,10.09589375,0.0084893343720766,(-0.07024453664562352-0.13851641545205004j),767.1386289114752,(-0.0702445366456243-0.13851641545205218j),767.1386289114752
960,960,10.09599375,0.0076224096816765,(-0.24891649301718777+0.19995935391527536j),767.9385649165966,(-0.24891649301718918+0.1999593539152768j),767.9385649165966
961,961,10.09609375,0.0098391774986831,(0.2693516607536441+0.4120507520784046j),768.738500921718,(0.2693516607536479+0.41205075207840414j),768.738500921718
962,962,10.09619375,0.0069570140883836,(-0.09372286890699341+0.05328851470586617j),769.5384369268395,(-0.09372286890699066+0.05328851470586809j),769.5384369268395
963,963,10.09629375,0.0066905517830775,(0.13501563259207058-0.4067900458845356j),770.338372931961,(0.1350156325920699-0.4067900458845374j),770.338372931961
964,964,10.09639375,0.0055561650609889,(0.3153047631905808-0.2031923329418464j),771.1383089370825,(0.3153047631905792-0.20319233294184597j),771.1383089370825
965,965,10.09649375,0.0055782157312614,(0.14927565222168523-0.06387025951359468j),771.9382449422038,(0.14927565222168068-0.06387025951359507j),771.9382449422038
966,966,10.09659375,0.0048431285494291,(-0.08245824348972769-0.937876262749734j),772.7381809473253,(-0.08245824348972558-0.9378762627497347j),772.7381809473253
967,967,10.09669375,0.0044680882918581,(-0.37654616507861793-0.18722613513844089j),773.5381169524468,(-0.37654616507861777-0.18722613513843855j),773.5381169524468
968,968,10.09679375,0.00563259810311,(-0.5219504378874201-0.14243851567244786j),774.3380529575683,(-0.5219504378874216-0.14243851567244586j),774.3380529575683
969,969,10.09689375,0.0069201566985244,(0.013015824401025805+0.33612692212965667j),775.1379889626897,(0.01301582440102951+0.3361269221296545j),775.1379889626897
970,970,10.09699375,0.0076152385310154,(0.16915166826819575+0.20607251751223643j),775.9379249678111,(0.16915166826819422+0.20607251751223743j),775.9379249678111
971,971,10.09709375,0.0097352077457773,(-0.13639473719091996-0.06654492577962517j),776.7378609729326,(-0.1363947371909198-0.06654492577962112j),776.7378609729326
972,972,10.09719375,0.009534428396083,(-0.06960183462848399+0.1063153162223996j),777.5377969780541,(-0.06960183462847996+0.10631531622239819j),777.5377969780541
973,973,10.09729375,0.0105994782687666,(0.002408890787070718-0.040277361333391326j),778.3377329831756,(0.0024088907870709955-0.040277361333391395j),778.3377329831756
974,974,10.09739375,0.0099794482184427,(0.17137703949508531+0.3252737919358757j),779.1376689882969,(0.17137703949508593+0.3252737919358782j),779.1376689882969
975,975,10.09749375,0.0098571963815876,(0.18724645331157125+0.09896952136935831j),779.9376049934184,(0.18724645331156847+0.09896952136935674j),779.9376049934184
976,976,10.09759375,0.0087635200243736,(-0.3184299255347779+0.1248064336598107j),780.7375409985399,(-0.31842992553478+0.12480643365981099j),780.7375409985399
977,977,10.09769375,0.0069182988357213,(-0.15055165467492632-0.473694229049026j),781.5374770036614,(-0.15055165467492443-0.47369422904902403j),781.5374770036614
978,978,10.09779375,0.0048047839449462,(0.1478328923449377-0.15388832508162498j),782.3374130087828,(0.14783289234493704-0.15388832508162473j),782.3374130087828
979,979,10.09789375,0.0045582353781183,(0.22623773210569947+0.3647309330356062j),783.1373490139042,(0.22623773210570006+0.3647309330356052j),783.1373490139042
980,980,10.09799375,0.0055774011281645,(0.032606471669562404+0.08149348779735222j),783.9372850190257,(0.0326064716695617+0.08149348779734931j),783.9372850190257
981,981,10.09809375,0.0063236830788531,(0.06195631841648573-0.25240788089673755j),784.7372210241472,(0.061956318416485565-0.25240788089674254j),784.7372210241472
982,982,10.09819375,0.0075487207371179,(0.18977428179176284-0.11536964606317994j),785.5371570292687,(0.18977428179176592-0.11536964606317728j),785.5371570292687
983,983,10.09829375,0.0080330215267269,(-0.02697541399022213-0.32720351264315795j),786.33709303439,(-0.026975413990222713-0.32720351264315806j),786.33709303439
984,984,10.09839375,0.0101404813184714,(0.06467719893735331+0.3121750767916774j),787.1370290395115,(0.06467719893734981+0.31217507679167267j),787.1370290395115
985,985,10.09849375,0.0110986749993654,(-0.24027502572292836-0.0800079412080568j),787.936965044633,(-0.2402750257229278-0.08000794120805677j),787.936965044633
986,986,10.09859375,0.0109038157311611,(-0.03375499898722564+0.2975890302851094j),788.7369010497545,(-0.033754998987226115+0.2975890302851055j),788.7369010497545
987,987,10.09869375,0.0106508761732372,(0.09351853394052526+0.3041218831941712j),789.5368370548758,(0.0935185339405264+0.3041218831941696j),789.5368370548758
988,988,10.09879375,0.008041565675966,(-0.03308879013101096+0.4852908286037988j),790.3367730599973,(-0.03308879013100963+0.48529082860379663j),790.3367730599973
989,989,10.09889375,0.0080913673078304,(-0.16884162627099825+0.026730473324539164j),791.1367090651188,(-0.16884162627099647+0.026730473324538692j),791.1367090651188
990,990,10.09899375,0.005902320100276,(-0.04108508828693343-0.4074869822596285j),791.9366450702403,(-0.04108508828693515-0.4074869822596304j),791.9366450702403
991,991,10.09909375,0.0055934350786323,(0.45924397351829116-0.09815833414686816j),792.7365810753618,(0.4592439735182898-0.09815833414686748j),792.7365810753618
992,992,10.09919375,0.0042695338691418,(-0.05090898479437356+0.2703557207389248j),793.5365170804831,(-0.050908984794371934+0.27035572073892405j),793.5365170804831
993,993,10.09929375,0.0035630518765695,(-0.07171577409589994-0.17183722730903578j),794.3364530856046,(-0.07171577409589705-0.17183722730903234j),794.3364530856046
994,994,10.09939375,0.0039547914475987,(-0.11671890367227758-0.3187590780292395j),795.1363890907261,(-0.11671890367227589-0.3187590780292412j),795.1363890907261
995,995,10.09949375,0.0064678853616453,(-0.24242484630925495-0.08004537995183149j),795.9363250958476,(-0.24242484630925656-0.08004537995183361j),795.9363250958476
996,996,10.09959375,0.0078165031261825,(0.05498477750609029-0.1650200766125867j),796.7362611009689,(0.05498477750609021-0.16502007661258608j),796.7362611009689
997,997,10.09969375,0.0070857471921562,(0.058245366706427715-0.03178407786581279j),797.5361971060904,(0.05824536670642281-0.03178407786581472j),797.5361971060904
998,998,10.09979375,0.006789405597654,(-0.13682205391554125-0.06957370248415429j),798.3361331112119,(-0.1368220539155418-0.0695737024841506j),798.3361331112119
999,999,10.09989375,0.0081693626851064,(0.01008164880824873+0.208202739341173j),799.1360691163334,(0.010081648808250507+0.20820273934117395j),799.1360691163334
1000,1000,10.09999375,0.0070708937725486,(-0.4805397443519465-0.14144617631466944j),799.9360051214547,(-0.480539744351948-0.1414461763146657j),799.9360051214547
1001,1001,10.10009375,0.0069879311580776,(-0.28416177229732975+0.3804106323838591j),800.7359411265762,(-0.2841617722973303+0.3804106323838601j),800.7359411265762
1002,1002,10.10019375,0.0044022113121683,(-0.11891401692364567+0.03157950245745719j),801.5358771316977,(-0.11891401692364345+0.031579502457455895j),801.5358771316977
1003,1003,10.10029375,0.0028373938643569,(-0.01437981246857075+0.1437110218294994j),802.3358131368192,(-0.014379812468575342+0.14371102182950043j),802.3358131368192
1004,1004,10.10039375,0.0014613445247834,(0.1275559516532039+0.2303327772219001j),803.1357491419407,(0.1275559516532019+0.23033277722189827j),803.1357491419407
1005,1005,10.10049375,0.002868734120467,(-0.08693916015078335+0.3077778356024527j),803.935685147062,(-0.08693916015078472+0.307777835602451j),803.935685147062
1006,1006,10.10059375,0.0030084790972545,(-0.48928531910934314+0.17701134362880938j),804.7356211521835,(-0.4892853191093445+0.17701134362880744j),804.7356211521835
1007,1007,10.10069375,0.0028426235816965,(0.11630495943696662-0.17437612464544427j),805.535557157305,(0.11630495943696247-0.17437612464544616j),805.535557157305
1008,1008,10.10079375,0.0011897671540334,(-0.14617820505871765-0.024452457546207784j),806.3354931624265,(-0.14617820505871668-0.024452457546207305j),806.3354931624265
1009,1009,10.10089375,0.0027963673628057,(0.11785599672491609+0.7111115877068778j),807.1354291675478,(0.11785599672491773+0.7111115877068742j),807.1354291675478
1010,1010,10.10099375,0.0044310334482941,(-0.09068148546772217-0.09645331311453886j),807.9353651726693,(-0.09068148546771984-0.09645331311453856j),807.9353651726693
1011,1011,10.10109375,0.0040241439910973,(-0.03333629603326846+0.004805863934761222j),808.7353011777908,(-0.03333629603327188+0.004805863934761316j),808.7353011777908
1012,1012,10.10119375,0.0031838494469888,(0.06270092103175941-0.03015293002909567j),809.5352371829123,(0.0627009210317608-0.030152930029094683j),809.5352371829123
1013,1013,10.10129375,0.0024039068702465,(0.07852057657869743-0.16905025432951265j),810.3351731880338,(0.07852057657870246-0.16905025432951376j),810.3351731880338
1014,1014,10.10139375,0.0027148196553637,(0.1885472262807333+0.13545653191069268j),811.1351091931551,(0.18854722628073117+0.1354565319106924j),811.1351091931551
1015,1015,10.10149375,0.004559017810911,(0.05928440781574883+0.41726495655518125j),811.9350451982766,(0.05928440781575234+0.417264956555183j),811.9350451982766
1016,1016,10.10159375,0.0038105828299197,(0.07951881944791567-0.3883046104153604j),812.7349812033981,(0.07951881944791625-0.38830461041535963j),812.7349812033981
1017,1017,10.10169375,0.0047115363093844,(0.012743471625530828+0.03691301538903863j),813.5349172085196,(0.012743471625532828+0.03691301538903741j),813.5349172085196
1018,1018,10.10179375,0.0023944962745121,(0.4415493084537464-1.10104008278981j),814.3348532136409,(0.4415493084537483-1.1010400827898053j),814.3348532136409
1019,1019,10.10189375,0.0034378651621395,(0.660092618360306-0.042707656177511474j),815.1347892187624,(0.6600926183603019-0.04270765617751157j),815.1347892187624
1020,1020,10.10199375,0.000489174503437,(-0.9134039264541685-0.5773263083667499j),815.9347252238839,(-0.9134039264541653-0.577326308366751j),815.9347252238839
1021,1021,10.10209375,0.0016195822656539,(-0.07189945540616131+0.009224602749368947j),816.7346612290054,(-0.07189945540617235+0.009224602749373145j),816.7346612290054
1022,1022,10.10219375,0.0015194347101193,(0.06855256679989066-0.16543878105380916j),817.5345972341267,(0.06855256679988597-0.16543878105380652j),817.5345972341267
1023,1023,10.10229375,0.0020675895242454,(-0.05503024143122809-0.279800092766865j),818.3345332392482,(-0.055030241431226534-0.2798000927668603j),818.3345332392482
1024,1024,10.10239375,0.0028247918729796,(-0.07444652321852067+0.09448355792416172j),819.1344692443697,(-0.07444652321851983+0.09448355792415862j),819.1344692443697
1025,1025,10.10249375,0.0030850064986308,(-0.041302123295678964+0.1071236984216356j),819.9344052494912,(-0.04130212329567647+0.10712369842162951j),819.9344052494912
1026,1026,10.10259375,0.0037482592894453,(-0.5182828973453655+0.5583818419587129j),820.7343412546127,(-0.5182828973453686+0.5583818419587072j),820.7343412546127
1027,1027,10.10269375,0.0049851628383298,(0.3927125534111176-0.16719793878870837j),821.534277259734,(0.3927125534111149-0.16719793878870712j),821.534277259734
1028,1028,10.10279375,0.0052252402738712,(-0.06236428996555403-0.26213413356823156j),822.3342132648555,(-0.06236428996555603-0.2621341335682357j),822.3342132648555
1029,1029,10.10289375,0.0055128883326802,(0.17301899872394333+0.19445130786789733j),823.134149269977,(0.17301899872394333+0.19445130786789583j),823.134149269977
1030,1030,10.10299375,0.0043636721341586,(-0.05083293429148568-0.003750153199066547j),823.9340852750985,(-0.05083293429148413-0.003750153199070662j),823.9340852750985
1031,1031,10.10309375,0.0041785885014493,(0.24242275929698442-0.06271744449111145j),824.7340212802198,(0.2424227592969865-0.06271744449111384j),824.7340212802198
1032,1032,10.10319375,0.004350463226493,(-0.028947617450521344+0.1275838074344235j),825.5339572853413,(-0.02894761745051711+0.12758380743442335j),825.5339572853413
1033,1033,10.10329375,0.0039134526321299,(-0.15672521400330747-0.15296727891970724j),826.3338932904628,(-0.15672521400330525-0.15296727891970802j),826.3338932904628
1034,1034,10.10339375,0.0043051306149187,(-0.1577109116767288-0.04454912763034304j),827.1338292955843,(-0.157710911676728-0.04454912763034441j),827.1338292955843
1035,1035,10.10349375,0.0027588478225521,(0.20906269847042447+0.12477231978770903j),827.9337653007057,(0.20906269847042844+0.12477231978770975j),827.9337653007057
1036,1036,10.10359375,0.0029807450272181,(0.037496290515443634-0.302432830510279j),828.7337013058271,(0.03749629051544756-0.3024328305102829j),828.7337013058271
1037,1037,10.10369375,0.0050117658714564,(-0.08588356272292459+0.08584825465481004j),829.5336373109486,(-0.08588356272292497+0.08584825465480936j),829.5336373109486
1038,1038,10.10379375,0.005633206079455,(-0.22026612943509324+0.1439973300886093j),830.3335733160701,(-0.22026612943509133+0.14399733008861293j),830.3335733160701
1039,1039,10.10389375,0.0059520783689004,(0.40719940925957+0.10857644084750696j),831.1335093211916,(0.40719940925957326+0.10857644084751139j),831.1335093211916
1040,1040,10.10399375,0.0050322289126959,(-0.057914606399152135+0.20036448763632814j),831.933445326313,(-0.0579146063991504+0.20036448763633125j),831.933445326313
1041,1041,10.10409375,0.0066982458442322,(-0.0606498357631149+0.11948732014021296j),832.7333813314344,(-0.06064983576311091+0.1194873201402132j),832.7333813314344
1042,1042,10.10419375,0.0082856953826633,(-0.12316863147113513+0.15889979385791408j),833.5333173365559,(-0.12316863147113735+0.1588997938579132j),833.5333173365559
1043,1043,10.10429375,0.0089757141480563,(-0.03956351595962665-0.09718954233026766j),834.3332533416774,(-0.03956351595962894-0.09718954233026801j),834.3332533416774
1044,1044,10.10439375,0.0080372621900428,(0.22244379623524385+0.4519564359262995j),835.1331893467988,(0.22244379623524022+0.4519564359263024j),835.1331893467988
1045,1045,10.10449375,0.0059057793788499,(0.11801067825451023-0.251651258142211j),835.9331253519202,(0.11801067825450669-0.25165125814221306j),835.9331253519202
1046,1046,10.10459375,0.0045564884606508,(-0.1919373127104751-0.16584713492519151j),836.7330613570417,(-0.1919373127104753-0.16584713492518804j),836.7330613570417
1047,1047,10.10469375,0.0063161427975149,(-0.08950407331724937+0.12532955691666917j),837.5329973621632,(-0.08950407331724951+0.12532955691667208j),837.5329973621632
1048,1048,10.10479375,0.0057873466948016,(0.05445359613113643-0.28906420269196265j),838.3329333672847,(0.05445359613113407-0.289064202691965j),838.3329333672847
1049,1049,10.10489375,0.0058686924148003,(-0.01726570559473307-0.2816203737512829j),839.132869372406,(-0.017265705594736464-0.28162037375128224j),839.132869372406
1050,1050,10.10499375,0.0060190904373985,(-0.11104382194749235-0.19719653580902421j),839.9328053775275,(-0.11104382194749184-0.19719653580902297j),839.9328053775275
1051,1051,10.10509375,0.0067229865726316,(0.11243967544865831+0.05070861150835503j),840.732741382649,(0.11243967544865535+0.05070861150835461j),840.732741382649
1052,1052,10.10519375,0.0056907180213285,(-0.6995534208642578-0.014248901130790012j),841.5326773877705,(-0.6995534208642578-0.014248901130787708j),841.5326773877705
1053,1053,10.10529375,0.0073631673185632,(0.11993794524067687+0.19844833141991347j),842.3326133928919,(0.11993794524067466+0.1984483314199077j),842.3326133928919
1054,1054,10.10539375,0.0088823096194645,(-0.09347220269083983-0.1538248449333195j),843.1325493980133,(-0.0934722026908438-0.15382484493331897j),843.1325493980133
1055,1055,10.10549375,0.0082965918321297,(0.008635626353177344+0.003203573288369309j),843.9324854031348,(0.008635626353174306+0.003203573288365554j),843.9324854031348
1056,1056,10.10559375,0.0087818860567266,(0.13375900183260275+0.012430134808668586j),844.7324214082563,(0.1337590018326104+0.012430134808668496j),844.7324214082563
1057,1057,10.10569375,0.0097468776083522,(0.09167140940906635+0.05913907509983787j),845.5323574133777,(0.0916714094090652+0.05913907509983851j),845.5323574133777
1058,1058,10.10579375,0.0081311503759644,(0.08544475874979815-0.09460574024541206j),846.3322934184991,(0.08544475874979691-0.0946057402454105j),846.3322934184991
1059,1059,10.10589375,0.008140706701315,(0.2074043397578828+0.08722172370709966j),847.1322294236206,(0.20740433975788625+0.08722172370709869j),847.1322294236206
1060,1060,10.10599375,0.0072756740625493,(-0.1724973620040643+0.054071583456409195j),847.9321654287421,(-0.17249736200406499+0.05407158345641109j),847.9321654287421
1061,1061,10.10609375,0.0081413624568586,(-0.11417120862932785+0.1376001719753484j),848.7321014338636,(-0.11417120862932624+0.1376001719753506j),848.7321014338636
1062,1062,10.10619375,0.0071159710073302,(-0.09420962428621293-0.10967836352836342j),849.532037438985,(-0.09420962428621289-0.10967836352836573j),849.532037438985
1063,1063,10.10629375,0.0059760635466482,(0.0599991461712997-0.06105475606999987j),850.3319734441064,(0.05999914617130047-0.0610547560699982j),850.3319734441064
1064,1064,10.10639375,0.006106091663192,(0.08454513388478294-0.2239098757997442j),851.1319094492279,(0.08454513388478475-0.22390987579974078j),851.1319094492279
1065,1065,10.10649375,0.0074704669043204,(0.006380676825715158-0.08256568002698589j),851.9318454543494,(0.006380676825711161-0.08256568002698436j),851.9318454543494
1066,1066,10.10659375,0.0082898684974535,(0.08461340299514161-0.21975243787932816j),852.7317814594708,(0.08461340299514228-0.21975243787932908j),852.7317814594708
1067,1067,10.10669375,0.0077762995765379,(-0.09586699462943629-0.14168978495171303j),853.5317174645922,(-0.09586699462944312-0.14168978495171264j),853.5317174645922
1068,1068,10.10679375,0.0063099394876338,(0.049473448898582566-0.008966186819056431j),854.3316534697137,(0.0494734488985864-0.008966186819055474j),854.3316534697137
1069,1069,10.10689375,0.0097564265136197,(0.15725297642051508-0.044154938083521604j),855.1315894748352,(0.15725297642051628-0.04415493808351872j),855.1315894748352
1070,1070,10.10699375,0.0088838140359914,(0.04656407437292183-0.03938034807208006j),855.9315254799566,(0.04656407437292172-0.039380348072080754j),855.9315254799566
1071,1071,10.10709375,0.0090203235678959,(0.1531794021987596+0.030660914268918295j),856.7314614850781,(0.15317940219875587+0.030660914268914423j),856.7314614850781
1072,1072,10.10719375,0.0083720008864385,(0.18066835522517286+0.07833951793562133j),857.5313974901995,(0.18066835522516742+0.07833951793562498j),857.5313974901995
1073,1073,10.10729375,0.010128610101722,(0.06615016501916199-0.14095867639735432j),858.331333495321,(0.06615016501915948-0.1409586763973555j),858.331333495321
1074,1074,10.10739375,0.0087246949664569,(-0.009758418982604752-0.0631041059113733j),859.1312695004425,(-0.009758418982605644-0.063104105911368j),859.1312695004425
1075,1075,10.10749375,0.0074882793390954,(-0.06345388706351315-0.022219235681030805j),859.9312055055639,(-0.06345388706351286-0.022219235681029237j),859.9312055055639
1076,1076,10.10759375,0.0068976008853395,(0.03202353180932667-0.04158169133506375j),860.7311415106853,(0.03202353180933043-0.04158169133506741j),860.7311415106853
1077,1077,10.10769375,0.0071382096738573,(0.1605952110308709+0.20451051197118345j),861.5310775158068,(0.16059521103086832+0.2045105119711862j),861.5310775158068
1078,1078,10.10779375,0.0064561792288592,(0.4301377967990936-0.3118332894385831j),862.3310135209283,(0.4301377967990936-0.31183328943858646j),862.3310135209283
1079,1079,10.10789375,0.0059705157445895,(-0.1464238707916002-0.08226706630676037j),863.1309495260497,(-0.1464238707915992-0.0822670663067595j),863.1309495260497
1080,1080,10.10799375,0.0065094374553594,(-0.19494835990006948+0.0062040094010689245j),863.9308855311712,(-0.19494835990006876+0.00620400940106812j),863.9308855311712
1081,1081,10.10809375,0.0059110065960108,(0.13542943356855422+0.16251154835635667j),864.7308215362926,(0.13542943356855444+0.16251154835635737j),864.7308215362926
1082,1082,10.10819375,0.00730524819077,(0.08309102680812754-0.2486761795580119j),865.5307575414141,(0.0830910268081288-0.24867617955801413j),865.5307575414141
1083,1083,10.10829375,0.0048022285642823,(-0.006411673403424287-0.16675985691094425j),866.3306935465356,(-0.006411673403424675-0.16675985691093992j),866.3306935465356
1084,1084,10.10839375,0.0055884860452131,(0.011716620970115853+0.03216395095607172j),867.130629551657,(0.011716620970112078+0.03216395095607102j),867.130629551657
1085,1085,10.10849375,0.0041918010221315,(0.11893581302907305+0.04862771340159884j),867.9305655567784,(0.11893581302907384+0.048627713401596516j),867.9305655567784
1086,1086,10.10859375,0.0053148017367632,(0.29006235351907295-0.2228824949733058j),868.7305015618999,(0.2900623535190714-0.22288249497330703j),868.7305015618999
1087,1087,10.10869375,0.0029808683665825,(-0.012584018972808343+0.42202492437817607j),869.5304375670214,(-0.012584018972807701+0.422024924378175j),869.5304375670214
1088,1088,10.10879375,0.0039719164830579,(0.2771339766887809+0.043093814548317996j),870.3303735721428,(0.27713397668877754+0.0430938145483202j),870.3303735721428
1089,1089,10.10889375,0.0034948327790221,(0.10921672650519326-0.21276768368046686j),871.1303095772643,(0.1092167265051913-0.21276768368046867j),871.1303095772643
1090,1090,10.10899375,0.0047244205198958,(0.12722656147147787+0.14036569080691366j),871.9302455823857,(0.12722656147147976+0.14036569080691316j),871.9302455823857
1091,1091,10.10909375,0.0036482902814778,(-0.13553015259279136-0.10861472465108844j),872.7301815875072,(-0.1355301525927894-0.10861472465109409j),872.7301815875072
1092,1092,10.10919375,0.0043115868412076,(-0.04345477128324331+0.05691428396759593j),873.5301175926286,(-0.04345477128324075+0.056914283967597j),873.5301175926286
1093,1093,10.10929375,0.0022668092713076,(0.00044555486225153484-0.09852125188810329j),874.3300535977501,(0.0004455548622533806-0.0985212518881032j),874.3300535977501
1094,1094,10.10939375,0.0031404712458584,(-0.12801674355493523-0.12261697619667607j),875.1299896028715,(-0.1280167435549348-0.12261697619667858j),875.1299896028715
1095,1095,10.10949375,0.0008172341823581,(0.23849296418740923-0.20792736864167558j),875.929925607993,(0.23849296418740892-0.20792736864167596j),875.929925607993
1096,1096,10.10959375,0.0018152878985024,(-0.2591039398101428-0.31954690005750713j),876.7298616131145,(-0.2591039398101417-0.31954690005750475j),876.7298616131145
1097,1097,10.10969375,0.0011408090415508,(-0.23815405553141666+0.3013234561851907j),877.5297976182359,(-0.23815405553141858+0.3013234561851922j),877.5297976182359
1098,1098,10.10979375,0.0022522090064332,(0.04600948342288065+0.1970080657060745j),878.3297336233574,(0.04600948342288073+0.19700806570607318j),878.3297336233574
1099,1099,10.10989375,0.0024044800041053,(-0.030870997489706523-0.11782973583036292j),879.1296696284788,(-0.03087099748970871-0.11782973583035601j),879.1296696284788
1100,1100,10.10999375,0.0031130379286908,(0.14687484358432906+0.08757811528536792j),879.9296056336003,(0.14687484358432656+0.08757811528536884j),879.9296056336003
1101,1101,10.11009375,0.0037799417481095,(-0.028199667119218293+0.036755010409148824j),880.7295416387217,(-0.028199667119218806+0.036755010409145014j),880.7295416387217
1102,1102,10.11019375,0.0043992148423944,(0.2148987974833276-0.06510336104014372j),881.5294776438432,(0.21489879748333013-0.06510336104014666j),881.5294776438432
1103,1103,10.11029375,0.0041468816952136,(0.19424044529290313+0.03159420861198982j),882.3294136489646,(0.19424044529290652+0.03159420861199068j),882.3294136489646
1104,1104,10.11039375,0.003443897157862,(0.24022566037071064-0.013829863656952305j),883.1293496540861,(0.24022566037071125-0.013829863656947775j),883.1293496540861
1105,1105,10.11049375,0.0020449997532327,(0.044114956159469615-0.3435311640137169j),883.9292856592075,(0.04411495615947217-0.3435311640137168j),883.9292856592075
1106,1106,10.11059375,0.0012192201024614,(-0.2128797779897078+0.011181915151014882j),884.729221664329,(-0.2128797779897092+0.011181915151013064j),884.729221664329
1107,1107,10.11069375,0.0028470684181459,(0.014353356690507597+0.07756478646659691j),885.5291576694505,(0.014353356690507298+0.0775647864665947j),885.5291576694505
1108,1108,10.11079375,0.0021933142383873,(0.07615627991321393+0.17210023150472525j),886.3290936745719,(0.07615627991320895+0.17210023150472378j),886.3290936745719
1109,1109,10.11089375,0.0023906012980671,(-0.020202387622920016+0.16229383131531985j),887.1290296796934,(-0.02020238762292504+0.162293831315319j),887.1290296796934
1110,1110,10.11099375,0.0018941770414125,(-0.012820719564329605+0.07490548478227241j),887.9289656848148,(-0.012820719564330075+0.07490548478227155j),887.9289656848148
1111,1111,10.11109375,0.0029108060862446,(-0.2657761507263665-0.08124456554167094j),888.7289016899363,(-0.2657761507263675-0.08124456554166985j),888.7289016899363
1112,1112,10.11119375,0.0035252017162643,(-0.055203282111416535+0.10794294786828108j),889.5288376950577,(-0.055203282111416604+0.10794294786827972j),889.5288376950577
1113,1113,10.11129375,0.0041981640772324,(-0.06472620331330356+0.2620216109967982j),890.3287737001792,(-0.06472620331330452+0.26202161099680094j),890.3287737001792
1114,1114,10.11139375,0.0043630004985617,(0.13311011801746908+0.155096989139689j),891.1287097053006,(0.13311011801746547+0.15509698913969j),891.1287097053006
1115,1115,10.11149375,0.0052920436726877,(0.12876499022252513-0.047877829298659684j),891.9286457104221,(0.12876499022252783-0.047877829298659275j),891.9286457104221
1116,1116,10.11159375,0.0040592435087391,(-0.03132807656200559+0.14465902288998006j),892.7285817155436,(-0.03132807656200376+0.14465902288998037j),892.7285817155436
1117,1117,10.11169375,0.0050068956755382,(0.1059559066812711+0.19359276086592225j),893.528517720665,(0.10595590668126886+0.19359276086592536j),893.528517720665
1118,1118,10.11179375,0.0052603542328427,(0.16272850024970587+0.1740791010252403j),894.3284537257865,(0.1627285002497055+0.1740791010252365j),894.3284537257865
1119,1119,10.11189375,0.0059570753665313,(-0.020703930622932246-0.0765553328213921j),895.1283897309079,(-0.02070393062293354-0.07655533282139478j),895.1283897309079
1120,1120,10.11199375,0.004047014843702,(0.13994450058224622-0.04583048973017771j),895.9283257360294,(0.13994450058224844-0.04583048973017766j),895.9283257360294
1121,1121,10.11209375,0.0033547362427137,(0.07693629857942616+0.03356114484383734j),896.7282617411508,(0.07693629857942558+0.033561144843835516j),896.7282617411508
1122,1122,10.11219375,0.004240808664917,(-0.057234417637710956+0.024972436893376238j),897.5281977462723,(-0.057234417637710026+0.024972436893377872j),897.5281977462723
1123,1123,10.11229375,0.0055929796148564,(-0.04515665045746961+0.15814029788925965j),898.3281337513937,(-0.04515665045746721+0.15814029788925915j),898.3281337513937
1124,1124,10.11239375,0.0046758949437451,(0.19345380317761005+0.014077360793803492j),899.1280697565152,(0.19345380317760674+0.01407736079380345j),899.1280697565152
1125,1125,10.11249375,0.0055690167914656,(0.18992784147997713-0.06716960535430262j),899.9280057616367,(0.18992784147997313-0.06716960535430687j),899.9280057616367
1126,1126,10.11259375,0.0050829756843116,(-0.1947323243394298+0.0059210851030077685j),900.727941766758,(-0.19473232433942933+0.005921085103006894j),900.7279417667581
1127,1127,10.11269375,0.0072244099683527,(-0.0030340896559369526-0.013857658414884007j),901.5278777718796,(-0.003034089655940348-0.013857658414883926j),901.5278777718795
1128,1128,10.11279375,0.0068912802799314,(0.08776702657802211+0.03130525048167156j),902.327813777001,(0.08776702657802107+0.03130525048167332j),902.327813777001
1129,1129,10.11289375,0.0072199545431899,(0.16646084223718657-0.06059670246310618j),903.1277497821224,(0.16646084223718688-0.06059670246310267j),903.1277497821225
1130,1130,10.11299375,0.0076190711111172,(-0.1683337551134519+0.15673681843299306j),903.927685787244,(-0.1683337551134546+0.1567368184329945j),903.927685787244
1131,1131,10.11309375,0.0083976110293423,(-0.002206621026469003-0.06696461884542604j),904.7276217923654,(-0.0022066210264746373-0.0669646188454272j),904.7276217923654
1132,1132,10.11319375,0.0091315933983508,(0.02767947160951867-0.1546465234138393j),905.5275577974868,(0.02767947160951483-0.15464652341384047j),905.5275577974868
1133,1133,10.11329375,0.0096293024743864,(-0.036425647180262005-0.10611603954351963j),906.3274938026084,(-0.03642564718025938-0.10611603954352092j),906.3274938026083
1134,1134,10.11339375,0.0081802483467304,(-0.1054374805350895+0.1483418136229721j),907.1274298077298,(-0.1054374805350852+0.14834181362297302j),907.1274298077298
1135,1135,10.11349375,0.008840533620433,(-0.03377114958265195+0.19561921709510305j),907.9273658128512,(-0.03377114958265161+0.19561921709510074j),907.9273658128512
1136,1136,10.11359375,0.0072744878418457,(0.08404748494360498+0.1897351332707765j),908.7273018179726,(0.08404748494360313+0.1897351332707794j),908.7273018179726
1137,1137,10.11369375,0.0070042974112162,(0.16328387789270102-0.07449676217085435j),909.527237823094,(0.1632838778927022-0.0744967621708543j),909.5272378230941
1138,1138,10.11379375,0.0058774751346339,(-0.024275870132162262-0.07416169903934648j),910.3271738282156,(-0.0242758701321605-0.07416169903934748j),910.3271738282156
1139,1139,10.11389375,0.0053722986323069,(0.010174045102454773+0.1710924355952673j),911.127109833337,(0.010174045102459825+0.17109243559526938j),911.127109833337
1140,1140,10.11399375,0.006557732248806,(0.04102278697809501-0.09480895783985205j),911.9270458384584,(0.04102278697809723-0.09480895783985231j),911.9270458384584
1141,1141,10.11409375,0.0089762327176881,(0.06946358242650845-0.06700040158716998j),912.72698184358,(0.06946358242650524-0.06700040158716936j),912.7269818435799
1142,1142,10.11419375,0.0084148029454767,(-0.010128059756830718-0.030986550770488158j),913.5269178487014,(-0.010128059756830938-0.030986550770488556j),913.5269178487014
1143,1143,10.11429375,0.0094846084803847,(0.039167069134130955-0.09970294461980367j),914.3268538538229,(0.039167069134130726-0.0997029446198047j),914.3268538538229
1144,1144,10.11439375,0.0084375196076028,(-0.10554305643055736+0.032500402218200275j),915.1267898589444,(-0.10554305643055693+0.03250040221819908j),915.1267898589443
1145,1145,10.11449375,0.011624031387203,(0.17107956063921664-0.06288696146366926j),915.9267258640656,(0.17107956063921442-0.06288696146367148j),915.9267258640657
1146,1146,10.11459375,0.0101246034181765,(-0.15487637407062985-0.17895732570378545j),916.7266618691872,(-0.154876374070631-0.17895732570378461j),916.7266618691872
1147,1147,10.11469375,0.0090313337083386,(0.12378679439046633+0.22460849577743608j),917.5265978743088,(0.12378679439046836+0.2246084957774388j),917.5265978743087
1148,1148,10.11479375,0.0079665500285534,(0.20230086803178604-0.4092690823223063j),918.32653387943,(0.20230086803178143-0.40926908232230613j),918.3265338794301
1149,1149,10.11489375,0.0065376914536473,(-0.33861496018911685-0.09899970737824879j),919.1264698845516,(-0.3386149601891178-0.09899970737825375j),919.1264698845515
1150,1150,10.11499375,0.0064638458964846,(-0.14862376996098028+0.26523824962205633j),919.926405889673,(-0.148623769960983+0.26523824962205994j),919.926405889673
1151,1151,10.11509375,0.0060034814256358,(-0.0052322320004886454+0.13713040053434677j),920.7263418947944,(-0.005232232000487495+0.13713040053434813j),920.7263418947945
1152,1152,10.11519375,0.0071554675038334,(0.13619910000621446-0.10854030050472534j),921.526277899916,(0.13619910000621513-0.1085403005047247j),921.526277899916
1153,1153,10.11529375,0.006759567601697,(-0.09804634114757552-0.06680227021902364j),922.3262139050374,(-0.09804634114757174-0.06680227021901883j),922.3262139050374
1154,1154,10.11539375,0.0073456001577808,(-0.11317369733811398+0.19193390507002817j),923.1261499101588,(-0.11317369733811518+0.19193390507002508j),923.1261499101588
1155,1155,10.11549375,0.0081879042979259,(0.055779002721486476+0.2255130932628439j),923.9260859152804,(0.05577900272148442+0.22551309326284008j),923.9260859152803
1156,1156,10.11559375,0.0094777528861974,(0.19270272699184965-0.05204687168944421j),924.7260219204018,(0.19270272699185376-0.05204687168944512j),924.7260219204018
1157,1157,10.11569375,0.0091351106255927,(-0.09415597331364484+0.1347900780471134j),925.5259579255232,(-0.09415597331364257+0.13479007804711415j),925.5259579255232
1158,1158,10.11579375,0.0083721140027714,(0.13898067953176263-0.020778590623674216j),926.3258939306446,(0.13898067953176624-0.020778590623673834j),926.3258939306446
1159,1159,10.11589375,0.0083119248429259,(-0.03521001243858206-0.03107426077521228j),927.125829935766,(-0.03521001243858043-0.031074260775211325j),927.1258299357661
1160,1160,10.11599375,0.0077034474954132,(0.10936091688321382+0.02621826310642928j),927.9257659408876,(0.10936091688321382+0.02621826310642869j),927.9257659408876
1161,1161,10.11609375,0.0059838090138765,(0.10544091706513861+0.047898699937776644j),928.725701946009,(0.10544091706513943+0.04789869993777792j),928.725701946009
1162,1162,10.11619375,0.0049475972753547,(0.20700078862307136+0.0021783897590583945j),929.5256379511304,(0.20700078862307322+0.002178389759055371j),929.5256379511304
1163,1163,10.11629375,0.0036021515407658,(0.3585490542541582-0.28790901058062324j),930.325573956252,(0.3585490542541584-0.2879090105806224j),930.3255739562519
1164,1164,10.11639375,0.0040236850363874,(0.13543894027256992+0.039944382729956734j),931.1255099613734,(0.1354389402725707+0.03994438272995518j),931.1255099613734
1165,1165,10.11649375,0.0034068526690917,(0.010473494699879134+0.32181373918616657j),931.9254459664947,(0.010473494699880945+0.3218137391861688j),931.9254459664949
1166,1166,10.11659375,0.0042150611062723,(0.7886028030863641+0.21755015347861978j),932.7253819716163,(0.7886028030863648+0.21755015347861967j),932.7253819716163
1167,1167,10.11669375,0.0041523924584466,(0.7168596102759387-0.1580217446377361j),933.5253179767376,(0.716859610275941-0.1580217446377345j),933.5253179767377
1168,1168,10.11679375,0.0056394891154597,(0.5994038851557706+0.2149129520848307j),934.3252539818592,(0.5994038851557741+0.2149129520848319j),934.3252539818592
1169,1169,10.11689375,0.0047269135483439,(-0.3457269307285777+1.2203729457767265j),935.1251899869808,(-0.3457269307285801+1.2203729457767254j),935.1251899869807
1170,1170,10.11699375,0.0052155612117689,(0.5860536127502066-1.266325985839161j),935.9251259921022,(0.5860536127502064-1.2663259858391605j),935.9251259921022
1171,1171,10.11709375,0.0024536465499036,(-0.5109302689845721-0.5977964186064046j),936.7250619972236,(-0.5109302689845718-0.5977964186064019j),936.7250619972235
1172,1172,10.11719375,0.0037500737794907,(-0.5497225183161796-0.07803963372366217j),937.524998002345,(-0.549722518316178-0.07803963372366358j),937.524998002345
1173,1173,10.11729375,0.003117103585441,(-0.11603611170507279+0.04335374093732178j),938.3249340074664,(-0.11603611170507228+0.043353740937320036j),938.3249340074665
1174,1174,10.11739375,0.0040574432065069,(0.031181156643700622+0.026340528392774152j),939.124870012588,(0.03118115664370108+0.02634052839277392j),939.124870012588
1175,1175,10.11749375,0.0020703537244861,(-0.05601908763679442+0.13061323944872785j),939.9248060177092,(-0.05601908763679514+0.13061323944873526j),939.9248060177093
1176,1176,10.11759375,0.0035418465467036,(-0.07452025730228332-0.16648717371330135j),940.7247420228308,(-0.07452025730228386-0.16648717371330368j),940.7247420228308
1177,1177,10.11769375,0.0026980445269841,(-0.14862047691049446-0.07240488877630204j),941.5246780279524,(-0.14862047691048977-0.07240488877630366j),941.5246780279523
1178,1178,10.11779375,0.0043997268335618,(-0.05244551663241345+0.042781350861736525j),942.3246140330738,(-0.0524455166324153+0.04278135086173652j),942.3246140330738
1179,1179,10.11789375,0.0028023764427692,(-0.13165724975033188-0.024075068612014958j),943.1245500381953,(-0.13165724975033208-0.024075068612007894j),943.1245500381953
1180,1180,10.11799375,0.0023229793256285,(-0.061610784263612134-0.05371078505200248j),943.9244860433166,(-0.06161078426361315-0.05371078505200572j),943.9244860433166
1181,1181,10.11809375,0.0010064130787688,(-0.12222213984008917-0.24760775360038897j),944.724422048438,(-0.12222213984008858-0.24760775360038734j),944.7244220484381
1182,1182,10.11819375,0.0027330862077435,(-0.18258559507391686+0.007450044469558395j),945.5243580535596,(-0.18258559507392128+0.007450044469556466j),945.5243580535596
1183,1183,10.11829375,0.0025838593489555,(-0.14148725828126088+0.054738777531891096j),946.3242940586812,(-0.14148725828126232+0.05473877753188984j),946.3242940586811
1184,1184,10.11839375,0.002131526818033,(-0.1126907686912565+0.016548511211419068j),947.1242300638024,(-0.11269076869125585+0.016548511211419092j),947.1242300638024
1185,1185,10.11849375,0.001532068581196,(-0.057687085826835335+0.10534145392368298j),947.924166068924,(-0.05768708582683569+0.10534145392368009j),947.9241660689239
1186,1186,10.11859375,0.0035732418893094,(-0.15160318924184416-0.09116178965689932j),948.7241020740454,(-0.15160318924183921-0.09116178965690012j),948.7241020740454
1187,1187,10.11869375,0.0027680566272632,(-0.18445144876918615-0.025751751910397344j),949.5240380791668,(-0.1844514487691864-0.02575175191039278j),949.5240380791669
1188,1188,10.11879375,0.0034270331942582,(0.013855668706457307+0.08261294299137384j),950.3239740842884,(0.013855668706461686+0.0826129429913725j),950.3239740842884
1189,1189,10.11889375,0.0016507395286663,(-0.21717627095680353+0.16068003258545904j),951.1239100894096,(-0.21717627095680225+0.16068003258546226j),951.1239100894097
1190,1190,10.11899375,0.0029504031349906,(0.007919946223433158+0.07365007304702567j),951.9238460945312,(0.007919946223431992+0.07365007304702606j),951.9238460945312
1191,1191,10.11909375,0.0028230227514115,(-0.058808026420305484-0.25361000689759544j),952.7237820996528,(-0.05880802642030184-0.2536100068975974j),952.7237820996527
1192,1192,10.11919375,0.0043311724862939,(-0.3766197538617044+0.36309651000246834j),953.5237181047742,(-0.37661975386170393+0.3630965100024687j),953.5237181047742
1193,1193,10.11929375,0.0034668820200719,(0.23339118346277793+0.35080047835656536j),954.3236541098956,(0.23339118346277782+0.350800478356565j),954.3236541098955
1194,1194,10.11939375,0.0036541846622203,(0.30916817289960274+0.0024663102910312193j),955.123590115017,(0.3091681728996024+0.0024663102910305254j),955.123590115017
1195,1195,10.11949375,0.0039495599253972,(-0.019544057270264377-0.09856516450407302j),955.9235261201384,(-0.019544057270264467-0.09856516450407315j),955.9235261201385
1196,1196,10.11959375,0.0055687913685446,(0.0988303657686556+0.15069785074493444j),956.72346212526,(0.0988303657686574+0.15069785074493636j),956.72346212526
1197,1197,10.11969375,0.0051213041315961,(0.14588394832263069+0.10206874677992851j),957.5233981303812,(0.1458839483226337+0.10206874677993011j),957.5233981303813
1198,1198,10.11979375,0.0042537735598389,(0.1479914642813099-0.10489992865253173j),958.3233341355028,(0.14799146428131094-0.10489992865253142j),958.3233341355028
1199,1199,10.11989375,0.0033598386602817,(-0.1596371120136343-0.16523947067682218j),959.1232701406244,(-0.1596371120136386-0.16523947067682326j),959.1232701406243
1200,1200,10.11999375,0.003993229040953,(0.08179706463915454+0.17020670379398048j),959.9232061457458,(0.08179706463915676+0.17020670379398511j),959.9232061457458
1201,1201,10.12009375,0.0051893084492655,(0.16332392917145994-0.11802325883147155j),960.7231421508671,(0.1633239291714642-0.11802325883147312j),960.7231421508673
1202,1202,10.12019375,0.005431511605371,(-0.047209915269742095-0.2059918917808335j),961.5230781559886,(-0.04720991526973713-0.20599189178083133j),961.5230781559886
1203,1203,10.12029375,0.0037041031451752,(-0.17553913637963411-0.004373421737616678j),962.32301416111,(-0.17553913637963692-0.004373421737614805j),962.3230141611101
1204,1204,10.12039375,0.0045300960947615,(0.03710658772004098-0.0807546665118853j),963.1229501662316,(0.03710658772004111-0.08075466651188508j),963.1229501662316
1205,1205,10.12049375,0.0060365791481814,(-0.08410974477702315-0.05772389629688751j),963.9228861713532,(-0.08410974477702551-0.05772389629688915j),963.9228861713531
1206,1206,10.12059375,0.0064032175938637,(-0.1324663873392348-0.14466635491349153j),964.7228221764744,(-0.13246638733923197-0.14466635491349494j),964.7228221764744
1207,1207,10.12069375,0.0070934970818457,(-0.1955124129890098+0.12720793329888996j),965.522758181596,(-0.19551241298900862+0.12720793329888716j),965.5227581815959
1208,1208,10.12079375,0.0049940710801655,(0.06749537548745965-0.031837959556421776j),966.3226941867174,(0.06749537548746375-0.03183795955642589j),966.3226941867174
1209,1209,10.12089375,0.006791093716686,(-0.3035022833936792-0.12296672205577173j),967.1226301918388,(-0.3035022833936789-0.1229667220557688j),967.1226301918389
1210,1210,10.12099375,0.0071777129613708,(-0.017965844269276735+0.24749909558638472j),967.9225661969602,(-0.01796584426927876+0.2474990955863825j),967.9225661969602
1211,1211,10.12109375,0.0077733412842737,(0.047590197391447854+0.1504979337775601j),968.7225022020816,(0.04759019739144911+0.15049793377755935j),968.7225022020817
1212,1212,10.12119375,0.0085703991428401,(-0.0033262787904590773+0.05173963290904963j),969.5224382072032,(-0.003326278790462875+0.05173963290904466j),969.5224382072032
1213,1213,10.12129375,0.0062918589181082,(-0.06950173148871147+0.016932753125790522j),970.3223742123248,(-0.0695017314887095+0.01693275312579337j),970.3223742123247
1214,1214,10.12139375,0.0070170186680964,(0.025816122903918534+0.11835606684982715j),971.1223102174462,(0.025816122903920095+0.1183560668498294j),971.1223102174462
1215,1215,10.12149375,0.0061690033276039,(0.0319819078034895+0.07049006860867676j),971.9222462225677,(0.031981907803495344+0.07049006860867471j),971.9222462225675
1216,1216,10.12159375,0.0085051554101521,(0.10355419354295185-0.17428126187298698j),972.722182227689,(0.10355419354295012-0.17428126187298476j),972.722182227689
1217,1217,10.12169375,0.0082444857789921,(-0.07378305822640252-0.13100657757317175j),973.5221182328104,(-0.0737830582264048-0.1310065775731688j),973.5221182328105
1218,1218,10.12179375,0.0073436923271091,(0.08627291541023474+0.20898577366892263j),974.322054237932,(0.08627291541023274+0.2089857736689227j),974.322054237932
1219,1219,10.12189375,0.0076679000797612,(-0.00891491131678316+0.09506231184074194j),975.1219902430532,(-0.00891491131678563+0.09506231184074108j),975.1219902430533
1220,1220,10.12199375,0.0078289997782637,(0.10760036802738142-0.13611871175763682j),975.9219262481748,(0.1076003680273813-0.13611871175763718j),975.9219262481748
1221,1221,10.12209375,0.0085027772970621,(-0.0901833201180541+0.02267337655572308j),976.7218622532964,(-0.09018332011805494+0.02267337655572301j),976.7218622532963
1222,1222,10.12219375,0.0084304648601233,(0.02432528901692587-0.06785776820960522j),977.5217982584178,(0.02432528901692595-0.06785776820960274j),977.5217982584178
1223,1223,10.12229375,0.0072457293419632,(0.02328677564251143+0.1053458375908909j),978.3217342635392,(0.023286775642513295+0.10534583759088953j),978.3217342635393
1224,1224,10.12239375,0.0068976036981648,(-0.07529869086304339+0.06896037108706254j),979.1216702686606,(-0.07529869086304165+0.0689603710870616j),979.1216702686606
1225,1225,10.12249375,0.0073419625964892,(0.023757069029297723+0.1571170397353159j),979.921606273782,(0.023757069029293223+0.1571170397353125j),979.9216062737821
1226,1226,10.12259375,0.0079782197702909,(0.10187951558577625-0.03513822721923906j),980.7215422789036,(0.10187951558577722-0.03513822721923895j),980.7215422789036
1227,1227,10.12269375,0.0078733422036882,(-0.040813855399528046-0.04410999894196973j),981.5214782840252,(-0.04081385539952922-0.044109998941972525j),981.5214782840251
1228,1228,10.12279375,0.0076812773513428,(-0.10747329534526104-0.06665569291116838j),982.3214142891464,(-0.1074732953452601-0.06665569291116713j),982.3214142891464
1229,1229,10.12289375,0.0077831923906405,(-0.1326038986756297+0.1770670912074662j),983.121350294268,(-0.13260389867563294+0.17706709120746641j),983.1213502942679
1230,1230,10.12299375,0.0081230928285648,(-0.07203207985194168+0.061553862407183045j),983.9212862993894,(-0.07203207985193996+0.061553862407183975j),983.9212862993894
1231,1231,10.12309375,0.008013174938288,(-0.07988844424695848-0.01806652054230848j),984.7212223045108,(-0.07988844424695817-0.01806652054230777j),984.7212223045109
1232,1232,10.12319375,0.0091954810581478,(-0.009335220908934537+0.062462850674611395j),985.5211583096324,(-0.00933522090893341+0.06246285067461499j),985.5211583096323
1233,1233,10.12329375,0.0082955030646241,(-0.02418084469785558-0.07974301673678408j),986.3210943147536,(-0.02418084469785707-0.07974301673678326j),986.3210943147537
1234,1234,10.12339375,0.0081479072754511,(-0.019120054146075947-0.090573480868588j),987.1210303198752,(-0.019120054146074983-0.09057348086859146j),987.1210303198752
1235,1235,10.12349375,0.0079056716186441,(-0.01085288727530042-0.003049969070648579j),987.9209663249968,(-0.010852887275299353-0.0030499690706487902j),987.9209663249967
1236,1236,10.12359375,0.0066140703682445,(0.0652325376402085+0.13388567977330076j),988.7209023301182,(0.0652325376402093+0.13388567977329952j),988.7209023301182
1237,1237,10.12369375,0.006375440777361,(0.09561977298880556+0.02409795739572626j),989.5208383352395,(0.09561977298880288+0.024097957395728068j),989.5208383352395
1238,1238,10.12379375,0.0068833461486473,(-0.11345917298268557-0.19817692114667848j),990.320774340361,(-0.11345917298268504-0.19817692114667795j),990.320774340361
1239,1239,10.12389375,0.00688699341313,(-0.006960330057441441+0.11124353207443213j),991.1207103454824,(-0.006960330057441108+0.11124353207443223j),991.1207103454825
1240,1240,10.12399375,0.0067312924956373,(-0.07782381279952039-0.04600343836630647j),991.920646350604,(-0.07782381279952173-0.04600343836630482j),991.920646350604
1241,1241,10.12409375,0.0069798864878007,(-0.07047734199602818-0.02024422358967334j),992.7205823557254,(-0.07047734199602823-0.02024422358967594j),992.7205823557254
1242,1242,10.12419375,0.0083864795801089,(-0.03641472329721968+0.02794153543517283j),993.5205183608468,(-0.03641472329722123+0.027941535435171354j),993.5205183608468
1243,1243,10.12429375,0.0084121610943337,(0.14732694836710447+0.11688672086662384j),994.3204543659684,(0.14732694836710486+0.11688672086662218j),994.3204543659683
1244,1244,10.12439375,0.0070485511379049,(-0.010986442733662248-0.01857906693895567j),995.1203903710898,(-0.010986442733667572-0.018579066938956567j),995.1203903710898
1245,1245,10.12449375,0.0064697227803842,(-0.18397265604280771+0.03280410708171142j),995.9203263762112,(-0.18397265604280716+0.03280410708171093j),995.9203263762112
1246,1246,10.12459375,0.0052051216399094,(-0.01040798362312998+0.11974240112784236j),996.7202623813326,(-0.010407983623129571+0.11974240112784415j),996.7202623813326
1247,1247,10.12469375,0.0052573013161867,(0.051355025004826735+0.022369820382421766j),997.520198386454,(0.0513550250048264+0.022369820382420094j),997.5201983864541
1248,1248,10.12479375,0.0045089229511298,(-0.10147071616270022-0.04208840983036144j),998.3201343915756,(-0.10147071616269855-0.042088409830359594j),998.3201343915756
1249,1249,10.12489375,0.0026332294034547,(-0.12500373409113535+0.020219828444225783j),999.1200703966972,(-0.12500373409113125+0.020219828444227782j),999.1200703966971
1250,1250,10.12499375,0.0040284423030886,(-0.055733947605345814+0.06880075957860467j),999.9200064018185,(-0.055733947605346966+0.06880075957860575j),999.9200064018185
1251,1251,10.12509375,0.0034966068561337,(-0.006073910164351052-0.05303422354701169j),1000.71994240694,(-0.006073910164348214-0.05303422354700843j),1000.7199424069399
1252,1252,10.12519375,0.0039767572297588,(-0.02562036876024974+0.032254344336505134j),1001.5198784120614,(-0.02562036876024518+0.032254344336507874j),1001.5198784120614
1253,1253,10.12529375,0.0056531542781243,(0.052061573919614385-0.039647577315747196j),1002.3198144171828,(0.05206157391961098-0.039647577315743796j),1002.3198144171829
1254,1254,10.12539375,0.0046217658284618,(0.08043966553306806-0.10239326627397193j),1003.1197504223044,(0.08043966553306528-0.10239326627396829j),1003.1197504223043
1255,1255,10.12549375,0.0048322135827965,(-0.08568952499574228+0.008619034167128121j),1003.9196864274256,(-0.08568952499574249+0.008619034167129041j),1003.9196864274257
1256,1256,10.12559375,0.0024938174105728,(0.0604695832293118+0.09803511169723354j),1004.7196224325472,(0.06046958322931404+0.09803511169723417j),1004.7196224325472
1257,1257,10.12569375,0.0043064185465993,(0.054592619497525224+0.006290117231876313j),1005.5195584376688,(0.054592619497522435+0.006290117231874046j),1005.5195584376687
1258,1258,10.12579375,0.0031683781846943,(0.06269579587724479-0.016329085827484068j),1006.3194944427902,(0.06269579587724117-0.01632908582748559j),1006.3194944427902
1259,1259,10.12589375,0.0027538297816954,(-0.08164608987243406-0.10850880645615749j),1007.1194304479116,(-0.08164608987243571-0.10850880645615764j),1007.1194304479116
1260,1260,10.12599375,0.0037016730091576,(-0.0503781503401865+0.07302739574128736j),1007.919366453033,(-0.05037815034018879+0.07302739574129037j),1007.919366453033
1261,1261,10.12609375,0.0029428721838224,(-0.10494870691787019+0.11095510581247534j),1008.7193024581544,(-0.1049487069178699+0.1109551058124745j),1008.7193024581545
1262,1262,10.12619375,0.0048833610217811,(0.0038021144530006137-0.005358184902340093j),1009.519238463276,(0.0038021144530055615-0.005358184902338638j),1009.519238463276
1263,1263,10.12629375,0.0029139315497285,(-0.011935882350752488-0.12197733409828193j),1010.3191744683974,(-0.011935882350754799-0.12197733409828074j),1010.3191744683974
1264,1264,10.12639375,0.0013175862617812,(0.020609310546210333+0.028837531259861056j),1011.1191104735188,(0.020609310546211075+0.028837531259859713j),1011.1191104735188
1265,1265,10.12649375,0.0022523216090342,(0.03609732437911117+0.03445257809432682j),1011.9190464786404,(0.03609732437911561+0.034452578094325774j),1011.9190464786403
1266,1266,10.12659375,0.0030323480897937,(0.0021538625626346076+0.014390898933369659j),1012.7189824837618,(0.002153862562634637+0.01439089893336366j),1012.7189824837618
1267,1267,10.12669375,0.0040675116716725,(-0.010174238372830376+0.017245368729352707j),1013.5189184888832,(-0.010174238372831657+0.017245368729356784j),1013.5189184888832
1268,1268,10.12679375,0.0010332826955021,(-0.03396947302412373+0.029485758690062987j),1014.3188544940048,(-0.03396947302412376+0.029485758690059937j),1014.3188544940047
1269,1269,10.12689375,0.0036346128202365,(-0.06321599127034341-0.047466853312588514j),1015.118790499126,(-0.06321599127034268-0.04746685331258946j),1015.1187904991261
1270,1270,10.12699375,0.0039974154143724,(-0.03617325586968098-0.05245818007868181j),1015.9187265042476,(-0.03617325586967802-0.05245818007868334j),1015.9187265042476
1271,1271,10.12709375,0.0037167108810702,(-0.09949138243500902+0.02139896529968595j),1016.7186625093692,(-0.0994913824350063+0.021398965299685775j),1016.7186625093691
1272,1272,10.12719375,0.0033006244382234,(-0.015450168660067026+0.02464010135225767j),1017.5185985144903,(-0.015450168660067733+0.024640101352259386j),1017.5185985144905
1273,1273,10.12729375,0.0038941222497247,(-0.027683566926597077+0.014583090059141301j),1018.318534519612,(-0.02768356692659599+0.01458309005914418j),1018.318534519612
1274,1274,10.12739375,0.0049069064820316,(-0.055902896113987695+0.004574654824212199j),1019.1184705247334,(-0.05590289611398985+0.004574654824211894j),1019.1184705247334
1275,1275,10.12749375,0.0048808023845265,(-0.10542986554989901+0.03607543800472621j),1019.9184065298548,(-0.10542986554989653+0.0360754380047236j),1019.9184065298549
1276,1276,10.12759375,0.0031630077132537,(-0.08346350504500297+0.054310762384314884j),1020.7183425349764,(-0.08346350504500323+0.05431076238431365j),1020.7183425349763
1277,1277,10.12769375,0.0029288720102932,(0.018179069231484796+0.0007365919948944164j),1021.5182785400978,(0.018179069231487457+0.0007365919948938435j),1021.5182785400978
1278,1278,10.12779375,0.0013961031810876,(0.018568704311536434+0.017974780975072456j),1022.3182145452192,(0.01856870431153438+0.017974780975067762j),1022.3182145452192
1279,1279,10.12789375,0.0025771284440513,(-0.16839394389426085-0.05213832079667391j),1023.1181505503408,(-0.16839394389425905-0.0521383207966692j),1023.1181505503407
1280,1280,10.12799375,0.0014967362773418,(-0.04190032380112029+0.006480478232454997j),1023.9180865554622,(-0.04190032380112041+0.006480478232457297j),1023.9180865554622
1281,1281,10.12809375,0.0026618279301702,(-0.05710404865243559+0.1478184811729637j),1024.7180225605837,(-0.057104048652434944+0.147818481172966j),1024.7180225605837
1282,1282,10.12819375,0.003586353780125,(0.0701657393034011+0.031078426298759593j),1025.5179585657052,(0.07016573930339974+0.031078426298760765j),1025.5179585657052
1283,1283,10.12829375,0.0049175936861847,(0.03788294978768986-0.06239402178435656j),1026.3178945708264,(0.0378829497876889-0.062394021784355984j),1026.3178945708264
1284,1284,10.12839375,0.0058186697039191,(0.05431836397483852+0.12462670224672752j),1027.117830575948,(0.0543183639748327+0.12462670224673104j),1027.117830575948
1285,1285,10.12849375,0.0068782693336548,(0.07659665673047339-0.09519902611061024j),1027.9177665810694,(0.07659665673047449-0.09519902611061196j),1027.9177665810694
1286,1286,10.12859375,0.0068368719842003,(0.010406647317307203-0.04965466803028294j),1028.7177025861909,(0.010406647317309795-0.0496546680302796j),1028.7177025861909
1287,1287,10.12869375,0.0064791000706234,(0.056297670336055324-0.07246261789125513j),1029.5176385913123,(0.056297670336055324-0.0724626178912598j),1029.5176385913123
1288,1288,10.12879375,0.0070546496596882,(0.07011299804617271+0.1443792753919038j),1030.3175745964338,(0.07011299804617098+0.14437927539190712j),1030.3175745964338
1289,1289,10.12889375,0.005781653306312,(0.04208578679310872-0.03975544551038662j),1031.1175106015553,(0.04208578679311263-0.03975544551038513j),1031.1175106015553
1290,1290,10.12899375,0.0050334876866857,(-0.05991167136545561-0.0014307052910552155j),1031.9174466066768,(-0.05991167136545663-0.0014307052910569294j),1031.9174466066768
1291,1291,10.12909375,0.0047412270866828,(-0.03967448122847739+0.10425853894864583j),1032.717382611798,(-0.03967448122847672+0.10425853894864615j),1032.717382611798
1292,1292,10.12919375,0.0045704378139266,(0.002453092815437998+0.07013394102304735j),1033.5173186169195,(0.0024530928154362693+0.07013394102305054j),1033.5173186169195
1293,1293,10.12929375,0.0055064284119471,(0.049686013856018015-0.08587053859033504j),1034.317254622041,(0.049686013856016814-0.0858705385903374j),1034.317254622041
1294,1294,10.12939375,0.0055624671938842,(0.011114033576506116-0.18388265274009125j),1035.1171906271625,(0.011114033576508659-0.18388265274009347j),1035.1171906271625
1295,1295,10.12949375,0.0061218001480112,(0.22025125808305895-0.02145742420154924j),1035.917126632284,(0.22025125808305324-0.021457424201548447j),1035.917126632284
1296,1296,10.12959375,0.0060194326768583,(-0.3358923991659715-0.09328042103769889j),1036.7170626374054,(-0.3358923991659706-0.09328042103769651j),1036.7170626374054
1297,1297,10.12969375,0.0066662330095051,(0.015257463571992015+0.28826175416808897j),1037.516998642527,(0.015257463571993084+0.2882617541680856j),1037.516998642527
1298,1298,10.12979375,0.0079266581892517,(0.12262004601194801-0.00041312715846591325j),1038.3169346476484,(0.12262004601194662-0.00041312715847112436j),1038.3169346476484
1299,1299,10.12989375,0.008545680369727,(0.04270096858820162-0.04756952499451712j),1039.11687065277,(0.0427009685882042-0.047569524994517276j),1039.1168706527699
1300,1300,10.12999375,0.0077769609883449,(0.07493502327242739+0.08320113502746433j),1039.9168066578911,(0.07493502327242377+0.08320113502746167j),1039.9168066578911
1301,1301,10.13009375,0.0078688890442788,(0.05223547967609786+0.1885217206810282j),1040.7167426630126,(0.052235479676094654+0.18852172068102363j),1040.7167426630126
1302,1302,10.13019375,0.0077849811265355,(0.10596114108641834+0.0004420317222159145j),1041.516678668134,(0.10596114108642005+0.0004420317222179754j),1041.516678668134
1303,1303,10.13029375,0.0078205186847536,(0.09873069835416572-0.06447835928118084j),1042.3166146732556,(0.09873069835416728-0.06447835928118484j),1042.3166146732556
1304,1304,10.13039375,0.0063279069533112,(-0.031428580084946534-0.0600720348401077j),1043.116550678377,(-0.03142858008494781-0.06007203484010704j),1043.116550678377
1305,1305,10.13049375,0.0066719077275476,(-0.07734725857724911+0.1199469096416074j),1043.9164866834983,(-0.07734725857724906+0.1199469096416097j),1043.9164866834985
1306,1306,10.13059375,0.0065457201818274,(0.02953453208487397+0.11372319815344986j),1044.71642268862,(0.02953453208487324+0.11372319815344994j),1044.71642268862
1307,1307,10.13069375,0.0074154298906054,(0.11316841916395551+0.030058954825115343j),1045.5163586937415,(0.1131684191639549+0.030058954825118042j),1045.5163586937415
1308,1308,10.13079375,0.006782308376912,(-0.04580004213797196+0.048030669804847936j),1046.316294698863,(-0.045800042137975054+0.04803066980485153j),1046.316294698863
1309,1309,10.13089375,0.0071097375789951,(-0.09674199583615767+0.029101230560720864j),1047.1162307039842,(-0.09674199583615603+0.029101230560717506j),1047.1162307039842
1310,1310,10.13099375,0.0074975273743636,(0.05612375085474025+0.018618306287407342j),1047.9161667091057,(0.056123750854735685+0.01861830628740561j),1047.9161667091057
1311,1311,10.13109375,0.0070374078831438,(0.0800347135152219+0.0579631425900928j),1048.7161027142272,(0.08003471351522354+0.05796314259009363j),1048.7161027142272
1312,1312,10.13119375,0.0081350116829006,(0.04375663535102759-0.007428391927336797j),1049.516038719349,(0.04375663535102608-0.00742839192733416j),1049.5160387193487
1313,1313,10.13129375,0.0081575620972867,(0.05025757292604118-0.21364034427031037j),1050.3159747244702,(0.050257572926043215-0.2136403442703062j),1050.3159747244702
1314,1314,10.13139375,0.0097543579834997,(-0.14171079362561828+0.0841744863908574j),1051.1159107295916,(-0.1417107936256156+0.08417448639085681j),1051.1159107295916
1315,1315,10.13149375,0.0090248618432672,(0.10709852954373161+0.04025783413003449j),1051.915846734713,(0.10709852954373485+0.04025783413003707j),1051.915846734713
1316,1316,10.13159375,0.0086230946003222,(0.3128054579202502-0.039803106232717544j),1052.7157827398346,(0.31280545792024783-0.039803106232717336j),1052.7157827398346
1317,1317,10.13169375,0.0095026997619929,(0.2635207369522467-0.023662877749088984j),1053.515718744956,(0.263520736952245-0.023662877749089775j),1053.515718744956
1318,1318,10.13179375,0.0100329356875284,(0.41823233904816504+0.18281013607657665j),1054.315654750077,(0.4182323390481649+0.18281013607657748j),1054.3156547500773
1319,1319,10.13189375,0.007957183777583,(0.0947034129084568+0.6875126047756381j),1055.1155907551988,(0.0947034129084556+0.6875126047756341j),1055.1155907551988
1320,1320,10.13199375,0.0052029786113408,(0.16744617982534576-0.6149134091440508j),1055.9155267603203,(0.16744617982534332-0.6149134091440509j),1055.9155267603203
1321,1321,10.13209375,0.0050742676719379,(-0.42870054397269264-0.15951473849057685j),1056.7154627654418,(-0.4287005439726894-0.1595147384905784j),1056.7154627654418
1322,1322,10.13219375,0.0061340003455015,(-0.10055286055973783+0.04926811002076879j),1057.5153987705633,(-0.10055286055973839+0.04926811002076821j),1057.5153987705633
1323,1323,10.13229375,0.004557891403848,(-0.14641257158097898+0.029955854395634585j),1058.3153347756847,(-0.14641257158097792+0.029955854395630817j),1058.3153347756847
1324,1324,10.13239375,0.0054485520837397,(-0.18003380843704364+0.16774901103856593j),1059.1152707808062,(-0.18003380843704686+0.16774901103856446j),1059.1152707808062
1325,1325,10.13249375,0.0068466308840841,(0.08716021952484893+0.14101878437079535j),1059.9152067859277,(0.08716021952484922+0.14101878437079915j),1059.9152067859277
1326,1326,10.13259375,0.0089468263764199,(0.10084363962977218-0.033737791711787556j),1060.715142791049,(0.10084363962977286-0.033737791711785745j),1060.715142791049
1327,1327,10.13269375,0.0101449204368498,(-0.028953566102265897-0.1054544713587883j),1061.5150787961704,(-0.028953566102263684-0.10545447135879063j),1061.5150787961704
1328,1328,10.13279375,0.0080881982787865,(-0.03698851794193003+0.02708340211828375j),1062.315014801292,(-0.03698851794192976+0.02708340211828779j),1062.315014801292
1329,1329,10.13289375,0.0053930473229977,(-0.01614209939465191+0.08250669125068079j),1063.1149508064134,(-0.01614209939465411+0.08250669125068302j),1063.1149508064134
1330,1330,10.13299375,0.0068605120026663,(0.04166392830007718-0.0385476128965056j),1063.9148868115349,(0.04166392830007867-0.038547612896503734j),1063.9148868115349
1331,1331,10.13309375,0.0043386196464833,(-0.04892925427387297-0.01439940087536215j),1064.7148228166564,(-0.04892925427386941-0.01439940087536385j),1064.7148228166564
1332,1332,10.13319375,0.0028925065841218,(-0.049241691107481944+0.08430037895518835j),1065.5147588217778,(-0.04924169110748118+0.08430037895518808j),1065.5147588217778
1333,1333,10.13329375,0.0012981891714668,(-0.0029966279593971086+0.0272987837325334j),1066.3146948268993,(-0.0029966279593971815+0.027298783732531674j),1066.3146948268993
1334,1334,10.13339375,0.0052324707054104,(0.023604475586923954-0.03597236453588495j),1067.1146308320208,(0.0236044755869225-0.03597236453588303j),1067.1146308320208
1335,1335,10.13349375,0.0046993360738944,(-0.06785638303596647+0.03894596929460494j),1067.914566837142,(-0.06785638303596452+0.038945969294602735j),1067.914566837142
1336,1336,10.13359375,0.0037404149262077,(-0.1007183418677378+0.00861180787592631j),1068.7145028422635,(-0.10071834186773729+0.008611807875926497j),1068.7145028422635
1337,1337,10.13369375,0.0041570644945422,(0.08771221921454153-0.05581493510710493j),1069.514438847385,(0.0877122192145398-0.05581493510710823j),1069.514438847385
1338,1338,10.13379375,0.0043402141785534,(0.023692860070463395+0.012881308714693812j),1070.3143748525065,(0.02369286007046231+0.012881308714692967j),1070.3143748525065
1339,1339,10.13389375,0.0065225373721027,(-0.09475522327074792+0.06969475472969j),1071.114310857628,(-0.09475522327074826+0.06969475472969067j),1071.114310857628
1340,1340,10.13399375,0.0057771180163923,(-0.055807490278787196-0.04679704375261904j),1071.9142468627497,(-0.05580749027878623-0.046797043752615175j),1071.9142468627495
1341,1341,10.13409375,0.0036366494846527,(-0.14308600891843337-0.14623589682738838j),1072.714182867871,(-0.14308600891843604-0.14623589682739316j),1072.714182867871
1342,1342,10.13419375,0.0032985268287152,(-0.07726987930427193+0.11015397716008582j),1073.5141188729924,(-0.07726987930427283+0.11015397716008901j),1073.5141188729924
1343,1343,10.13429375,0.0030962658569564,(0.06943650153270182+0.11820881422336163j),1074.314054878114,(0.06943650153270499+0.1182088142233631j),1074.314054878114
1344,1344,10.13439375,0.00271944125591,(0.08041018918919+0.1521246877428971j),1075.1139908832351,(0.08041018918918652+0.1521246877428957j),1075.1139908832351
1345,1345,10.13449375,0.0025850126502454,(-0.03694413050715754+0.061852574309570765j),1075.9139268883566,(-0.03694413050715603+0.06185257430957417j),1075.9139268883566
1346,1346,10.13459375,0.0031979101585922,(-0.12372386403035186+0.08452303630308615j),1076.713862893478,(-0.12372386403035347+0.084523036303085j),1076.713862893478
1347,1347,10.13469375,0.0035940518205113,(-0.11110361370849536+0.13068868439870585j),1077.5137988985996,(-0.11110361370848808+0.13068868439870612j),1077.5137988985996
1348,1348,10.13479375,0.00312950610481,(0.15650650961939727-0.007284034673710485j),1078.313734903721,(0.15650650961939636-0.007284034673706599j),1078.313734903721
1349,1349,10.13489375,0.0040190906804487,(-0.07399430632205906-0.006171875135215117j),1079.1136709088426,(-0.07399430632205861-0.006171875135215426j),1079.1136709088426
1350,1350,10.13499375,0.0035105054818744,(0.041004814052727954+0.007730085312790402j),1079.913606913964,(0.04100481405272577+0.007730085312791924j),1079.913606913964
1351,1351,10.13509375,0.0037145321569344,(0.07724347333059609+0.054215595245792864j),1080.7135429190855,(0.0772434733305908+0.05421559524579488j),1080.7135429190855
1352,1352,10.13519375,0.0029288274559321,(-0.06898585006486686+0.03616446735076269j),1081.513478924207,(-0.06898585006486424+0.03616446735076598j),1081.513478924207
1353,1353,10.13529375,0.0021807445740682,(-0.0753213494004702-0.058062752087363875j),1082.3134149293282,(-0.07532134940046936-0.05806275208736418j),1082.3134149293282
1354,1354,10.13539375,0.0027440202629743,(0.12574614208502977+0.01859986180003527j),1083.1133509344495,(0.12574614208503157+0.01859986180003418j),1083.1133509344497
1355,1355,10.13549375,0.0019751742964658,(-0.09148885212567329+0.1900726396189763j),1083.9132869395712,(-0.09148885212567534+0.19007263961897222j),1083.9132869395712
1356,1356,10.13559375,0.0019745264049043,(-0.024970719266405234-0.23431132377886013j),1084.7132229446927,(-0.024970719266406927-0.23431132377885663j),1084.7132229446927
1357,1357,10.13569375,0.0030313069387976,(-0.06055131074300546-0.011295605854533725j),1085.5131589498142,(-0.06055131074300399-0.011295605854535876j),1085.5131589498142
1358,1358,10.13579375,0.0032079520161843,(-0.10201644435263149+0.01349692603232448j),1086.3130949549357,(-0.10201644435263445+0.01349692603232356j),1086.3130949549357
1359,1359,10.13589375,0.0040430543313235,(-0.1120988576917379+0.1035348797826295j),1087.1130309600571,(-0.11209885769173697+0.1035348797826302j),1087.1130309600571
1360,1360,10.13599375,0.0034118240135439,(-0.025992071566146833+0.03081939706511062j),1087.9129669651786,(-0.025992071566146913+0.030819397065108504j),1087.9129669651786
1361,1361,10.13609375,0.0041612115878062,(0.05610740781196932-0.055443094063455045j),1088.7129029703,(0.0561074078119685-0.05544309406345284j),1088.7129029702999
1362,1362,10.13619375,0.0044536704410972,(0.03833072702284356-0.0008782266676389729j),1089.5128389754211,(0.03833072702284278-0.0008782266676387301j),1089.5128389754213
1363,1363,10.13629375,0.0050358716580465,(-0.1057600768858907+0.06020487619237032j),1090.3127749805428,(-0.10576007688589155+0.06020487619237117j),1090.3127749805428
1364,1364,10.13639375,0.0044147412110168,(-0.08241977170728759+0.04200975443742148j),1091.1127109856643,(-0.0824197717072862+0.0420097544374197j),1091.1127109856643
1365,1365,10.13649375,0.0048730648196818,(-0.09247557232398534+0.042364126781290166j),1091.9126469907858,(-0.09247557232398469+0.04236412678128635j),1091.9126469907858
1366,1366,10.13659375,0.0034722162376526,(0.11165112726469953+0.09189969086254125j),1092.7125829959073,(0.11165112726469895+0.09189969086254295j),1092.7125829959073
1367,1367,10.13669375,0.0035781605938021,(0.04434616698478379-0.11017811134245993j),1093.5125190010287,(0.04434616698478581-0.11017811134245607j),1093.5125190010287
1368,1368,10.13679375,0.0025471659315746,(-0.05125363388200664-0.03851465437742105j),1094.3124550061502,(-0.05125363388200418-0.038514654377423144j),1094.3124550061502
1369,1369,10.13689375,0.0026612638192668,(-0.05581539017325291+0.11010015293048112j),1095.1123910112717,(-0.05581539017325271+0.11010015293048177j),1095.1123910112717
1370,1370,10.13699375,0.0033761745638844,(0.0627374036837424+0.008706466644862385j),1095.912327016393,(0.06273740368374349+0.008706466644862885j),1095.912327016393
1371,1371,10.13709375,0.0036920002819968,(-0.13199944927090468+0.03898857461259458j),1096.7122630215144,(-0.1319994492709022+0.03898857461259225j),1096.7122630215144
1372,1372,10.13719375,0.0051664922641502,(0.01330477416921512+0.009264482427578801j),1097.512199026636,(0.013304774169215189+0.00926448242758227j),1097.512199026636
1373,1373,10.13729375,0.0053916466969547,(-0.018588751934510976+0.0533786945714245j),1098.3121350317574,(-0.018588751934509228+0.05337869457142604j),1098.3121350317574
1374,1374,10.13739375,0.0074227197528559,(-0.1762318761178601+0.09669550759848584j),1099.112071036879,(-0.17623187611786165+0.09669550759848766j),1099.112071036879
1375,1375,10.13749375,0.0071819008962944,(0.0523812813019396+0.10521326957010962j),1099.9120070420004,(0.05238128130194077+0.10521326957010811j),1099.9120070420004
1376,1376,10.13759375,0.0065819451479018,(0.002525325741074249-0.14408265523409267j),1100.7119430471218,(0.0025253257410769343-0.144082655234094j),1100.7119430471218
1377,1377,10.13769375,0.0070939711885691,(-0.005722287575422888-0.002742433766772339j),1101.511879052243,(-0.00572228757542333-0.00274243376676867j),1101.5118790522433
1378,1378,10.13779375,0.0079261878597565,(-0.17074257471160953-0.09134621546360674j),1102.3118150573648,(-0.17074257471160958-0.09134621546360555j),1102.3118150573648
1379,1379,10.13789375,0.006536023680732,(-0.05925148621106692+0.11587294032463039j),1103.111751062486,(-0.05925148621106668+0.11587294032463202j),1103.111751062486
1380,1380,10.13799375,0.0059664223190425,(-0.008698539332300113+0.02323806100484794j),1103.9116870676075,(-0.00869853933229928+0.023238061004851054j),1103.9116870676075
1381,1381,10.13809375,0.0063705185439223,(0.0009854037248263705+0.024367762781202475j),1104.711623072729,(0.0009854037248300256+0.024367762781204273j),1104.711623072729
1382,1382,10.13819375,0.0070604900231796,(0.05551590878014252+0.04047930312287675j),1105.5115590778505,(0.05551590878014105+0.040479303122877064j),1105.5115590778505
1383,1383,10.13829375,0.0072377096169549,(-0.07298727734944878-0.07922815155572263j),1106.311495082972,(-0.07298727734944663-0.07922815155572509j),1106.311495082972
1384,1384,10.13839375,0.0067449435099546,(-0.12163075163815695+0.07815810997991424j),1107.1114310880937,(-0.12163075163815998+0.07815810997991256j),1107.1114310880935
1385,1385,10.13849375,0.006811903689803,(0.10733886897636906+0.14359476742995864j),1107.911367093215,(0.10733886897636909+0.14359476742995753j),1107.911367093215
1386,1386,10.13859375,0.0069607580977981,(0.10427958206775545+0.043477273790595204j),1108.7113030983364,(0.10427958206775534+0.04347727379059509j),1108.7113030983364
1387,1387,10.13869375,0.0076769664114507,(-0.11208209025928319-0.15533062049381768j),1109.511239103458,(-0.1120820902592846-0.15533062049381757j),1109.511239103458
1388,1388,10.13879375,0.0080836521691732,(0.1179320940327553+0.10484218615072982j),1110.3111751085792,(0.11793209403275487+0.10484218615073239j),1110.3111751085792
1389,1389,10.13889375,0.0078488387557408,(0.019498492643328317-0.03575285259783105j),1111.1111111137006,(0.01949849264332673-0.035752852597831224j),1111.1111111137006
1390,1390,10.13899375,0.0078972886434601,(0.042342607143703255+0.006137692166371201j),1111.911047118822,(0.04234260714370601+0.006137692166373592j),1111.9110471188221
1391,1391,10.13909375,0.0086204271100127,(-0.004309209872586139+0.017964557710550007j),1112.7109831239436,(-0.004309209872583788+0.017964557710548664j),1112.7109831239436
1392,1392,10.13919375,0.0102373932388734,(0.09074091576906272+0.0015584454521767885j),1113.510919129065,(0.09074091576906114+0.0015584454521776873j),1113.510919129065
1393,1393,10.13929375,0.0093413625015,(-0.007263717882917589+0.038413855925402994j),1114.3108551341866,(-0.0072637178829129505+0.03841385592540421j),1114.3108551341866
1394,1394,10.13939375,0.0083974612396511,(-0.13207646554389346+0.11473909179691649j),1115.110791139308,(-0.13207646554389124+0.11473909179691558j),1115.110791139308
1395,1395,10.13949375,0.0072810588849533,(-0.07785666814712387-0.028660135104107115j),1115.9107271444295,(-0.07785666814712416-0.028660135104108357j),1115.9107271444295
1396,1396,10.13959375,0.0078852852502524,(0.07882414332994711-0.08037370837329005j),1116.7106631495508,(0.07882414332994697-0.08037370837329057j),1116.7106631495508
1397,1397,10.13969375,0.007769222238495,(-0.02750837639466447+0.06617628677538633j),1117.5105991546725,(-0.02750837639466485+0.06617628677538598j),1117.5105991546723
1398,1398,10.13979375,0.0071856065580071,(-0.1006452380567732+0.030978220411977786j),1118.3105351597935,(-0.10064523805677782+0.030978220411975593j),1118.3105351597937
1399,1399,10.13989375,0.0077905002386334,(-0.003938120143092376+0.07625088823363374j),1119.1104711649152,(-0.003938120143090499+0.07625088823362866j),1119.1104711649152
1400,1400,10.13999375,0.0075790138091987,(-0.030580113594485262+0.058590843703028674j),1119.9104071700367,(-0.030580113594486244+0.05859084370302836j),1119.9104071700367
1401,1401,10.14009375,0.0086146833334104,(0.08243494379791172+0.014002035991871362j),1120.7103431751582,(0.08243494379791234+0.01400203599187231j),1120.7103431751582
1402,1402,10.14019375,0.0087732519832532,(0.04310578383537174+0.023136814303968016j),1121.5102791802797,(0.043105783835371725+0.0231368143039646j),1121.5102791802797
1403,1403,10.14029375,0.0085309594211135,(-0.09652192956850246+0.019398785959189133j),1122.3102151854011,(-0.0965219295685077+0.019398785959188085j),1122.3102151854011
1404,1404,10.14039375,0.0080421171679854,(0.0380435973637408+0.11704835514176556j),1123.1101511905226,(0.03804359736374041+0.11704835514176701j),1123.1101511905226
1405,1405,10.14049375,0.0070148481844348,(0.032864147547689536+0.1356687711877199j),1123.910087195644,(0.03286414754769195+0.13566877118771872j),1123.9100871956439
1406,1406,10.14059375,0.0060808594764947,(-0.05838394282463621+0.04951206161372981j),1124.7100232007654,(-0.05838394282463738+0.049512061613732665j),1124.7100232007654
1407,1407,10.14069375,0.0059954069989485,(-0.09209856235049806+0.06544564415754932j),1125.5099592058868,(-0.09209856235049868+0.06544564415754626j),1125.5099592058868
1408,1408,10.14079375,0.0053778993300188,(-0.01765489349597283-0.09497897034756071j),1126.3098952110083,(-0.017654893495971706-0.0949789703475589j),1126.3098952110083
1409,1409,10.14089375,0.0066479170994513,(-0.1327905655106208+0.17064765975838772j),1127.1098312161298,(-0.13279056551062582+0.1706476597583882j),1127.1098312161298
1410,1410,10.14099375,0.0066281290567543,(0.08891285196159196+0.12933973573265226j),1127.9097672212513,(0.08891285196159401+0.12933973573265295j),1127.9097672212513
1411,1411,10.14109375,0.0072098337224054,(0.045514666891980346-0.01164376602708012j),1128.7097032263728,(0.04551466689197838-0.011643766027082902j),1128.7097032263728
1412,1412,10.14119375,0.0064446184406171,(0.0605984704529616-0.10145047451091228j),1129.5096392314942,(0.060598470452961434-0.10145047451090942j),1129.5096392314942
1413,1413,10.14129375,0.0074529054032004,(-0.0891964535325528-0.08244594984020294j),1130.3095752366155,(-0.08919645353255297-0.08244594984020753j),1130.3095752366157
1414,1414,10.14139375,0.00740681916157,(0.08397266122345229+0.01433419057482595j),1131.109511241737,(0.08397266122345237+0.014334190574829984j),1131.109511241737
1415,1415,10.14149375,0.0056315151638275,(0.006283860517529254-0.00685798759522679j),1131.9094472468585,(0.00628386051753028-0.006857987595227559j),1131.9094472468585
1416,1416,10.14159375,0.0037296284608699,(-0.05105841219384114+0.017083148346484292j),1132.70938325198,(-0.05105841219384258+0.017083148346485194j),1132.70938325198
1417,1417,10.14169375,0.0032925268211165,(-0.07513174365703433+0.06007267050279979j),1133.5093192571014,(-0.07513174365703457+0.06007267050279885j),1133.5093192571014
1418,1418,10.14179375,0.0037523934612116,(0.054952211468017625-0.029161430380535786j),1134.309255262223,(0.054952211468015585-0.029161430380531594j),1134.309255262223
1419,1419,10.14189375,0.0036572362027616,(0.12026642693086952-0.12064452451993682j),1135.1091912673444,(0.12026642693087314-0.12064452451993586j),1135.1091912673444
1420,1420,10.14199375,0.0034082810476647,(-0.10357332630687012-0.018408127367584272j),1135.909127272466,(-0.10357332630686558-0.018408127367581927j),1135.9091272724659
1421,1421,10.14209375,0.0045939288724721,(0.07847769781809434+0.03329080051539478j),1136.7090632775871,(0.07847769781808786+0.03329080051539228j),1136.7090632775873
1422,1422,10.14219375,0.0037614253162174,(0.0689466776533692-0.005901973063464273j),1137.5089992827088,(0.06894667765337217-0.00590197306346249j),1137.5089992827088
1423,1423,10.14229375,0.0053089846697745,(0.12039387222983014-0.0118209146798872j),1138.30893528783,(0.12039387222983028-0.011820914679885976j),1138.30893528783
1424,1424,10.14239375,0.004462247544198,(-0.07430751025161271+0.08565536104461921j),1139.1088712929516,(-0.07430751025161325+0.08565536104462068j),1139.1088712929516
1425,1425,10.14249375,0.0040552583715752,(0.054681564647292805-0.036287476299497294j),1139.908807298073,(0.05468156464729326-0.03628747629949907j),1139.908807298073
1426,1426,10.14259375,0.0039324462673078,(-0.041219665609185-0.11947734033914117j),1140.7087433031943,(-0.041219665609181944-0.11947734033914231j),1140.7087433031945
1427,1427,10.14269375,0.0035546576018136,(-0.026336099444705403+0.13645334039457302j),1141.508679308316,(-0.026336099444706367+0.13645334039457352j),1141.508679308316
1428,1428,10.14279375,0.002302980734831,(0.03569466663524734-0.004263640189669123j),1142.3086153134377,(0.03569466663524603-0.004263640189667992j),1142.3086153134375
1429,1429,10.14289375,0.0021037875901298,(0.04507559519691137-0.03582719547741074j),1143.108551318559,(0.045075595196912746-0.03582719547741305j),1143.108551318559
1430,1430,10.14299375,0.0029779615645031,(-0.03520514287037439-0.08411486719370294j),1143.9084873236804,(-0.03520514287037302-0.08411486719370108j),1143.9084873236804
1431,1431,10.14309375,0.002912652922574,(-0.03711280185087965-0.026010156962831994j),1144.7084233288017,(-0.037112801850880256-0.026010156962831186j),1144.7084233288017
1432,1432,10.14319375,0.002105924487671,(0.048698844365744294+0.014489892859490814j),1145.5083593339232,(0.04869884436574373+0.014489892859491604j),1145.5083593339232
1433,1433,10.14329375,0.0034826880859164,(-0.03520368911243259+0.045389485047370996j),1146.308295339045,(-0.03520368911243271+0.04538948504737325j),1146.3082953390447
1434,1434,10.14339375,0.0029074209652628,(0.05481473261912067-0.015569732053323702j),1147.108231344166,(0.054814732619118046-0.015569732053326473j),1147.1082313441661
1435,1435,10.14349375,0.002738951879299,(0.03125557677883833-0.05416744703709736j),1147.9081673492876,(0.03125557677883766-0.0541674470370973j),1147.9081673492876
1436,1436,10.14359375,0.0021202919349969,(-0.05276903112908431-0.0618374985446538j),1148.708103354409,(-0.052769031129085965-0.06183749854465352j),1148.708103354409
1437,1437,10.14369375,0.0032578327340819,(0.021353515765583964+0.02506798767077925j),1149.5080393595306,(0.021353515765584547+0.025067987670780674j),1149.5080393595306
1438,1438,10.14379375,0.0028144997853903,(0.03068005144387652+0.042798980065295554j),1150.307975364652,(0.030680051443880068+0.04279898006529681j),1150.307975364652
1439,1439,10.14389375,0.0042253852566787,(-0.042176395070986444-0.03688295822764873j),1151.1079113697735,(-0.04217639507098591-0.036882958227652626j),1151.1079113697735
1440,1440,10.14399375,0.0021115093011356,(-0.17943742046821137+0.08405398137779516j),1151.9078473748948,(-0.17943742046820957+0.08405398137779561j),1151.9078473748948
1441,1441,10.14409375,0.004486647481153,(0.0693872356144937+0.003699726026293138j),1152.7077833800165,(0.06938723561449182+0.0036997260262954246j),1152.7077833800163
1442,1442,10.14419375,0.0038617499016701,(-0.046678628074373826+0.03175387464857775j),1153.5077193851378,(-0.04667862807437291+0.03175387464857588j),1153.5077193851378
1443,1443,10.14429375,0.0037980392028999,(0.012543217321704412+0.08217053649027067j),1154.3076553902592,(0.012543217321703874+0.08217053649027485j),1154.3076553902592
1444,1444,10.14439375,0.0023993092075934,(0.039259979334121384-0.032649893775292566j),1155.1075913953807,(0.03925997933412209-0.032649893775292045j),1155.1075913953807
1445,1445,10.14449375,0.0029701328782715,(-0.05622645129278792-0.042034710317859963j),1155.9075274005022,(-0.0562264512927909-0.04203471031785718j),1155.9075274005022
1446,1446,10.14459375,0.0020061314426847,(-0.052355702060806135+0.04224533716389157j),1156.7074634056237,(-0.05235570206080481+0.0422453371638921j),1156.7074634056237
1447,1447,10.14469375,0.0030541092199585,(-0.03238428031672297+9.484860763492504e-05j),1157.5073994107452,(-0.032384280316723815+9.484860763601271e-05j),1157.5073994107452
1448,1448,10.14479375,0.0017289813663117,(0.01585500174854861+0.04119691919183182j),1158.3073354158666,(0.01585500174854676+0.041196919191829044j),1158.3073354158666
1449,1449,10.14489375,0.0042136551876581,(0.029017268734799977-0.02516337967500825j),1159.107271420988,(0.029017268734796483-0.02516337967500795j),1159.107271420988
1450,1450,10.14499375,0.0038822500525772,(-0.0006851354825178155+0.02655127415569792j),1159.9072074261094,(-0.0006851354825155361+0.02655127415569978j),1159.9072074261094
1451,1451,10.14509375,0.0065886798480576,(0.0099703738268348+0.09674710568067503j),1160.7071434312309,(0.009970373826834206+0.09674710568067124j),1160.7071434312309
1452,1452,10.14519375,0.0046546344148624,(0.07255490694190081+0.06382134214513534j),1161.5070794363523,(0.07255490694189655+0.06382134214513432j),1161.5070794363523
1453,1453,10.14529375,0.0066078476689273,(0.08409119564819825-0.049833960501758104j),1162.3070154414738,(0.08409119564819939-0.04983396050175863j),1162.3070154414738
1454,1454,10.14539375,0.0054021521031884,(0.03608686003216665-0.10520942253213333j),1163.1069514465953,(0.036086860032168294-0.10520942253213385j),1163.1069514465953
1455,1455,10.14549375,0.0059292893268193,(0.014912578237544917+0.050263433211424575j),1163.9068874517168,(0.014912578237543623+0.05026343321142031j),1163.9068874517168
1456,1456,10.14559375,0.0041574686221853,(-0.023125505427444532+0.09148368706525745j),1164.7068234568385,(-0.023125505427448796+0.0914836870652597j),1164.7068234568383
1457,1457,10.14569375,0.0054230390699346,(-0.0041666583791956525+0.02452288863260038j),1165.5067594619595,(-0.004166658379196862+0.024522888632602616j),1165.5067594619597
1458,1458,10.14579375,0.0047285182599394,(0.04604709476246201+0.05373722323019912j),1166.306695467081,(0.04604709476245617+0.053737223230198874j),1166.306695467081
1459,1459,10.14589375,0.0057089590189201,(-0.07527596337894085+0.0016182316523797244j),1167.1066314722025,(-0.07527596337894102+0.0016182316523766643j),1167.1066314722025
1460,1460,10.14599375,0.0057026044680163,(-0.12711490642087261-0.052773901185883515j),1167.906567477324,(-0.1271149064208728-0.05277390118588642j),1167.906567477324
1461,1461,10.14609375,0.0069040005848086,(0.14270961597836201-0.003846369805077701j),1168.7065034824454,(0.14270961597836604-0.0038463698050804906j),1168.7065034824454
1462,1462,10.14619375,0.0065236720553193,(-0.04755087201079904-0.008951445704290593j),1169.506439487567,(-0.04755087201079868-0.008951445704290538j),1169.506439487567
1463,1463,10.14629375,0.009514322015611,(-0.03160201735722981-0.017444606485986155j),1170.3063754926884,(-0.03160201735723014-0.017444606485986086j),1170.3063754926884
1464,1464,10.14639375,0.0085499731315767,(-0.0017471044276394679+0.017430263478126165j),1171.10631149781,(-0.0017471044276379057+0.01743026347812779j),1171.1063114978099
1465,1465,10.14649375,0.0095987274831605,(0.035631962611982405+0.04408644211577037j),1171.9062475029314,(0.035631962611982704+0.044086442115771736j),1171.9062475029314
1466,1466,10.14659375,0.0077539845731501,(-0.00203109955737336+0.027728660807645907j),1172.7061835080526,(-0.0020310995573701923+0.02772866080764221j),1172.7061835080526
1467,1467,10.14669375,0.0103119904651498,(0.01506725754633051-0.0471849372946648j),1173.506119513174,(0.015067257546328996-0.0471849372946669j),1173.506119513174
1468,1468,10.14679375,0.0086015493669601,(0.07268583934777471-0.10634845011250346j),1174.3060555182956,(0.07268583934777123-0.10634845011250071j),1174.3060555182956
1469,1469,10.14689375,0.0076544333821787,(0.19251993539246468+0.05363281705904651j),1175.105991523417,(0.19251993539246307+0.0536328170590493j),1175.105991523417
1470,1470,10.14699375,0.0063328494382567,(-0.24986781904549404-0.04202523185177731j),1175.9059275285383,(-0.24986781904549724-0.04202523185177909j),1175.9059275285385
1471,1471,10.14709375,0.0073357915273598,(-0.017223723873043554+0.08801019259842296j),1176.70586353366,(-0.017223723873044473+0.08801019259841748j),1176.70586353366
1472,1472,10.14719375,0.0068350715175142,(0.08644530168997251+0.06410063233847854j),1177.5057995387815,(0.08644530168996807+0.06410063233847522j),1177.5057995387815
1473,1473,10.14729375,0.0064483276207269,(-0.055207608136647726+0.09906070821946675j),1178.305735543903,(-0.05520760813664588+0.0990607082194655j),1178.305735543903
1474,1474,10.14739375,0.0064319657118677,(0.030042513292987474+0.03363411877926112j),1179.1056715490245,(0.030042513292986225+0.03363411877926132j),1179.1056715490245
1475,1475,10.14749375,0.0078045365925285,(0.07573183477011303-0.022674279123069265j),1179.9056075541455,(0.07573183477011458-0.0226742791230713j),1179.9056075541457
1476,1476,10.14759375,0.008776813807428,(0.0700017335998479+0.001536982651976354j),1180.7055435592672,(0.07000173359984724+0.0015369826519777002j),1180.7055435592672
1477,1477,10.14769375,0.0091598187991806,(0.007826276014149465+0.011990977444984107j),1181.505479564389,(0.007826276014150455+0.01199097744498301j),1181.5054795643887
1478,1478,10.14779375,0.0101035226338667,(-0.052738069810303226+0.11782375394208988j),1182.3054155695102,(-0.05273806981030165+0.11782375394209087j),1182.3054155695102
1479,1479,10.14789375,0.0105051445329002,(0.1240401392671743-0.06601903014104699j),1183.1053515746316,(0.12404013926717487-0.06601903014104764j),1183.1053515746316
1480,1480,10.14799375,0.0092126639171078,(-0.002488246907182857-0.005110471064280431j),1183.9052875797531,(-0.0024882469071823635-0.005110471064279935j),1183.9052875797531
1481,1481,10.14809375,0.0090083961219452,(-0.006992533949775431+0.00937543442411821j),1184.7052235848746,(-0.006992533949776769+0.0093754344241181j),1184.7052235848746
1482,1482,10.14819375,0.0079517038139555,(-0.10935023747237607-0.0234295197550608j),1185.505159589996,(-0.10935023747237542-0.023429519755062855j),1185.505159589996
1483,1483,10.14829375,0.0070018411103466,(-0.05380303488606658-0.06739729984166713j),1186.3050955951176,(-0.053803034886062064-0.06739729984166723j),1186.3050955951176
1484,1484,10.14839375,0.0053843873637365,(-0.06546337979848471+0.14037480127290092j),1187.1050316002388,(-0.06546337979848771+0.1403748012729013j),1187.1050316002388
1485,1485,10.14849375,0.0046342550941121,(-0.08843556594597227+0.049807520728224586j),1187.9049676053603,(-0.08843556594596955+0.04980752072822718j),1187.9049676053603
1486,1486,10.14859375,0.0054739663221037,(0.12339324934678685+0.011695417778504268j),1188.7049036104818,(0.12339324934678586+0.011695417778504684j),1188.7049036104818
1487,1487,10.14869375,0.0074141246685498,(0.05429712538729373-0.04202806917781448j),1189.5048396156033,(0.054297125387292075-0.042028069177813696j),1189.5048396156033
1488,1488,10.14879375,0.0070310634986778,(-0.028089701412895116+0.2040411446998238j),1190.3047756207247,(-0.028089701412894005+0.20404114469982343j),1190.3047756207247
1489,1489,10.14889375,0.0073396026453194,(-0.19463829276032507+0.06829885412911171j),1191.1047116258462,(-0.19463829276032213+0.06829885412911094j),1191.1047116258462
1490,1490,10.14899375,0.0067177699491478,(-0.022154359198404597-0.1114664380810215j),1191.9046476309677,(-0.022154359198404014-0.1114664380810205j),1191.9046476309677
1491,1491,10.14909375,0.0083466020330753,(0.14376636360684453+0.034932155251297774j),1192.7045836360892,(0.143766363606845+0.034932155251298565j),1192.7045836360892
1492,1492,10.14919375,0.0073009170488698,(0.039967124642485155+0.051200814149432713j),1193.504519641211,(0.03996712464248907+0.051200814149433616j),1193.5045196412107
1493,1493,10.14929375,0.0071181085279132,(0.2019684507792287-0.14084940659979475j),1194.304455646332,(0.2019684507792276-0.1408494065997981j),1194.304455646332
1494,1494,10.14939375,0.0070567473844794,(0.21118961057231606-0.28949215241002113j),1195.1043916514534,(0.21118961057231547-0.2894921524100226j),1195.1043916514534
1495,1495,10.14949375,0.0074500597543922,(0.29312509929834946+0.5422233103524353j),1195.9043276565749,(0.2931250992983504+0.5422233103524349j),1195.9043276565749
1496,1496,10.14959375,0.0062061316269211,(-0.41928248403181306+0.3374628928653048j),1196.7042636616964,(-0.41928248403181084+0.3374628928653059j),1196.7042636616964
1497,1497,10.14969375,0.0060548881551213,(0.42603833046477274+0.3087412483864236j),1197.5041996668178,(0.4260383304647734+0.30874124838642236j),1197.5041996668178
1498,1498,10.14979375,0.0044206626996759,(0.3535724639444958-0.23521303750827238j),1198.304135671939,(0.3535724639444952-0.23521303750827288j),1198.3041356719393
1499,1499,10.14989375,0.0049059617359591,(0.16517291232098086-0.02707092807712723j),1199.1040716770608,(0.16517291232098097-0.02707092807712684j),1199.1040716770608
1500,1500,10.14999375,0.0031126492917816,(0.15871613606028817+0.0757655639534557j),1199.9040076821825,(0.15871613606028775+0.0757655639534518j),1199.9040076821823
1501,1501,10.15009375,0.0029928072673398,(0.05321942810188861+0.11052429472419581j),1200.7039436873035,(0.05321942810188662+0.11052429472419753j),1200.7039436873035
1502,1502,10.15019375,0.0025548935633734,(0.02483082425957868-0.009703691256535276j),1201.503879692425,(0.024830824259579252-0.009703691256531966j),1201.503879692425
1503,1503,10.15029375,0.003729515751337,(-0.1285750106776239+0.2862750025221423j),1202.3038156975465,(-0.12857501067762633+0.286275002522143j),1202.3038156975465
1504,1504,10.15039375,0.0035035071108507,(0.007527158556355159-0.06041933382405978j),1203.103751702668,(0.007527158556358811-0.060419333824058716j),1203.103751702668
1505,1505,10.15049375,0.0043396053531856,(-0.16476568335775954-0.07700635072052908j),1203.9036877077897,(-0.16476568335776237-0.07700635072052854j),1203.9036877077895
1506,1506,10.15059375,0.006059866722959,(-0.18251875518053887+0.04595786630216183j),1204.703623712911,(-0.18251875518054328+0.0459578663021635j),1204.703623712911
1507,1507,10.15069375,0.0081883157461183,(-0.007011717687853351-0.01982954373322729j),1205.5035597180324,(-0.007011717687854704-0.019829543733225347j),1205.5035597180324
1508,1508,10.150793749999998,0.0067401382682982,(-0.053510900537931255-0.027678714558679658j),1206.303495723154,(-0.053510900537933136-0.027678714558683704j),1206.303495723154
1509,1509,10.15089375,0.0059813986534574,(-0.12761214924719927-0.011662097534896582j),1207.1034317282754,(-0.12761214924719796-0.01166209753489883j),1207.1034317282754
1510,1510,10.15099375,0.0043685124313463,(-0.08712984115772919+0.05678093763091546j),1207.9033677333966,(-0.08712984115773165+0.05678093763091758j),1207.9033677333966
1511,1511,10.15109375,0.0036019982856501,(-0.027803084449079057-0.08720208948294493j),1208.703303738518,(-0.027803084449080286-0.08720208948294379j),1208.7033037385181
1512,1512,10.15119375,0.0015941458769241,(-0.007697035895790759-0.08416924869357431j),1209.5032397436396,(-0.007697035895787699-0.08416924869357564j),1209.5032397436396
1513,1513,10.15129375,-0.0006710794131124,(-0.044660950841736505+0.11217357694852081j),1210.303175748761,(-0.044660950841737386+0.11217357694852255j),1210.303175748761
1514,1514,10.15139375,0.0008918874117795,(0.05300167765799709-0.07124575499849457j),1211.1031117538826,(0.05300167765799742-0.07124575499849652j),1211.1031117538826
1515,1515,10.151493749999998,0.0015420248241861,(0.0410846973256375-0.052584540810088655j),1211.903047759004,(0.04108469732563695-0.05258454081008795j),1211.903047759004
1516,1516,10.151593749999998,0.0031287515549347,(-0.06221559263474722+0.02712058825593836j),1212.7029837641255,(-0.06221559263474766+0.027120588255941616j),1212.7029837641255
1517,1517,10.15169375,0.0031078264149433,(0.09292914144920406+0.13441116257014968j),1213.502919769247,(0.09292914144920453+0.13441116257014524j),1213.502919769247
1518,1518,10.15179375,0.003897589981442,(-0.0604695816409678+0.04383560904959845j),1214.3028557743685,(-0.06046958164096817+0.04383560904959843j),1214.3028557743685
1519,1519,10.15189375,0.0050104340702391,(0.0690679057837274-0.10282420687094987j),1215.1027917794895,(0.06906790578372561-0.10282420687095357j),1215.1027917794897
1520,1520,10.15199375,0.0040876998000292,(0.046604361170132405-0.03742656459062253j),1215.9027277846112,(0.046604361170135444-0.037426564590622886j),1215.9027277846112
1521,1521,10.15209375,0.00477636600536,(-0.0055753094228367175+0.11436045231013413j),1216.7026637897327,(-0.005575309422835566+0.11436045231013581j),1216.7026637897327
1522,1522,10.15219375,0.0037003676957638,(-0.05769048601536193+0.005896845490154463j),1217.5025997948542,(-0.057690486015357687+0.005896845490153773j),1217.5025997948542
1523,1523,10.152293749999998,0.0027368669867651,(-0.0489253855906933-0.08564107907470038j),1218.3025357999757,(-0.04892538559069442-0.08564107907469867j),1218.3025357999757
1524,1524,10.15239375,0.0034199981319045,(-0.10547916986144004+0.029434069841597167j),1219.1024718050971,(-0.10547916986144237+0.029434069841599297j),1219.1024718050971
1525,1525,10.15249375,0.0024399240554218,(-0.007079744962517629+0.02412183808852404j),1219.9024078102186,(-0.007079744962519957+0.024121838088529426j),1219.9024078102186
1526,1526,10.15259375,0.002832074742697,(0.006995896469811934+0.053371481783465444j),1220.70234381534,(0.006995896469812846+0.05337148178346254j),1220.70234381534
1527,1527,10.15269375,0.0034446017747024,(0.025391166017197573+0.0022305458476575045j),1221.5022798204616,(0.025391166017195814+0.0022305458476581204j),1221.5022798204616
1528,1528,10.15279375,0.0030906241817363,(-0.08033898141927526+0.002526254190240322j),1222.3022158255828,(-0.08033898141927315+0.0025262541902383306j),1222.3022158255828
1529,1529,10.15289375,0.0027266673961169,(-0.0977361429047385-0.02195383060343571j),1223.1021518307043,(-0.09773614290473898-0.021953830603436295j),1223.1021518307043
1530,1530,10.152993749999998,0.0031639966568433,(0.05222136017707437-0.0604620215807351j),1223.9020878358258,(0.052221360177075585-0.06046202158073764j),1223.9020878358258
1531,1531,10.153093749999998,0.0028797486761271,(-0.008728236881925231+0.006456595778370911j),1224.7020238409473,(-0.008728236881926655+0.006456595778366962j),1224.7020238409473
1532,1532,10.15319375,0.0039133427410598,(-0.005629609207016887-0.03986665024586517j),1225.5019598460688,(-0.005629609207016974-0.03986665024586436j),1225.5019598460688
1533,1533,10.15329375,0.0027183563785242,(-0.040200857099555565+0.07456835987639765j),1226.3018958511902,(-0.040200857099557216+0.07456835987639562j),1226.3018958511902
1534,1534,10.15339375,0.0043493651647565,(0.02426848019649039+0.07822953525566746j),1227.1018318563115,(0.02426848019649118+0.07822953525566921j),1227.1018318563117
1535,1535,10.15349375,0.0042031363362146,(0.061919523736510246+0.08577052959690257j),1227.9017678614332,(0.061919523736510565+0.08577052959690196j),1227.9017678614332
1536,1536,10.15359375,0.0056689363655994,(-0.12055247659544269+0.06245020053001181j),1228.7017038665545,(-0.12055247659544138+0.06245020053001089j),1228.7017038665545
1537,1537,10.15369375,0.0060750660965433,(0.09816648579093049-0.05803647459267608j),1229.501639871676,(0.09816648579092632-0.05803647459267479j),1229.501639871676
1538,1538,10.153793749999998,0.0056564025210205,(-0.0374522663843997-0.04005534667067089j),1230.3015758767974,(-0.037452266384401904-0.04005534667067567j),1230.3015758767974
1539,1539,10.15389375,0.0055885200442106,(0.0005930292558764967+0.0074612182560071785j),1231.101511881919,(0.0005930292558783272+0.007461218256005502j),1231.101511881919
1540,1540,10.15399375,0.006384694375101,(0.06855348419347584+0.014511366045564734j),1231.9014478870404,(0.06855348419347754+0.014511366045567017j),1231.9014478870404
1541,1541,10.15409375,0.0056563099307834,(-0.08352823754241923+0.04103907720817878j),1232.701383892162,(-0.08352823754241967+0.041039077208176025j),1232.7013838921619
1542,1542,10.15419375,0.005880544914988,(-0.014756130576944023-0.08081118249213737j),1233.501319897283,(-0.01475613057694615-0.08081118249213545j),1233.5013198972833
1543,1543,10.15429375,0.0056659527141246,(-0.047302297879154034+0.0721879799784555j),1234.3012559024048,(-0.047302297879154846+0.0721879799784564j),1234.3012559024048
1544,1544,10.15439375,0.0061748388775636,(0.02918532479149718+0.07329734021056766j),1235.1011919075263,(0.0291853247915001+0.07329734021057001j),1235.1011919075263
1545,1545,10.15449375,0.0060830856990743,(0.012829194684313962+0.06202783072228693j),1235.9011279126476,(0.012829194684313167+0.06202783072228775j),1235.9011279126476
1546,1546,10.154593749999998,0.0059565863620675,(-0.06320026455216649+0.08083548331361552j),1236.701063917769,(-0.06320026455216335+0.0808354833136124j),1236.701063917769
1547,1547,10.15469375,0.0070293083853729,(-0.12126342026350964-0.0008165587521582057j),1237.5009999228903,(-0.1212634202635099-0.0008165587521558118j),1237.5009999228905
1548,1548,10.15479375,0.0074356390703773,(0.011020956091958387+0.057593335450985335j),1238.300935928012,(0.011020956091956687+0.057593335450984856j),1238.300935928012
1549,1549,10.15489375,0.0069864515988319,(0.04484319362746829+0.022751592752237967j),1239.1008719331337,(0.04484319362747027+0.022751592752239685j),1239.1008719331335
1550,1550,10.15499375,0.0086755875617064,(-0.032217716329061265+0.0017767144397357916j),1239.900807938255,(-0.032217716329061744+0.001776714439738902j),1239.900807938255
1551,1551,10.15509375,0.0079586353979236,(-0.08334115602621663+0.028257897813261122j),1240.7007439433764,(-0.08334115602621703+0.028257897813261306j),1240.7007439433764
1552,1552,10.15519375,0.0094197088766789,(-0.021967403853617874+0.002706758779806853j),1241.500679948498,(-0.021967403853619127+0.0027067587798072727j),1241.500679948498
1553,1553,10.155293749999998,0.0084919079931178,(-0.05747385919419338+0.15618724159142497j),1242.3006159536194,(-0.0574738591941944+0.15618724159142428j),1242.3006159536194
1554,1554,10.155393749999998,0.0085622364075418,(-0.12511449684303888+0.035109356494267455j),1243.1005519587409,(-0.12511449684303788+0.03510935649426828j),1243.1005519587407
1555,1555,10.15549375,0.0068705968792152,(-0.07323114870489146-0.040653387827365384j),1243.900487963862,(-0.07323114870489313-0.040653387827367035j),1243.9004879638621
1556,1556,10.15559375,0.0076035392180104,(0.09718991423712225+0.08249396586320076j),1244.7004239689836,(0.09718991423712055+0.08249396586320158j),1244.7004239689836
1557,1557,10.15569375,0.0074946143206942,(0.0034732939689778117+0.022967626904354648j),1245.500359974105,(0.0034732939689801016+0.022967626904353243j),1245.500359974105
1558,1558,10.15579375,0.0077967963948696,(-0.05225682663405716-0.03128195061087691j),1246.3002959792266,(-0.05225682663405516-0.031281950610874194j),1246.3002959792266
1559,1559,10.15589375,0.0064610554017479,(-0.06149439835814151+0.06820784920117333j),1247.100231984348,(-0.061494398358144256+0.06820784920117652j),1247.100231984348
1560,1560,10.15599375,0.0088413157206254,(-0.01621568196914689+0.00914517903484128j),1247.9001679894695,(-0.016215681969148+0.00914517903484359j),1247.9001679894695
1561,1561,10.156093749999998,0.0086611163945193,(0.031610845693901636+0.016528240274495752j),1248.700103994591,(0.031610845693905515+0.016528240274497487j),1248.700103994591
1562,1562,10.15619375,0.0080074610429059,(-0.05245739964429093-0.013302605853607551j),1249.5000399997125,(-0.05245739964429016-0.01330260585360635j),1249.5000399997125
1563,1563,10.15629375,0.0075515891088241,(-0.028857876943355565+0.013819078855390438j),1250.2999760048338,(-0.028857876943358528+0.013819078855389182j),1250.2999760048338
1564,1564,10.15639375,0.0070568829158048,(-0.0009295705716945921+0.0422755810053483j),1251.0999120099552,(-0.0009295705716946927+0.0422755810053461j),1251.0999120099552
1565,1565,10.15649375,0.0094796924326399,(-0.05207023594216326-0.0415414520540682j),1251.8998480150767,(-0.05207023594215898-0.04154145205407198j),1251.8998480150767
1566,1566,10.15659375,0.0084893274535047,(0.12384593968237824-0.03771569047465268j),1252.6997840201982,(0.1238459396823747-0.0377156904746522j),1252.6997840201982
1567,1567,10.15669375,0.0079808312196339,(0.028100977903544787+0.007596326897829636j),1253.4997200253197,(0.028100977903547417+0.007596326897828374j),1253.4997200253197
1568,1568,10.15679375,0.0065525125395127,(-0.0054902533323999475+0.0020218843481509584j),1254.2996560304412,(-0.005490253332400161+0.0020218843481522343j),1254.2996560304412
1569,1569,10.156893749999998,0.007633593546117,(0.03586659841740441-0.024632892223942746j),1255.0995920355626,(0.03586659841740442-0.024632892223945494j),1255.0995920355626
1570,1570,10.15699375,0.0080973946585404,(-0.07199120036137861+0.05297500500452488j),1255.899528040684,(-0.07199120036137763+0.05297500500452416j),1255.8995280406841
1571,1571,10.15709375,0.0065458103986295,(0.07022987179791391+0.10499014615740382j),1256.6994640458056,(0.07022987179791224+0.1049901461574038j),1256.6994640458056
1572,1572,10.15719375,0.0073255860598656,(0.05498335492135721-0.00789028807384842j),1257.4994000509269,(0.05498335492135436-0.007890288073848326j),1257.4994000509269
1573,1573,10.15729375,0.0070763479178728,(-0.07973568519110492+0.008991033628320256j),1258.2993360560483,(-0.07973568519110497+0.008991033628321196j),1258.2993360560483
1574,1574,10.15739375,0.0077192749395481,(-0.02298937253263334+0.03283595664209767j),1259.0992720611698,(-0.02298937253263527+0.03283595664209915j),1259.0992720611698
1575,1575,10.15749375,0.0074054361120829,(-0.024642188459254602+0.04330535368998179j),1259.8992080662913,(-0.02464218845925429+0.043305353689983145j),1259.8992080662913
1576,1576,10.157593749999998,0.0072865224970242,(-0.03298453557048553+0.07028837369996802j),1260.6991440714128,(-0.0329845355704875+0.07028837369996438j),1260.6991440714128
1577,1577,10.15769375,0.0069837467942546,(-0.058736850586691605+0.027137649095119593j),1261.4990800765345,(-0.05873685058669094+0.027137649095116994j),1261.4990800765343
1578,1578,10.15779375,0.0050521187355124,(-0.034027389724156004-0.012083863324167922j),1262.2990160816555,(-0.034027389724155074-0.012083863324168708j),1262.2990160816557
1579,1579,10.15789375,0.0061509925787825,(0.03359845161309849+0.020934080870717752j),1263.0989520867772,(0.0335984516130943+0.02093408087071811j),1263.0989520867772
1580,1580,10.15799375,0.0046816523227063,(-0.09646687314608594+0.10138910285137652j),1263.8988880918985,(-0.09646687314608884+0.10138910285137362j),1263.8988880918985
1581,1581,10.15809375,0.0048412397880458,(-0.019258523692571475-0.030856574202276908j),1264.69882409702,(-0.019258523692575226-0.03085657420227401j),1264.69882409702
1582,1582,10.15819375,0.0045931464115145,(-0.0007464017412881843+0.07878747686813017j),1265.4987601021414,(-0.0007464017412888713+0.07878747686813206j),1265.4987601021414
1583,1583,10.15829375,0.0048015914415927,(0.04381741309049772-0.027989687570454155j),1266.298696107263,(0.04381741309049582-0.02798968757045276j),1266.298696107263
1584,1584,10.158393749999998,0.0054483738597591,(-0.02524242085484261-0.006003592670614602j),1267.0986321123844,(-0.02524242085484401-0.006003592670613865j),1267.0986321123844
1585,1585,10.15849375,0.0055514468217621,(-0.041815737999513394+0.0860416579466666j),1267.898568117506,(-0.041815737999511694+0.08604165794666846j),1267.8985681175059
1586,1586,10.15859375,0.0045129857737145,(0.07621055505398827+0.0367062852493744j),1268.6985041226274,(0.07621055505398945+0.03670628524937288j),1268.6985041226274
1587,1587,10.15869375,0.0045215764375827,(0.07189346028068552+0.00815392563355906j),1269.4984401277488,(0.07189346028068146+0.008153925633561727j),1269.4984401277488
1588,1588,10.15879375,0.0035991877982585,(-0.07512476658164494-0.008901154521410382j),1270.2983761328703,(-0.07512476658164557-0.00890115452141474j),1270.2983761328703
1589,1589,10.15889375,0.0057669782577088,(-0.04189812259185112-0.05266638034095668j),1271.0983121379916,(-0.04189812259184993-0.052666380340958815j),1271.0983121379916
1590,1590,10.15899375,0.0031818542046208,(-0.0553511837065289-0.008253285277136754j),1271.898248143113,(-0.055351183706529215-0.008253285277140456j),1271.898248143113
1591,1591,10.159093749999998,0.0046140009804724,(-0.11228699746363534+0.03382502559077334j),1272.6981841482343,(-0.1122869974636351+0.0338250255907727j),1272.6981841482345
1592,1592,10.159193749999998,0.0040587605691007,(-0.0031725712652727854+0.047156844302993106j),1273.498120153356,(-0.003172571265276685+0.047156844302992364j),1273.498120153356
1593,1593,10.15929375,0.0052032205538478,(0.003998278512244482+0.0052285844079459865j),1274.2980561584775,(0.003998278512247181+0.005228584407947508j),1274.2980561584775
1594,1594,10.15939375,0.0040164877924401,(0.007461072848773103-0.0018042342362263398j),1275.097992163599,(0.007461072848776975-0.0018042342362279426j),1275.097992163599
1595,1595,10.15949375,0.0039174348393455,(0.025718278870972985+0.0035407611633505157j),1275.8979281687205,(0.025718278870974304+0.0035407611633484167j),1275.8979281687205
1596,1596,10.15959375,0.003186680185976,(-0.07337402876516197-0.04931172098477371j),1276.697864173842,(-0.07337402876515939-0.04931172098477161j),1276.697864173842
1597,1597,10.15969375,0.0017355503938066,(0.005424962491660629-0.0004753874403278859j),1277.4978001789634,(0.005424962491664311-0.0004753874403300421j),1277.4978001789634
1598,1598,10.15979375,0.0005586517087207,(0.007589146386955117+0.03740199168424291j),1278.297736184085,(0.00758914638695431+0.037401991684243165j),1278.2977361840847
1599,1599,10.159893749999998,0.0022265511939885,(-0.0549503762772387+0.024675070776389193j),1279.0976721892062,(-0.05495037627724044+0.024675070776387115j),1279.0976721892062
1600,1600,10.15999375,0.0029228832165283,(-0.04958579244140568+0.006039403933681985j),1279.8976081943276,(-0.04958579244140672+0.00603940393368527j),1279.8976081943276
1601,1601,10.16009375,0.0032719684793446,(0.030801571501724235+0.01243918561730146j),1280.697544199449,(0.030801571501726258+0.012439185617305355j),1280.697544199449
1602,1602,10.16019375,0.0027730438042433,(-0.03886238866269336-0.022315965616063013j),1281.4974802045706,(-0.03886238866269526-0.022315965616065993j),1281.4974802045706
1603,1603,10.16029375,0.0044598434662816,(0.005770253556962269-1.9381971441436146e-05j),1282.297416209692,(0.0057702535569653-1.9381971442205713e-05j),1282.297416209692
1604,1604,10.16039375,0.0048204682351279,(-0.08243696831357-0.005408673475863372j),1283.0973522148136,(-0.08243696831356997-0.005408673475863178j),1283.0973522148136
1605,1605,10.16049375,0.0040483738884405,(-0.08295077204033607+0.026941782453515417j),1283.897288219935,(-0.08295077204033506+0.026941782453512544j),1283.897288219935
1606,1606,10.16059375,0.003420904143399,(0.04202148922767999+0.026071610120034405j),1284.6972242250563,(0.042021489227682146+0.026071610120035473j),1284.6972242250565
1607,1607,10.160693749999998,0.003349190435546,(-0.019641453838958645+0.01717396389962248j),1285.4971602301778,(-0.019641453838959537+0.017173963899624854j),1285.4971602301778
1608,1608,10.16079375,0.0032076494451241,(-0.010038212685652104+0.05360214511554813j),1286.2970962352993,(-0.010038212685647781+0.05360214511554905j),1286.2970962352993
1609,1609,10.16089375,0.0025764882753535,(0.03554064872969119-0.027136961101533345j),1287.0970322404207,(0.03554064872969433-0.027136961101532332j),1287.0970322404207
1610,1610,10.16099375,0.0018657591542241,(-0.029132669372544183+0.03665267268377875j),1287.8969682455422,(-0.029132669372544565+0.03665267268378039j),1287.8969682455422
1611,1611,10.16109375,0.0023672866609749,(-0.02359432540629624+0.03520641862766016j),1288.6969042506637,(-0.023594325406297113+0.035206418627661766j),1288.6969042506637
1612,1612,10.16119375,0.003127785694805,(-0.012952153935939457+0.032661839430117356j),1289.4968402557852,(-0.012952153935938494+0.032661839430118154j),1289.4968402557852
1613,1613,10.16129375,0.0034678017279219,(-0.056775131889084514-0.04407869813886477j),1290.2967762609069,(-0.05677513188908754-0.04407869813886663j),1290.2967762609067
1614,1614,10.161393749999998,0.0031434735637926,(0.029813651655478828+0.05526614625973382j),1291.096712266028,(0.029813651655479924+0.05526614625973302j),1291.0967122660281
1615,1615,10.161493749999998,0.0040566820755621,(-0.06365469543588229-0.05022605437897149j),1291.8966482711494,(-0.0636546954358809-0.0502260543789761j),1291.8966482711494
1616,1616,10.16159375,0.0038510881175589,(0.027996946912553493+0.03525160015286588j),1292.6965842762709,(0.027996946912555325+0.03525160015286304j),1292.6965842762709
1617,1617,10.16169375,0.0053333389516361,(-0.09037914966066649-0.06655580829346797j),1293.4965202813923,(-0.0903791496606686-0.06655580829346847j),1293.4965202813923
1618,1618,10.16179375,0.0058852414792954,(-0.07833051365376945-0.0014603057975024793j),1294.2964562865138,(-0.07833051365376965-0.0014603057974999119j),1294.2964562865138
1619,1619,10.16189375,0.0068809819447797,(-0.015657501824582976+0.0027508115169005013j),1295.0963922916353,(-0.01565750182458145+0.002750811516897141j),1295.0963922916353
1620,1620,10.16199375,0.0073321113504463,(0.05022848906321921+0.0727629648565632j),1295.8963282967568,(0.05022848906322082+0.07276296485656226j),1295.8963282967568
1621,1621,10.16209375,0.0065149789985758,(0.011757434639910075-0.04103551622563839j),1296.6962643018785,(0.011757434639911545-0.04103551622564036j),1296.6962643018783
1622,1622,10.162193749999998,0.0061763284377485,(0.0017118264150632974+0.013895163975997889j),1297.4962003069998,(0.0017118264150615531+0.013895163975997j),1297.4962003069998
1623,1623,10.16229375,0.00530312647211,(0.009944700196674486+0.01188692069253663j),1298.2961363121212,(0.009944700196677115+0.011886920692533567j),1298.2961363121212
1624,1624,10.16239375,0.0048134316488406,(-0.013091267596981105+0.06653642132519988j),1299.0960723172425,(-0.013091267596976706+0.06653642132519867j),1299.0960723172425
1625,1625,10.16249375,0.0049483784969069,(-0.026375978828569475+0.033874474446315334j),1299.896008322364,(-0.02637597882856727+0.033874474446312294j),1299.896008322364
1626,1626,10.16259375,0.0046139237435358,(-0.04174458104174649-0.0369170324490358j),1300.6959443274854,(-0.04174458104174499-0.03691703244903341j),1300.6959443274854
1627,1627,10.16269375,0.0042028674680188,(-0.027183815523727506+0.05066613328941728j),1301.495880332607,(-0.027183815523729123+0.050666133289414175j),1301.495880332607
1628,1628,10.16279375,0.0046297030679577,(0.03437228567494795+0.019171870220062316j),1302.2958163377284,(0.034372285674944034+0.01917187022006503j),1302.2958163377284
1629,1629,10.16289375,0.0060810014804932,(-0.012150215898888539+0.014233366449894619j),1303.09575234285,(-0.012150215898885429+0.014233366449894461j),1303.09575234285
1630,1630,10.162993749999998,0.0065516316193301,(0.018902343264494546+0.02202227278983855j),1303.8956883479714,(0.018902343264491077+0.022022272789842326j),1303.8956883479714
1631,1631,10.16309375,0.0075817624479944,(-0.06975170495013669-0.05301159325074861j),1304.6956243530929,(-0.06975170495014014-0.05301159325075207j),1304.6956243530929
1632,1632,10.16319375,0.0077404556725217,(-0.02445898630366256+0.015471639208058852j),1305.4955603582143,(-0.024458986303659242+0.015471639208056847j),1305.4955603582143
1633,1633,10.16329375,0.0086940164419675,(0.018951828703873-0.03768999025840938j),1306.2954963633356,(0.01895182870386954-0.03768999025841159j),1306.2954963633356
1634,1634,10.16339375,0.0102873973057769,(-0.01780528338507228+0.0669752957492504j),1307.095432368457,(-0.01780528338507426+0.06697529574925473j),1307.095432368457
1635,1635,10.16349375,0.0093285192728541,(-0.0018659010056699728-0.01485795681013492j),1307.8953683735783,(-0.0018659010056683665-0.014857956810135001j),1307.8953683735785
1636,1636,10.16359375,0.0086991693593768,(-0.07342815009470419+0.014343736753642032j),1308.6953043787,(-0.07342815009470298+0.014343736753646006j),1308.6953043787
1637,1637,10.163693749999998,0.0072258892543875,(-0.06183627685881596+0.011914477595786652j),1309.4952403838215,(-0.06183627685881807+0.01191447759578997j),1309.4952403838215
1638,1638,10.16379375,0.0071310823365625,(-0.05121922690962827+0.02052471946033746j),1310.295176388943,(-0.051219226909625874+0.020524719460339076j),1310.295176388943
1639,1639,10.16389375,0.0066402714737968,(-0.0012912815175528392-0.05303408670354388j),1311.0951123940645,(-0.001291281517552676-0.05303408670354573j),1311.0951123940645
1640,1640,10.16399375,0.0051134670311572,(0.05659681616796172+0.039413018849612756j),1311.895048399186,(0.05659681616796285+0.0394130188496079j),1311.895048399186
1641,1641,10.16409375,0.005160993271323,(-0.06697226424019449-0.0048909160848507795j),1312.6949844043074,(-0.06697226424019712-0.004890916084851567j),1312.6949844043074
1642,1642,10.16419375,0.0064801975028766,(-0.045172881507528226-0.012197850203048938j),1313.4949204094287,(-0.045172881507527844-0.012197850203044858j),1313.4949204094287
1643,1643,10.16429375,0.006978492775389,(-0.013012108063718749+0.05868470267348606j),1314.2948564145502,(-0.013012108063718279+0.05868470267348368j),1314.2948564145502
1644,1644,10.16439375,0.0081831790407285,(-0.01047761034243332+0.05578973471925474j),1315.0947924196716,(-0.010477610342433+0.05578973471925458j),1315.0947924196716
1645,1645,10.164493749999998,0.0082998998272372,(0.02159357191214596-0.018039889082366985j),1315.8947284247931,(0.021593571912149067-0.018039889082368397j),1315.8947284247931
1646,1646,10.16459375,0.0101526994938425,(-0.004957355171514624-0.02204889209249269j),1316.6946644299146,(-0.0049573551715149655-0.02204889209249494j),1316.6946644299146
1647,1647,10.16469375,0.0099066067696139,(-0.06139934568810209-0.014111238165716073j),1317.494600435036,(-0.0613993456881003-0.014111238165720385j),1317.494600435036
1648,1648,10.16479375,0.0088309766047306,(-0.03356342840079219+0.10661175369339608j),1318.2945364401576,(-0.033563428400796125+0.10661175369339404j),1318.2945364401576
1649,1649,10.16489375,0.00806553571452,(0.014149832643533417-0.0018753960670805127j),1319.094472445279,(0.014149832643529557-0.0018753960670772518j),1319.094472445279
1650,1650,10.16499375,0.0070909569093636,(-0.005484057931123559+0.0367129317473127j),1319.8944084504003,(-0.005484057931126959+0.03671293174731266j),1319.8944084504003
1651,1651,10.16509375,0.0059133860314197,(-0.04440732622205642-0.05846399419539341j),1320.6943444555218,(-0.04440732622205961-0.05846399419539964j),1320.6943444555218
1652,1652,10.165193749999998,0.006295753516935,(-0.01989721076272466-0.02164803144791716j),1321.4942804606433,(-0.019897210762725364-0.021648031447918714j),1321.4942804606433
1653,1653,10.165293749999998,0.0060255884517973,(-0.03533547768757589+0.023789499740806054j),1322.2942164657647,(-0.03533547768757322+0.023789499740800718j),1322.2942164657647
1654,1654,10.16539375,0.0068366412981165,(0.017937650983640935+0.016810351456454133j),1323.0941524708862,(0.01793765098364071+0.016810351456453154j),1323.0941524708862
1655,1655,10.16549375,0.0062975178402226,(-0.0006096229039726179-0.03613073256576374j),1323.8940884760077,(-0.0006096229039726873-0.03613073256576267j),1323.8940884760077
1656,1656,10.16559375,0.0067541431382289,(0.06337296016232856+0.02858309833827687j),1324.6940244811292,(0.0633729601623257+0.028583098338275513j),1324.6940244811292
1657,1657,10.16569375,0.007774703701029,(-0.020666143168424876+0.007999370231796499j),1325.493960486251,(-0.020666143168423003+0.007999370231800172j),1325.4939604862507
1658,1658,10.16579375,0.009131757719648,(-0.04357172320629875+0.0336119284651234j),1326.2938964913722,(-0.0435717232062994+0.03361192846512721j),1326.2938964913722
1659,1659,10.16589375,0.0091122705853418,(0.01870348675334295-0.04431824075137582j),1327.0938324964934,(0.01870348675334593-0.04431824075137869j),1327.0938324964934
1660,1660,10.165993749999998,0.0083900651765047,(-0.03044784129400108-0.021521760384330634j),1327.8937685016149,(-0.030447841293999085-0.02152176038433002j),1327.8937685016149
1661,1661,10.16609375,0.0064868618842063,(-0.002093456901762816+0.03427767561347877j),1328.6937045067364,(-0.0020934569017608956+0.034277675613482696j),1328.6937045067364
1662,1662,10.16619375,0.0073520141858808,(-0.03624535401179223-0.024235171555168585j),1329.4936405118578,(-0.03624535401179038-0.02423517155516918j),1329.4936405118578
1663,1663,10.16629375,0.0056917999922326,(-0.024481526434938457-0.038304884986497874j),1330.293576516979,(-0.02448152643493927-0.03830488498649941j),1330.2935765169793
1664,1664,10.16639375,0.0056151694517196,(-0.016300979618077555+0.09259524115690969j),1331.0935125221008,(-0.016300979618078817+0.09259524115690997j),1331.0935125221008
1665,1665,10.16649375,0.0041021831816975,(0.026661151550932412+0.028668729359102793j),1331.8934485272223,(0.026661151550933994+0.028668729359102564j),1331.8934485272223
1666,1666,10.16659375,0.0039564513531817,(0.001582911831554402-0.0362470098494323j),1332.6933845323438,(0.0015829118315538867-0.03624700984942961j),1332.6933845323438
1667,1667,10.16669375,0.0038310190864685,(0.03644995043041514+0.07544033332588258j),1333.4933205374653,(0.036449950430415434+0.07544033332588271j),1333.4933205374653
1668,1668,10.166793749999998,0.0054424705704593,(-0.040215161638619074+0.005717519166461899j),1334.2932565425865,(-0.04021516163861732+0.00571751916646117j),1334.2932565425865
1669,1669,10.16689375,0.0057756509060475,(-0.03945367489038483-0.088080076691267j),1335.093192547708,(-0.039453674890380916-0.0880800766912667j),1335.093192547708
1670,1670,10.16699375,0.0059168793513863,(0.013351655090923911-0.026589257522798004j),1335.8931285528297,(0.013351655090925972-0.026589257522799233j),1335.8931285528295
1671,1671,10.16709375,0.0048169789228005,(-0.08397056277127218+0.013572658181546453j),1336.693064557951,(-0.08397056277127202+0.01357265818154622j),1336.693064557951
1672,1672,10.16719375,0.0045135603386736,(0.03980861120553677-0.00521169733224441j),1337.4930005630724,(0.039808611205535915-0.005211697332245399j),1337.4930005630724
1673,1673,10.16729375,0.003122774096537,(-0.04668018622432902-0.02403010105313715j),1338.292936568194,(-0.04668018622432734-0.024030101053135012j),1338.292936568194
1674,1674,10.16739375,0.0037352811906015,(-0.006255888487143001-0.002125001744653636j),1339.0928725733154,(-0.006255888487149483-0.0021250017446517964j),1339.0928725733154
1675,1675,10.167493749999998,0.0027276181206966,(0.09778986948274508+0.010855292684455661j),1339.8928085784369,(0.09778986948274411+0.010855292684455021j),1339.8928085784369
1676,1676,10.167593749999998,0.0030277389964921,(-0.015454838586399925+0.004600746976949488j),1340.6927445835584,(-0.015454838586401051+0.004600746976952931j),1340.6927445835584
1677,1677,10.16769375,0.0021748601130284,(0.02479227549793125+0.10566791809537553j),1341.4926805886796,(0.0247922754979292+0.10566791809537891j),1341.4926805886796
1678,1678,10.16779375,0.0042663426878306,(0.013893821734244697+0.020385619012778442j),1342.292616593801,(0.013893821734245079+0.020385619012778383j),1342.292616593801
1679,1679,10.16789375,0.0045258906360644,(-0.024068853440596172+0.06925164602672493j),1343.0925525989226,(-0.024068853440598458+0.06925164602672125j),1343.0925525989226
1680,1680,10.16799375,0.0033897228028678,(-0.04270278115980135+0.0737111451843799j),1343.892488604044,(-0.042702781159801126+0.07371114518437775j),1343.892488604044
1681,1681,10.16809375,0.0041101583484155,(0.019031974791285156+0.028048469038647324j),1344.6924246091655,(0.019031974791286495+0.028048469038646086j),1344.6924246091655
1682,1682,10.16819375,0.003153636168901,(0.03001934800085173-0.01938174440139273j),1345.492360614287,(0.03001934800084938-0.019381744401388512j),1345.492360614287
1683,1683,10.168293749999998,0.0032124828499755,(-0.11268340678710206+0.05939577388993856j),1346.2922966194085,(-0.11268340678710267+0.05939577388993849j),1346.2922966194085
1684,1684,10.16839375,0.0020977729051539,(0.007922112765903419-0.025362108333321483j),1347.09223262453,(0.007922112765903065-0.02536210833331899j),1347.09223262453
1685,1685,10.16849375,0.0026094187138436,(-0.016106313916255013+0.02707109731694153j),1347.8921686296512,(-0.016106313916254146+0.027071097316943724j),1347.8921686296512
1686,1686,10.16859375,0.0012276935865653,(-0.002353553159859086+0.007475038023504805j),1348.6921046347727,(-0.0023535531598598437+0.007475038023500667j),1348.6921046347727
1687,1687,10.16869375,0.0023179159985601,(-0.007664375374030764-0.04494089295027793j),1349.4920406398942,(-0.007664375374033706-0.04494089295027813j),1349.4920406398942
1688,1688,10.16879375,0.0026206721551309,(0.01761940289661019+0.05331423577910126j),1350.2919766450157,(0.017619402896611683+0.053314235779103825j),1350.2919766450157
1689,1689,10.16889375,0.0038540295767899,(-0.04716595346664748-0.01380245070025143j),1351.0919126501371,(-0.04716595346665024-0.01380245070024988j),1351.0919126501371
1690,1690,10.168993749999998,0.0024806519103905,(-0.01964648573065594+0.04915422329027378j),1351.8918486552586,(-0.019646485730656086+0.04915422329027378j),1351.8918486552586
1691,1691,10.169093749999998,0.0019720299575599,(-0.027203557107637652-0.03606854320621216j),1352.69178466038,(-0.027203557107637808-0.0360685432062129j),1352.69178466038
1692,1692,10.16919375,0.0033343946255188,(-0.03318449655436428-0.006468148417842052j),1353.4917206655016,(-0.03318449655436525-0.006468148417840891j),1353.4917206655016
1693,1693,10.16929375,0.002658479560363,(-0.012930848987959634-0.030310077865431183j),1354.291656670623,(-0.012930848987954784-0.030310077865427543j),1354.291656670623
1694,1694,10.16939375,0.0051590606943559,(0.023230387151845173+0.0009256630683429647j),1355.0915926757443,(0.023230387151845184+0.0009256630683460404j),1355.0915926757443
1695,1695,10.16949375,0.0030901721909607,(-0.033520262425587546+0.0745387183527953j),1355.8915286808658,(-0.03352026242559096+0.07453871835278932j),1355.8915286808658
1696,1696,10.16959375,0.0032717492543914,(0.02146162528465978-0.0201652385371806j),1356.6914646859873,(0.02146162528465861-0.020165238537181836j),1356.6914646859873
1697,1697,10.16969375,0.0032569385607373,(-0.060164099461413406+0.0020207321723434944j),1357.4914006911088,(-0.060164099461411796+0.0020207321723432585j),1357.4914006911088
1698,1698,10.169793749999998,0.0041134120501524,(-0.04424043442001646+0.03057571904935074j),1358.2913366962302,(-0.044240434420017724+0.030575719049349595j),1358.2913366962302
1699,1699,10.16989375,0.0035538954406102,(0.00241957653712451-0.011290062166233078j),1359.0912727013515,(0.002419576537119696-0.011290062166232046j),1359.0912727013517
1700,1700,10.16999375,0.0047461719252621,(0.050105130362668567+0.012526602856193541j),1359.8912087064732,(0.05010513036266974+0.012526602856190006j),1359.8912087064732
1701,1701,10.17009375,0.0052343845488876,(-0.041908631580018146-0.036569161470046595j),1360.6911447115947,(-0.04190863158001636-0.036569161470045304j),1360.6911447115947
1702,1702,10.17019375,0.0070325826056735,(0.011022329564075005-0.023195941114075434j),1361.4910807167162,(0.011022329564074252-0.023195941114075018j),1361.4910807167162
1703,1703,10.17029375,0.0048909538266868,(0.0036692812453588456+0.07619606458657585j),1362.2910167218374,(0.0036692812453599215+0.07619606458657945j),1362.2910167218374
1704,1704,10.17039375,0.005766558381223,(0.023998239880373445+0.09521805544854418j),1363.090952726959,(0.0239982398803757+0.09521805544854495j),1363.090952726959
1705,1705,10.17049375,0.0036447989002126,(-0.05449671158480626-0.02424871560889153j),1363.8908887320804,(-0.05449671158480397-0.024248715608891743j),1363.8908887320804
1706,1706,10.170593749999998,0.0041783723774222,(-0.01578059640427331+0.01380398583709683j),1364.690824737202,(-0.01578059640427433+0.013803985837092265j),1364.6908247372019
1707,1707,10.17069375,0.0044579333202273,(0.05432451111760986+0.011568941693625583j),1365.4907607423231,(0.05432451111761085+0.011568941693627665j),1365.4907607423233
1708,1708,10.17079375,0.006023303287041,(0.009273609901765359-0.016413375033203302j),1366.2906967474448,(0.009273609901766646-0.01641337503320237j),1366.2906967474448
1709,1709,10.17089375,0.0049636678444815,(-0.09286317363234883-0.011221714224932483j),1367.0906327525663,(-0.09286317363234942-0.011221714224928167j),1367.0906327525663
1710,1710,10.17099375,0.005893553680851,(0.019649935702252815+0.0019208708389093936j),1367.8905687576878,(0.019649935702252673+0.001920870838912344j),1367.8905687576878
1711,1711,10.17109375,0.0065369850728209,(-0.061601268899239045+0.07543796596910099j),1368.6905047628093,(-0.06160126889923868+0.07543796596910199j),1368.6905047628093
1712,1712,10.17119375,0.008072400450362,(-0.016591019810012462+0.00772798351662867j),1369.4904407679303,(-0.0165910198100102+0.0077279835166255174j),1369.4904407679305
1713,1713,10.171293749999998,0.0073550088499033,(0.011801017147628549-0.01831265296012526j),1370.290376773052,(0.011801017147623534-0.018312652960126775j),1370.290376773052
1714,1714,10.171393749999998,0.0086428049411054,(0.07809666769934305+0.013536589790530457j),1371.0903127781737,(0.0780966676993382+0.013536589790533462j),1371.0903127781735
1715,1715,10.17149375,0.0079967884530527,(-0.042542778997300135-0.0006848004767002966j),1371.890248783295,(-0.04254277899730135-0.0006848004766989123j),1371.890248783295
1716,1716,10.17159375,0.0081326376522898,(-0.02560210496367391+0.027068362054092687j),1372.6901847884164,(-0.02560210496367195+0.027068362054091567j),1372.6901847884164
1717,1717,10.17169375,0.0076359370392411,(-0.020869208828233822-0.044671442268397366j),1373.490120793538,(-0.020869208828233694-0.04467144226840094j),1373.490120793538
1718,1718,10.17179375,0.0088788389879432,(0.00892805540088011-0.004056421610555039j),1374.2900567986594,(0.008928055400883466-0.004056421610552447j),1374.2900567986594
1719,1719,10.17189375,0.0067885076732139,(-0.03866072511788197-0.022274412682210462j),1375.089992803781,(-0.03866072511788377-0.022274412682208956j),1375.089992803781
1720,1720,10.17199375,0.00621104955921,(-0.04641560447844524-0.02510989491961336j),1375.889928808902,(-0.04641560447844689-0.025109894919616113j),1375.8899288089021
1721,1721,10.172093749999998,0.0054553967462446,(0.07954086408492506+0.0926024469452985j),1376.6898648140236,(0.07954086408492557+0.09260244694529689j),1376.6898648140236
1722,1722,10.17219375,0.0074952101242868,(-0.044936150636568715+0.024187375455009916j),1377.489800819145,(-0.044936150636568764+0.024187375455012573j),1377.489800819145
1723,1723,10.17229375,0.006356513982728,(0.026499431061035184+0.056500355319855956j),1378.2897368242666,(0.026499431061038213+0.05650035531985656j),1378.2897368242666
1724,1724,10.17239375,0.0074402112148211,(0.01591283243651244-0.03262300563706441j),1379.089672829388,(0.015912832436510857-0.03262300563706332j),1379.089672829388
1725,1725,10.17249375,0.0053309641743237,(-0.010939209891428704-0.04492272263269458j),1379.8896088345095,(-0.010939209891431666-0.04492272263269352j),1379.8896088345095
1726,1726,10.17259375,0.0076554004192437,(-0.027480664726590415+0.009889561208688995j),1380.689544839631,(-0.02748066472659378+0.009889561208685223j),1380.689544839631
1727,1727,10.17269375,0.0078304276749753,(-0.11349494337963303+0.0011812177869705807j),1381.4894808447525,(-0.11349494337963208+0.001181217786968454j),1381.4894808447525
1728,1728,10.17279375,0.0099320145982346,(-0.03873575196297487-0.05234557766083938j),1382.289416849874,(-0.038735751962975636-0.05234557766084627j),1382.289416849874
1729,1729,10.172893749999998,0.0077339256054923,(-0.023873230573176783-0.09260834310527068j),1383.0893528549952,(-0.023873230573173906-0.09260834310527327j),1383.0893528549952
1730,1730,10.17299375,0.0077001064553817,(-0.04517111867992275+0.03587409196990546j),1383.8892888601167,(-0.045171118679924946+0.03587409196990564j),1383.8892888601167
1731,1731,10.17309375,0.0073466182493101,(-0.08205110734962222+0.006635986000735235j),1384.6892248652382,(-0.0820511073496224+0.006635986000734707j),1384.6892248652382
1732,1732,10.17319375,0.0089439638881708,(0.004590584663182708-0.020620727408755313j),1385.4891608703597,(0.004590584663185467-0.020620727408752045j),1385.4891608703597
1733,1733,10.17329375,0.0083126755637916,(-0.016082569703393675+0.023228481224116374j),1386.2890968754812,(-0.016082569703394493+0.02322848122411221j),1386.2890968754812
1734,1734,10.17339375,0.009325058175225,(-0.04240514141545404-0.0676605088084706j),1387.0890328806026,(-0.04240514141545185-0.06766050880847081j),1387.0890328806026
1735,1735,10.17349375,0.0069841062858826,(0.028189097044800028-0.02665218829827957j),1387.888968885724,(0.02818909704480274-0.026652188298276674j),1387.8889688857241
1736,1736,10.173593749999998,0.0077296382997406,(0.03571762192278714-0.05591287583938987j),1388.6889048908456,(0.03571762192279204-0.05591287583939274j),1388.6889048908456
1737,1737,10.173693749999998,0.0075262321273156,(-0.0095164070952101+0.025693207914484373j),1389.488840895967,(-0.009516407095211383+0.02569320791448575j),1389.488840895967
1738,1738,10.17379375,0.006709413741575,(0.06442095347580865+0.030373679999454912j),1390.2887769010883,(0.06442095347580853+0.03037367999945452j),1390.2887769010883
1739,1739,10.17389375,0.0041720438264255,(-0.09694981073028344-0.001626352658668076j),1391.0887129062098,(-0.09694981073028813-0.00162635265866784j),1391.0887129062098
1740,1740,10.17399375,0.0048526169522964,(-0.010221730703666405+0.052154327721192065j),1391.8886489113313,(-0.010221730703666342+0.05215432772119169j),1391.8886489113313
1741,1741,10.17409375,0.0086660229219171,(0.10427418057493441+0.010223367430085104j),1392.6885849164528,(0.10427418057493679+0.010223367430087248j),1392.6885849164528
1742,1742,10.17419375,0.0092878904674521,(0.014245987993305443+0.017239166275408776j),1393.4885209215745,(0.014245987993306194+0.017239166275413293j),1393.4885209215743
1743,1743,10.17429375,0.0071384083153376,(-0.0607420223696766-0.009548371646016818j),1394.2884569266955,(-0.06074202236967378-0.009548371646018294j),1394.2884569266957
1744,1744,10.174393749999998,0.0070588064519679,(-0.001069222019903171+0.02943219110509514j),1395.0883929318172,(-0.001069222019899941+0.029432191105093493j),1395.0883929318172
1745,1745,10.17449375,0.0068549078892893,(-0.055977399290729035+0.0356700148407571j),1395.8883289369387,(-0.055977399290728515+0.035670014840756874j),1395.8883289369387
1746,1746,10.17459375,0.0090839303402766,(0.007141583304792122-0.023240969292652448j),1396.6882649420602,(0.007141583304791222-0.023240969292654977j),1396.6882649420602
1747,1747,10.17469375,0.0051958318645886,(-0.001976472261028688+0.028804264517993856j),1397.4882009471814,(-0.001976472261027422+0.028804264517993058j),1397.4882009471814
1748,1748,10.17479375,0.0051540894195275,(-0.03169364760781262+0.018171614698591826j),1398.288136952303,(-0.03169364760780989+0.018171614698591514j),1398.288136952303
1749,1749,10.17489375,0.0028949772451513,(-0.08580159830038522+0.01304338619011896j),1399.0880729574244,(-0.08580159830038625+0.013043386190117509j),1399.0880729574244
1750,1750,10.17499375,0.0040600929271713,(-0.04336441536338111+0.016212642839668587j),1399.888008962546,(-0.04336441536337915+0.016212642839667786j),1399.8880089625459
1751,1751,10.175093749999998,0.0017314611265477,(-0.10162893596649977-0.015405882583932495j),1400.6879449676674,(-0.1016289359664975-0.01540588258393602j),1400.6879449676674
1752,1752,10.175193749999998,0.0039069005099024,(0.11706978660499669-0.00789697485271693j),1401.4878809727888,(0.11706978660499981-0.007896974852718832j),1401.4878809727888
1753,1753,10.17529375,0.00392164142753,(-0.08090645780994232+0.003916689790660108j),1402.2878169779103,(-0.08090645780994182+0.003916689790654834j),1402.2878169779103
1754,1754,10.17539375,0.0053676115368628,(0.07058652678063893+0.002309844523311358j),1403.0877529830318,(0.07058652678063501+0.0023098445233103136j),1403.0877529830318
1755,1755,10.17549375,0.0036485692124123,(0.04369275060523033-0.006136283786844662j),1403.887688988153,(0.04369275060523133-0.0061362837868438255j),1403.887688988153
1756,1756,10.17559375,0.0066497583557247,(0.013486911094387169-0.004211577326250684j),1404.6876249932743,(0.013486911094387384-0.004211577326246885j),1404.6876249932745
1757,1757,10.17569375,0.0057591422426969,(0.09793177311014023+0.0443489586169612j),1405.487560998396,(0.09793177311013658+0.044348958616956695j),1405.487560998396
1758,1758,10.17579375,0.0061854248856848,(0.02261062534082367+0.025837790049110756j),1406.2874970035175,(0.022610625340821713+0.02583779004911526j),1406.2874970035175
1759,1759,10.175893749999998,0.0042799817533593,(-0.023156188919912387-0.04029167440977648j),1407.087433008639,(-0.023156188919912574-0.04029167440977406j),1407.087433008639
1760,1760,10.17599375,0.0046148857030473,(0.007169808877010001+0.01379592114293589j),1407.8873690137605,(0.007169808877010405+0.013795921142937432j),1407.8873690137605
1761,1761,10.17609375,0.0030009175750927,(0.014743994477634075+0.024013619165986617j),1408.687305018882,(0.014743994477639733+0.02401361916598425j),1408.687305018882
1762,1762,10.17619375,0.0044469809433559,(-0.02622191735954487+0.01370412627409364j),1409.4872410240034,(-0.0262219173595448+0.01370412627409263j),1409.4872410240034
1763,1763,10.17629375,0.00082111797561,(-0.016372975319852136+0.026172900663344233j),1410.287177029125,(-0.0163729753198545+0.02617290066334599j),1410.287177029125
1764,1764,10.17639375,0.002275775780899,(0.09149864087358461-0.028576226216199707j),1411.0871130342462,(0.09149864087358671-0.028576226216199416j),1411.0871130342462
1765,1765,10.17649375,0.0014409616455114,(0.010483892091201687+0.01806048859555099j),1411.8870490393676,(0.010483892091202878+0.01806048859555248j),1411.8870490393676
1766,1766,10.17659375,0.0034842182135045,(-0.07281056188595446+0.019650009286386362j),1412.6869850444891,(-0.07281056188595385+0.01965000928638296j),1412.6869850444891
1767,1767,10.176693749999998,0.0020985347518981,(0.011547407911955404-0.012623996558869388j),1413.4869210496106,(0.01154740791194852-0.012623996558870466j),1413.4869210496106
1768,1768,10.17679375,0.0005001432448399,(-0.031874334562018-0.06894930259480463j),1414.286857054732,(-0.031874334562016486-0.0689493025948055j),1414.286857054732
1769,1769,10.17689375,0.002999611385373,(-0.03735994576200017+0.022244696996027012j),1415.0867930598536,(-0.03735994576200223+0.02224469699602912j),1415.0867930598536
1770,1770,10.17699375,0.0038966352814075,(-0.019618105129294863+0.02481186035816297j),1415.886729064975,(-0.01961810512929243+0.024811860358160777j),1415.886729064975
1771,1771,10.17709375,0.0045250095344645,(0.03556400263475968-0.011948374314189327j),1416.6866650700963,(0.03556400263475899-0.011948374314189861j),1416.6866650700965
1772,1772,10.17719375,0.004158023993289,(0.073758959921773+0.043325460556079984j),1417.486601075218,(0.07375895992176931+0.043325460556082204j),1417.486601075218
1773,1773,10.17729375,0.0037673577686341,(0.046496685990887625-0.014408777234662091j),1418.2865370803393,(0.046496685990884835-0.01440877723466671j),1418.2865370803393
1774,1774,10.177393749999998,0.0058014332206675,(-0.028973974111259702-0.010111953265839373j),1419.0864730854607,(-0.028973974111257794-0.010111953265839546j),1419.0864730854607
1775,1775,10.177493749999998,0.0032808435485604,(0.0556100984312757+0.026976937044151984j),1419.8864090905822,(0.0556100984312736+0.026976937044149017j),1419.8864090905822
1776,1776,10.17759375,0.0032946880401711,(0.06103477772992525-0.0356048331172915j),1420.6863450957037,(0.06103477772992393-0.03560483311729366j),1420.6863450957037
1777,1777,10.17769375,0.0024035956001366,(0.02328616848242673-0.018455132558293095j),1421.4862811008252,(0.023286168482426584-0.018455132558297335j),1421.4862811008252
1778,1778,10.17779375,0.0028199557159225,(0.07090715692419941+0.00987066670314829j),1422.286217105947,(0.07090715692420398+0.009870666703144643j),1422.2862171059467
1779,1779,10.17789375,0.0025248310990276,(0.005553835765386339+0.028856101723808966j),1423.086153111068,(0.005553835765385172+0.028856101723811763j),1423.0861531110681
1780,1780,10.17799375,0.0014677681041868,(0.0010027669847220769+0.10907550326998021j),1423.8860891161896,(0.0010027669847234022+0.10907550326998194j),1423.8860891161896
1781,1781,10.17809375,0.0032599713476266,(0.017570810264429262-0.02656440208167709j),1424.686025121311,(0.01757081026443006-0.026564402081677277j),1424.686025121311
1782,1782,10.178193749999998,0.0036858058029309,(-0.07927357159024649+0.017019405216910533j),1425.4859611264324,(-0.07927357159024763+0.01701940521691348j),1425.4859611264324
1783,1783,10.17829375,0.0037071829315363,(0.025801219312930952-0.036476363447130636j),1426.2858971315538,(0.025801219312932305-0.03647636344713246j),1426.2858971315538
1784,1784,10.17839375,0.0036573121680385,(-0.12023846920793092+0.02955747970364297j),1427.085833136675,(-0.12023846920792755+0.02955747970364526j),1427.0858331366753
1785,1785,10.17849375,0.0044833085665272,(-0.04534564539558996+0.02180998804157506j),1427.8857691417968,(-0.0453456453955853+0.021809988041575627j),1427.8857691417968
1786,1786,10.17859375,0.0058886077922505,(0.048310997053510246-0.0403185132169469j),1428.6857051469185,(0.04831099705351086-0.040318513216946995j),1428.6857051469183
1787,1787,10.17869375,0.0053126298264201,(0.035618675168550926-0.004680761781591102j),1429.4856411520398,(0.03561867516855131-0.0046807617815915635j),1429.4856411520398
1788,1788,10.17879375,0.0052875326984302,(-0.09552935679518482-0.011433912544454645j),1430.2855771571612,(-0.09552935679518584-0.011433912544455985j),1430.2855771571612
1789,1789,10.17889375,0.0054690633695321,(-0.006143937582691156+0.007750160072938579j),1431.0855131622827,(-0.006143937582688984+0.007750160072937731j),1431.0855131622827
1790,1790,10.178993749999998,0.0061503431267882,(0.0049417421450227254+0.06515990698221996j),1431.885449167404,(0.004941742145020904+0.06515990698222171j),1431.885449167404
1791,1791,10.17909375,0.0052146751407762,(-0.014958404950826582+0.05262353076480034j),1432.6853851725257,(-0.014958404950826069+0.05262353076480117j),1432.6853851725255
1792,1792,10.17919375,0.0058540359522106,(0.07975640272323606-0.01315832507548978j),1433.485321177647,(0.07975640272324191-0.013158325075494966j),1433.485321177647
1793,1793,10.17929375,0.0057217898623399,(-0.05884180514527772-0.019913095585998648j),1434.2852571827684,(-0.05884180514527766-0.019913095585999054j),1434.2852571827684
1794,1794,10.17939375,0.0057212164217621,(0.05239575944284197+0.007765464343532202j),1435.08519318789,(0.052395759442842325+0.00776546434353292j),1435.08519318789
1795,1795,10.17949375,0.0059221594279254,(0.07645504376794657-0.029699226314215732j),1435.8851291930114,(0.07645504376794408-0.029699226314214473j),1435.8851291930114
1796,1796,10.17959375,0.0052709319566126,(0.029315335678121588+0.06890943375072926j),1436.6850651981329,(0.029315335678119028+0.06890943375073118j),1436.6850651981329
1797,1797,10.179693749999998,0.0065966371639497,(-0.030185367364345454+0.025913563000914963j),1437.4850012032543,(-0.03018536736434535+0.025913563000917385j),1437.4850012032543
1798,1798,10.179793749999998,0.0074412672567147,(0.1392730998742055+0.011704348018211665j),1438.2849372083758,(0.13927309987420217+0.011704348018210908j),1438.2849372083758
1799,1799,10.17989375,0.0077524531810525,(-0.052003785231741415+0.05403915449045359j),1439.084873213497,(-0.05200378523173972+0.054039154490451366j),1439.084873213497
1800,1800,10.17999375,0.0079966492759573,(0.0019047580907917+0.029953723519755532j),1439.8848092186186,(0.0019047580907946837+0.029953723519758058j),1439.8848092186186
1801,1801,10.18009375,0.0080542578814201,(-0.0639663832269895-0.11138494786873987j),1440.68474522374,(-0.06396638322698997-0.11138494786873959j),1440.68474522374
1802,1802,10.18019375,0.0091523049663574,(-0.06631485951453234+0.12010823996447469j),1441.4846812288615,(-0.066314859514534+0.12010823996447328j),1441.4846812288615
1803,1803,10.18029375,0.0077177938276954,(-0.022424504519241384+0.05856242843791728j),1442.284617233983,(-0.022424504519245173+0.05856242843791813j),1442.284617233983
1804,1804,10.18039375,0.0071074425428652,(-0.021396553297388494-0.033781866868188334j),1443.0845532391045,(-0.02139655329738733-0.03378186686818975j),1443.0845532391045
1805,1805,10.180493749999998,0.0067840740841629,(-0.022139453714363176-0.08147641537926481j),1443.884489244226,(-0.022139453714360983-0.08147641537926646j),1443.884489244226
1806,1806,10.18059375,0.0078145373102118,(0.11579436675988186+0.06503321939273243j),1444.6844252493474,(0.11579436675988017+0.06503321939273461j),1444.6844252493474
1807,1807,10.18069375,0.0078037453913463,(0.04734364297497321-0.007071169584845955j),1445.484361254469,(0.04734364297497724-0.007071169584846413j),1445.484361254469
1808,1808,10.18079375,0.0069535738578926,(-0.014566740925621543+0.025843073293304656j),1446.2842972595902,(-0.01456674092561576+0.0258430732932986j),1446.2842972595902
1809,1809,10.18089375,0.0080191847074626,(0.01899446799961872-0.014225204923743384j),1447.0842332647117,(0.0189944679996206-0.014225204923746272j),1447.0842332647117
1810,1810,10.18099375,0.008132901812286,(0.09397215089728522-0.013111449074455123j),1447.8841692698331,(0.09397215089728816-0.013111449074456702j),1447.8841692698331
1811,1811,10.18109375,0.008440590458776,(-0.047697894145073624-0.0014981250398745372j),1448.6841052749546,(-0.04769789414507612-0.0014981250398746968j),1448.6841052749546
1812,1812,10.181193749999998,0.0079992179090883,(0.00529993465542533+0.01841262041772467j),1449.484041280076,(0.005299934655422827+0.018412620417726896j),1449.484041280076
1813,1813,10.181293749999998,0.007371398064317,(-0.02999340716676898+0.023605933440301548j),1450.2839772851976,(-0.029993407166766167+0.023605933440300146j),1450.2839772851976
1814,1814,10.18139375,0.007591292883993,(0.052028803162999814+0.03241600017061689j),1451.083913290319,(0.05202880316299935+0.032416000170616244j),1451.083913290319
1815,1815,10.18149375,0.0070494725597303,(0.047117711672908694+0.07474399722868398j),1451.8838492954403,(0.0471177116729076+0.07474399722868307j),1451.8838492954405
1816,1816,10.18159375,0.0082137414239821,(0.016538878103014402-0.03700165351213828j),1452.683785300562,(0.01653887810301382-0.03700165351214168j),1452.683785300562
1817,1817,10.18169375,0.0077606326237302,(0.006699904624664601+0.10098846803646369j),1453.4837213056833,(0.006699904624663099+0.10098846803646382j),1453.4837213056833
1818,1818,10.18179375,0.0089088648468374,(0.020720506905771895+0.016650809950897044j),1454.2836573108048,(0.02072050690577388+0.016650809950892572j),1454.2836573108048
1819,1819,10.18189375,0.0084055139242549,(-0.03343233914223219+0.07882808930920424j),1455.0835933159262,(-0.033432339142231336+0.07882808930920746j),1455.0835933159262
1820,1820,10.181993749999998,0.0094845397425589,(-0.038473327521883025+0.0489979597496784j),1455.8835293210475,(-0.038473327521884634+0.048997959749675773j),1455.8835293210477
1821,1821,10.18209375,0.0078184076269825,(0.0018280265793121225+0.11255605489349728j),1456.6834653261692,(0.0018280265793099645+0.11255605489349674j),1456.6834653261692
1822,1822,10.18219375,0.0056873691208678,(-0.03322557324811343-0.0015257855077540792j),1457.483401331291,(-0.033225573248116015-0.0015257855077576796j),1457.4834013312907
1823,1823,10.18229375,0.0064382970758403,(-0.07403080333059966-0.052859194186860255j),1458.2833373364122,(-0.07403080333060008-0.05285919418686011j),1458.2833373364122
1824,1824,10.18239375,0.0064198331789079,(-0.03430354762682382-0.012267166698971758j),1459.0832733415336,(-0.03430354762682108-0.012267166698975353j),1459.0832733415336
1825,1825,10.18249375,0.0059352779760373,(-0.13006969172432226-0.029983797702792567j),1459.883209346655,(-0.13006969172431862-0.029983797702793146j),1459.883209346655
1826,1826,10.18259375,0.0058072239825597,(-0.06776725857716964-0.09784972945210009j),1460.6831453517764,(-0.06776725857717285-0.09784972945209972j),1460.6831453517764
1827,1827,10.18269375,0.0064395639650508,(0.05049601162517362-0.002077116338149212j),1461.483081356898,(0.05049601162517059-0.002077116338150488j),1461.4830813568979
1828,1828,10.182793749999998,0.0070173879669849,(0.04424682474085617-0.004961961744209712j),1462.283017362019,(0.044246824740854764-0.004961961744207235j),1462.2830173620193
1829,1829,10.18289375,0.0066232053142716,(-0.04639646714059368+0.12349342396198144j),1463.0829533671408,(-0.04639646714059471+0.12349342396198025j),1463.0829533671408
1830,1830,10.18299375,0.005796979048223,(0.00010752875824954558+0.07167575564762552j),1463.8828893722623,(0.00010752875825267849+0.0716757556476268j),1463.8828893722623
1831,1831,10.18309375,0.0056768603798171,(-0.007432421925789065-0.0516840090158834j),1464.6828253773838,(-0.007432421925787032-0.05168400901588089j),1464.6828253773838
1832,1832,10.18319375,0.0054699488517393,(0.051554965804887096-0.07543446101769082j),1465.4827613825053,(0.05155496580488777-0.07543446101768825j),1465.4827613825053
1833,1833,10.18329375,0.0052561005043885,(0.08831125105022483-0.0319399760049809j),1466.2826973876267,(0.08831125105022022-0.031939976004982926j),1466.2826973876267
1834,1834,10.18339375,0.0045596001884002,(0.060091319115227415+0.09826939831193826j),1467.082633392748,(0.060091319115225944+0.09826939831193937j),1467.082633392748
1835,1835,10.183493749999998,0.0050664407084247,(0.10090157298907794+0.07524622105461734j),1467.8825693978697,(0.10090157298907727+0.07524622105461917j),1467.8825693978695
1836,1836,10.183593749999998,0.0052350216681631,(0.08469533176244183+0.0030634063488444233j),1468.682505402991,(0.08469533176244277+0.003063406348845686j),1468.682505402991
1837,1837,10.18369375,0.0049079547596324,(-0.02872176643688634+0.049568391874614884j),1469.4824414081124,(-0.028721766436883796+0.049568391874615314j),1469.4824414081124
1838,1838,10.18379375,0.0038276098629857,(-0.07674004269056084-0.10697029466384902j),1470.282377413234,(-0.07674004269055716-0.10697029466384843j),1470.282377413234
1839,1839,10.18389375,0.0054985550568432,(-0.02660219905146066+0.02477185585883409j),1471.0823134183554,(-0.02660219905146036+0.024771855858830318j),1471.0823134183554
1840,1840,10.18399375,0.0048084341701785,(-0.04608566136733895+0.07587452234041082j),1471.8822494234769,(-0.04608566136733684+0.07587452234041284j),1471.8822494234769
1841,1841,10.18409375,0.0041388173681139,(-0.09402033043089489+0.030346608746617286j),1472.6821854285984,(-0.09402033043089404+0.03034660874661912j),1472.6821854285984
1842,1842,10.18419375,0.0032736521191647,(-0.09531253681548499-0.09760208149094353j),1473.4821214337198,(-0.09531253681548447-0.09760208149094371j),1473.4821214337198
1843,1843,10.184293749999998,0.0030189506913941,(0.0641285301683017+0.04557064291944912j),1474.282057438841,(0.06412853016830304+0.04557064291944965j),1474.282057438841
1844,1844,10.18439375,0.0037894971755155,(-0.018131269546969482-0.021350106251830585j),1475.0819934439626,(-0.01813126954696952-0.0213501062518346j),1475.0819934439626
1845,1845,10.18449375,0.0027887543218763,(0.03821639435823669+0.05491681092136565j),1475.881929449084,(0.03821639435823413+0.05491681092136318j),1475.881929449084
1846,1846,10.18459375,0.0021190187201374,(0.047703056384018894-0.01586042915908517j),1476.6818654542055,(0.047703056384019386-0.015860429159087707j),1476.6818654542055
1847,1847,10.18469375,0.0026421400459115,(-0.09690179309464353-0.0667338306956621j),1477.481801459327,(-0.09690179309464282-0.06673383069566101j),1477.481801459327
1848,1848,10.18479375,0.0031069910697816,(0.13622364153076272+0.032399219300332155j),1478.2817374644485,(0.1362236415307663+0.03239921930033148j),1478.2817374644485
1849,1849,10.18489375,0.0035766657339115,(0.08621487735733568+0.06196992657410223j),1479.08167346957,(0.08621487735733371+0.06196992657410281j),1479.08167346957
1850,1850,10.18499375,0.002815873852512,(-0.012972169107495733-0.020369078653769905j),1479.8816094746917,(-0.012972169107494685-0.020369078653767962j),1479.8816094746915
1851,1851,10.185093749999998,0.0035115941047884,(0.025450569681117672+0.030458996035928287j),1480.681545479813,(0.025450569681120295+0.03045899603592598j),1480.681545479813
1852,1852,10.18519375,0.0041988173760991,(-0.06858701019807087+0.02371436195939304j),1481.4814814849342,(-0.06858701019807358+0.023714361959391684j),1481.4814814849342
1853,1853,10.18529375,0.0042031240576795,(-0.03380066013769521+0.03432001183230135j),1482.2814174900557,(-0.033800660137692305+0.03432001183230171j),1482.2814174900557
1854,1854,10.18539375,0.0030863922873412,(0.029612242341387675-0.021093475173171818j),1483.0813534951772,(0.02961224234138324-0.02109347517317795j),1483.0813534951772
1855,1855,10.18549375,0.0026795983893234,(0.0031988158520488666+0.0004298833156467937j),1483.8812895002986,(0.003198815852049914+0.00042988331564520707j),1483.8812895002986
1856,1856,10.18559375,0.003290977271702,(-0.016082909009970427+0.03950508749733966j),1484.68122550542,(-0.016082909009973112+0.039505087497338234j),1484.6812255054201
1857,1857,10.18569375,0.0034902378429331,(-0.05242591375410832+0.011332331630275368j),1485.4811615105416,(-0.05242591375410746+0.011332331630272936j),1485.4811615105416
1858,1858,10.185793749999998,0.002422280791371,(0.125691149791549-0.02156063308747548j),1486.281097515663,(0.12569114979154752-0.02156063308747523j),1486.281097515663
1859,1859,10.185893749999998,0.0030618085504879,(-0.07232093190386685+0.06685527453725036j),1487.0810335207846,(-0.07232093190386346+0.06685527453725186j),1487.0810335207846
1860,1860,10.18599375,0.0024095067747242,(0.050439394467432036+0.01133064843159988j),1487.8809695259058,(0.050439394467430884+0.011330648431599227j),1487.8809695259058
1861,1861,10.18609375,0.0029607021841005,(0.04981239047869784+0.03478595812062007j),1488.6809055310273,(0.04981239047869696+0.034785958120621095j),1488.6809055310273
1862,1862,10.18619375,0.0021011425234452,(-0.059935295149466494+0.08387012468684844j),1489.4808415361488,(-0.059935295149468826+0.08387012468684375j),1489.4808415361488
1863,1863,10.18629375,0.0019412200064149,(0.06501328174044291+0.002764238032490013j),1490.2807775412705,(0.06501328174044466+0.002764238032489135j),1490.2807775412703
1864,1864,10.18639375,0.0033151627800664,(-0.03669381442143565+0.023051767454955855j),1491.0807135463915,(-0.036693814421435836+0.023051767454957288j),1491.0807135463917
1865,1865,10.18649375,0.0039301027740017,(-0.05092205704382712+0.029285862184327275j),1491.8806495515132,(-0.05092205704382416+0.029285862184329804j),1491.8806495515132
1866,1866,10.186593749999998,0.0052481375077588,(0.014439554845494185+0.018521966460363904j),1492.6805855566347,(0.014439554845491963+0.018521966460363207j),1492.6805855566347
1867,1867,10.18669375,0.0057924627536355,(0.009173797300602166-0.029825093736444222j),1493.4805215617562,(0.009173797300604383-0.02982509373644364j),1493.4805215617562
1868,1868,10.18679375,0.0067927014150021,(0.005012125450076205-0.05773764165657201j),1494.2804575668777,(0.005012125450074595-0.05773764165656975j),1494.2804575668777
1869,1869,10.18689375,0.0066069547537519,(0.0034033816392489208-0.019806735125135092j),1495.080393571999,(0.0034033816392450337-0.01980673512513114j),1495.080393571999
1870,1870,10.18699375,0.0051811716274138,(-0.08172668344257983-0.012683203081555502j),1495.8803295771204,(-0.0817266834425816-0.012683203081553289j),1495.8803295771204
1871,1871,10.18709375,0.0050910481924941,(-0.052768027833918874-0.003943840173671054j),1496.680265582242,(-0.05276802783391525-0.0039438401736683225j),1496.6802655822419
1872,1872,10.18719375,0.0046606477411859,(0.005083210809656614+0.04056191727600854j),1497.4802015873634,(0.005083210809655542+0.040561917276010974j),1497.4802015873634
1873,1873,10.187293749999998,0.0048027637990353,(0.014039476860791626+0.06956247281641866j),1498.2801375924848,(0.014039476860791468+0.06956247281641988j),1498.2801375924848
1874,1874,10.187393749999998,0.0044372965340391,(-0.0173494538090284+0.07407793452363594j),1499.0800735976063,(-0.017349453809026926+0.07407793452363738j),1499.0800735976063
1875,1875,10.18749375,0.0049656187496238,(0.04018647434421355-0.02819279354387018j),1499.8800096027278,(0.04018647434421396-0.028192793543869134j),1499.8800096027278
1876,1876,10.18759375,0.0051072965049285,(0.02339839669385917+0.03565119697982002j),1500.6799456078493,(0.023398396693861533+0.0356511969798161j),1500.6799456078493
1877,1877,10.18769375,0.0061921680504579,(-0.05791897721026856+0.0020253714838494655j),1501.4798816129708,(-0.05791897721026964+0.002025371483846874j),1501.4798816129708
1878,1878,10.18779375,0.0064795725862714,(0.0510747238607852-0.010496267014171496j),1502.279817618092,(0.05107472386078801-0.010496267014173544j),1502.279817618092
1879,1879,10.18789375,0.0069262561089707,(-0.10520577139069665+0.04065687999924244j),1503.0797536232135,(-0.10520577139069395+0.04065687999924465j),1503.0797536232135
1880,1880,10.18799375,0.0075059318282024,(-0.006845798384489413+0.0918212672914046j),1503.879689628335,(-0.006845798384487324+0.09182126729140362j),1503.879689628335
1881,1881,10.188093749999998,0.008185973081485,(0.04884358158974282-0.012272199927319722j),1504.6796256334565,(0.048843581589743806-0.012272199927320936j),1504.6796256334565
1882,1882,10.18819375,0.0089575662301772,(0.05183701925409327-0.0022271350627595214j),1505.479561638578,(0.05183701925409302-0.0022271350627602986j),1505.479561638578
1883,1883,10.18829375,0.0086037437202788,(-0.0039497090337435835-0.03959757233942067j),1506.2794976436994,(-0.0039497090337426745-0.039597572339418734j),1506.2794976436994
1884,1884,10.18839375,0.0080536525936428,(0.10973558015827761-0.0593798901269398j),1507.079433648821,(0.1097355801582775-0.059379890126939824j),1507.079433648821
1885,1885,10.18849375,0.0076411244570155,(-0.009387627529960984+0.009728313470224187j),1507.8793696539424,(-0.00938762752996171+0.009728313470220892j),1507.8793696539424
1886,1886,10.18859375,0.0077057836374842,(0.05565989049254795-0.0059038314029736605j),1508.679305659064,(0.05565989049254811-0.005903831402975556j),1508.6793056590639
1887,1887,10.18869375,0.0071593376259546,(-0.04901459413067294+0.06211312140348806j),1509.479241664185,(-0.049014594130666986+0.06211312140348516j),1509.479241664185
1888,1888,10.18879375,0.0064756938399158,(-0.06305087722203084+0.0006951220792209764j),1510.2791776693066,(-0.06305087722202853+0.0006951220792252889j),1510.2791776693066
1889,1889,10.188893749999998,0.0058791603844929,(0.11372217838215869-0.09957958526387842j),1511.079113674428,(0.11372217838215633-0.09957958526388162j),1511.079113674428
1890,1890,10.18899375,0.0074173821952186,(-0.13233406417465196+0.01054059052937048j),1511.8790496795496,(-0.1323340641746469+0.010540590529372104j),1511.8790496795496
1891,1891,10.18909375,0.007252602593108,(-0.06909821922806719-0.009123070333214316j),1512.678985684671,(-0.06909821922806463-0.009123070333215987j),1512.678985684671
1892,1892,10.18919375,0.0089068933065532,(-0.004592662706012399-0.04690090430076612j),1513.4789216897923,(-0.004592662706011368-0.04690090430076332j),1513.4789216897925
1893,1893,10.18929375,0.0089051621182597,(0.03520225696309423-0.0011991160828937978j),1514.278857694914,(0.035202256963096354-0.0011991160828928298j),1514.278857694914
1894,1894,10.18939375,0.0087499250776562,(-0.002578178149821503+0.06917187825254908j),1515.0787937000357,(-0.002578178149818579+0.06917187825254863j),1515.0787937000355
1895,1895,10.18949375,0.0099646163801388,(-0.0024544731499528735+0.025329925789641092j),1515.8787297051567,(-0.0024544731499530122+0.025329925789640502j),1515.8787297051567
1896,1896,10.189593749999998,0.0080151687564487,(0.02589972186245436+0.022636306088039328j),1516.6786657102782,(0.02589972186245463+0.022636306088038696j),1516.6786657102782
1897,1897,10.189693749999998,0.0074305455179166,(-0.11295012340456195-0.022145471959471738j),1517.4786017153997,(-0.11295012340456262-0.022145471959473306j),1517.4786017153997
1898,1898,10.18979375,0.0062562847608847,(-0.154144187912933+0.0015387467545857209j),1518.2785377205212,(-0.15414418791293727+0.0015387467545849715j),1518.2785377205212
1899,1899,10.18989375,0.0071364796898684,(-0.028116558509007444+0.053936050494186434j),1519.0784737256429,(-0.028116558509004+0.0539360504941826j),1519.0784737256427
1900,1900,10.18999375,0.0058500313567524,(0.012464487388000003-0.0474726378624382j),1519.878409730764,(0.012464487388005773-0.04747263786243788j),1519.8784097307641
1901,1901,10.19009375,0.0060216830015379,(0.014720938656134528+0.010181643079476868j),1520.6783457358856,(0.014720938656130429+0.010181643079477654j),1520.6783457358856
1902,1902,10.19019375,0.0077424543876909,(-0.061754189436028645+0.11078098580539703j),1521.478281741007,(-0.06175418943602813+0.11078098580540008j),1521.478281741007
1903,1903,10.19029375,0.0082775810312805,(0.043767446243769326+0.02671192766712907j),1522.2782177461286,(0.04376744624376654+0.026711927667127842j),1522.2782177461286
1904,1904,10.190393749999998,0.0082562411479338,(-0.007203670982615088+0.004711871052219588j),1523.0781537512498,(-0.007203670982615297+0.004711871052218731j),1523.0781537512498
1905,1905,10.19049375,0.0081572428397563,(0.10495614473271789+0.023354907215215492j),1523.8780897563713,(0.1049561447327167+0.02335490721521491j),1523.8780897563713
1906,1906,10.19059375,0.0085454840867259,(0.02345164243440879-0.025039996627568718j),1524.6780257614928,(0.023451642434407966-0.02503999662756585j),1524.6780257614928
1907,1907,10.19069375,0.0086169344066542,(-0.0016339598316032732+0.07471546905828841j),1525.4779617666145,(-0.001633959831599422+0.07471546905828932j),1525.4779617666143
1908,1908,10.19079375,0.0069035248843157,(-0.0665138239982177+0.0758701559297426j),1526.2778977717358,(-0.06651382399821838+0.0758701559297392j),1526.2778977717358
1909,1909,10.19089375,0.005881077715685,(-0.00947315137742276+0.008891251068092451j),1527.0778337768572,(-0.00947315137742581+0.00889125106809137j),1527.0778337768572
1910,1910,10.19099375,0.0051714134165072,(-0.08014870343380814-0.006340246387874879j),1527.8777697819787,(-0.080148703433807-0.0063402463878757705j),1527.8777697819787
1911,1911,10.19109375,0.0046710425482541,(-0.08551947932542013-0.03109906652452093j),1528.6777057871002,(-0.08551947932541806-0.03109906652452343j),1528.6777057871002
1912,1912,10.191193749999998,0.0052025304568071,(-0.005881439229710108-0.025056437067140676j),1529.4776417922217,(-0.005881439229706124-0.025056437067140405j),1529.4776417922217
1913,1913,10.19129375,0.0054577859435968,(-0.029778440311237657+0.10910889627880244j),1530.277577797343,(-0.02977844031123679+0.10910889627879855j),1530.277577797343
1914,1914,10.19139375,0.0055734274253003,(-0.012509558120043505-0.037676595229261256j),1531.0775138024644,(-0.01250955812004059-0.037676595229258494j),1531.0775138024644
1915,1915,10.19149375,0.0060748253864464,(-0.047646839708234995+0.06055211864608036j),1531.877449807586,(-0.04764683970823434+0.06055211864608197j),1531.877449807586
1916,1916,10.19159375,0.0051657149662875,(-0.061021929697861424-0.009491142078776153j),1532.6773858127074,(-0.061021929697862465-0.009491142078773971j),1532.6773858127074
1917,1917,10.19169375,0.0054987608196182,(0.040121451518436504+0.01691657211265029j),1533.4773218178289,(0.040121451518435186+0.016916572112649145j),1533.4773218178289
1918,1918,10.19179375,0.0059519354645707,(0.03690560505539393+0.050544816714073224j),1534.2772578229503,(0.03690560505538936+0.05054481671407373j),1534.2772578229503
1919,1919,10.191893749999998,0.0063884275010952,(-0.04301293608482926+0.009191586968989288j),1535.0771938280718,(-0.04301293608482629+0.009191586968987251j),1535.0771938280718
1920,1920,10.19199375,0.0054195674651041,(-0.06957348872783056+0.032545586445651725j),1535.8771298331933,(-0.0695734887278282+0.032545586445652794j),1535.8771298331933
1921,1921,10.19209375,0.0033953376508911,(0.015471278979735329+0.00733416143057445j),1536.6770658383148,(0.015471278979734186+0.007334161430575971j),1536.6770658383148
1922,1922,10.19219375,0.0030465972963757,(-0.023776748786676564+0.027588494784874767j),1537.477001843436,(-0.023776748786681418+0.0275884947848789j),1537.477001843436
1923,1923,10.19229375,0.0034796660969755,(0.02105221679731397+0.02712437867319388j),1538.2769378485575,(0.02105221679731331+0.02712437867319659j),1538.2769378485575
1924,1924,10.19239375,0.0023146776473498,(0.025835968114039896-0.055188248725971015j),1539.076873853679,(0.025835968114039057-0.055188248725967254j),1539.076873853679
1925,1925,10.19249375,0.0032570307798366,(-0.028230365287966103+0.03260563556781521j),1539.8768098588005,(-0.02823036528796779+0.03260563556781515j),1539.8768098588005
1926,1926,10.19259375,0.0030121885782223,(-0.060910769655653854-0.006951311856318119j),1540.676745863922,(-0.060910769655655395-0.006951311856316665j),1540.676745863922
1927,1927,10.192693749999998,0.0044267831202755,(0.0033741243559372238-0.007047719607523504j),1541.4766818690434,(0.0033741243559382555-0.007047719607523821j),1541.4766818690434
1928,1928,10.19279375,0.0046330083302597,(-0.024016024561909804+0.03711124528894342j),1542.276617874165,(-0.02401602456191105+0.03711124528894271j),1542.276617874165
1929,1929,10.19289375,0.002137544559446,(0.06603180768507867+0.0810212455568325j),1543.0765538792864,(0.06603180768507794+0.08102124555683007j),1543.0765538792864
1930,1930,10.19299375,0.0033270516324273,(0.034676938108023206+0.0910052100974702j),1543.8764898844076,(0.03467693810802371+0.09100521009746883j),1543.8764898844076
1931,1931,10.19309375,0.0036691741289094,(0.03495655339379139+0.04338458777197069j),1544.6764258895291,(0.034956553393788496+0.0433845877719721j),1544.6764258895291
1932,1932,10.19319375,0.004217908594347,(0.0835247890129723-0.010215424744486544j),1545.4763618946506,(0.08352478901297457-0.010215424744486485j),1545.4763618946506
1933,1933,10.19329375,0.004138298298412,(-0.04035626249704048+0.03655469446628181j),1546.276297899772,(-0.0403562624970417+0.036554694466286064j),1546.276297899772
1934,1934,10.193393749999998,0.0040144876590198,(-0.05700702094588837+0.043533236825886716j),1547.0762339048936,(-0.05700702094588836+0.043533236825887334j),1547.0762339048936
1935,1935,10.193493749999998,0.0041781310179401,(-0.06485948661982213-0.023376986300812606j),1547.876169910015,(-0.06485948661982227-0.02337698630081518j),1547.876169910015
1936,1936,10.19359375,0.0037659410471004,(-0.016594792835380092-0.05902422846309045j),1548.6761059151363,(-0.01659479283537905-0.059024228463094j),1548.6761059151365
1937,1937,10.19369375,0.0028853117287475,(-0.06451365922891963-0.008071628199430029j),1549.476041920258,(-0.06451365922891854-0.008071628199432624j),1549.476041920258
1938,1938,10.19379375,0.0025598397778271,(-0.009740741110252964+0.041472836789532404j),1550.2759779253795,(-0.009740741110249087+0.041472836789533576j),1550.2759779253795
1939,1939,10.19389375,0.0014707934005627,(-0.0426123906463507+0.03590158952149856j),1551.0759139305007,(-0.04261239064635281+0.035901589521491986j),1551.0759139305007
1940,1940,10.19399375,0.001369913223718,(0.003661876160917455+0.0006278287889377077j),1551.8758499356222,(0.0036618761609187042+0.0006278287889399638j),1551.8758499356222
1941,1941,10.19409375,0.0007772471531931,(0.03547093998957307-0.03663547034109177j),1552.6757859407437,(0.03547093998957236-0.03663547034109233j),1552.6757859407437
1942,1942,10.194193749999998,0.0023090126798129,(-0.009211079641146968-0.012958691739982844j),1553.4757219458652,(-0.009211079641144919-0.012958691739984445j),1553.4757219458652
1943,1943,10.19429375,0.0029752107697439,(-0.0380580870139452+0.03574712490140386j),1554.275657950987,(-0.03805808701393991+0.03574712490140221j),1554.2756579509867
1944,1944,10.19439375,0.004330143455205,(-0.008362393423507525+0.01259528912931341j),1555.0755939561082,(-0.008362393423508299+0.012595289129315498j),1555.0755939561082
1945,1945,10.19449375,0.0038097379409004,(-0.013423486172095114-0.008775487760210431j),1555.8755299612296,(-0.013423486172091527-0.008775487760209064j),1555.8755299612296
1946,1946,10.19459375,0.0044822612178166,(-0.03292543560008642+0.019260397272413958j),1556.675465966351,(-0.03292543560008941+0.019260397272416477j),1556.675465966351
1947,1947,10.19469375,0.0064591194226154,(-0.00531051519760717-0.03044970482694396j),1557.4754019714726,(-0.005310515197609937-0.030449704826944247j),1557.4754019714726
1948,1948,10.19479375,0.0062922676075833,(0.013427325194070767+0.0736251544005558j),1558.2753379765938,(0.013427325194070487+0.07362515440055475j),1558.2753379765938
1949,1949,10.19489375,0.0040717413977645,(0.019122464456756465-0.09322978359758666j),1559.075273981715,(0.019122464456751743-0.09322978359758514j),1559.0752739817153
1950,1950,10.194993749999998,0.0043599612217397,(-0.04350745951144748-0.02088891344549606j),1559.8752099868368,(-0.04350745951144845-0.02088891344549939j),1559.8752099868368
1951,1951,10.19509375,0.0053118937917802,(-0.01602973385056856+0.08223005915521747j),1560.6751459919583,(-0.01602973385056649+0.08223005915521865j),1560.6751459919583
1952,1952,10.19519375,0.005998942922397,(0.04002606748226181+0.09157246677710863j),1561.4750819970798,(0.04002606748226181+0.09157246677710651j),1561.4750819970798
1953,1953,10.19529375,0.0045372110130113,(0.019060127778799577-0.023512862494351035j),1562.2750180022013,(0.019060127778795146-0.02351286249434862j),1562.2750180022013
1954,1954,10.19539375,0.0041934965910758,(0.05945112328106286+0.03229117555690233j),1563.0749540073227,(0.0594511232810623+0.03229117555690114j),1563.0749540073227
1955,1955,10.19549375,0.0037774193212233,(-0.10260433249117668+0.00862680037084839j),1563.8748900124442,(-0.10260433249117612+0.008626800370848106j),1563.8748900124442
1956,1956,10.19559375,0.0058830852550182,(-0.018528953495095826-0.0422210150238186j),1564.6748260175657,(-0.018528953495094272-0.04222101502381503j),1564.6748260175657
1957,1957,10.195693749999998,0.0044711824066146,(-0.012124212711018911+0.05636761253523323j),1565.474762022687,(-0.012124212711018694+0.05636761253523456j),1565.474762022687
1958,1958,10.195793749999998,0.0048102344505868,(0.009997293325926648+0.0816964364704039j),1566.2746980278084,(0.009997293325927966+0.08169643647040485j),1566.2746980278084
1959,1959,10.19589375,0.0059046236607859,(0.0359058822756178+0.04235399303253922j),1567.07463403293,(0.035905882275619916+0.04235399303254744j),1567.07463403293
1960,1960,10.19599375,0.0063418183236457,(0.02388598611481308+0.09258666000810853j),1567.8745700380514,(0.023885986114812664+0.09258666000810797j),1567.8745700380514
1961,1961,10.19609375,0.007233865723556,(-0.027292348237552288-0.01803819762340371j),1568.6745060431729,(-0.027292348237552055-0.018038197623402568j),1568.6745060431729
1962,1962,10.19619375,0.0068980088826802,(0.022013820630102238+0.044587731692664945j),1569.4744420482943,(0.022013820630102883+0.04458773169266407j),1569.4744420482943
1963,1963,10.19629375,0.0068029461869358,(0.03174127851994371-0.042987281371270565j),1570.2743780534158,(0.03174127851994174-0.042987281371271675j),1570.2743780534158
1964,1964,10.19639375,0.0065595398678194,(-0.03931775543900199+0.031346186946684514j),1571.0743140585373,(-0.039317755439000575+0.03134618694668566j),1571.0743140585373
1965,1965,10.196493749999998,0.0064990352474329,(-0.020317810742826285+0.021607812969760908j),1571.8742500636586,(-0.020317810742828544+0.02160781296975975j),1571.8742500636586
1966,1966,10.19659375,0.008282288000409,(-0.018755549051451267+0.05511871429875775j),1572.67418606878,(-0.018755549051449303+0.05511871429875964j),1572.67418606878
1967,1967,10.19669375,0.0080356707522957,(0.04466168209456038-0.04001053316315648j),1573.4741220739015,(0.04466168209456215-0.04001053316315855j),1573.4741220739015
1968,1968,10.19679375,0.0083659839722167,(-0.1009070354236596-0.08709130427161395j),1574.274058079023,(-0.10090703542365666-0.08709130427161618j),1574.274058079023
1969,1969,10.19689375,0.0082361260666499,(-0.02386477119551674+0.0020573005571856585j),1575.0739940841445,(-0.023864771195517106+0.0020573005571850756j),1575.0739940841445
1970,1970,10.19699375,0.0075411882932678,(0.02084089596139517+0.05648967898149857j),1575.873930089266,(0.020840895961396905+0.05648967898149533j),1575.873930089266
1971,1971,10.19709375,0.007521142279284,(-0.010598263536324457-0.0429169249225273j),1576.6738660943874,(-0.010598263536324058-0.04291692492252807j),1576.6738660943874
1972,1972,10.19719375,0.0063585711773428,(-0.026412663736639464-0.020486980072227465j),1577.473802099509,(-0.026412663736638746-0.020486980072229724j),1577.473802099509
1973,1973,10.197293749999998,0.0063923486285428,(0.013544766938383856+0.005953820771720503j),1578.2737381046304,(0.013544766938385138+0.0059538207717201004j),1578.2737381046304
1974,1974,10.19739375,0.006306986990308,(-0.05816479420405876-0.03921657384005703j),1579.0736741097517,(-0.05816479420405886-0.03921657384005748j),1579.0736741097517
1975,1975,10.19749375,0.0078850170881775,(0.05030195926452663+0.02262514744475451j),1579.8736101148731,(0.05030195926452771+0.022625147444749576j),1579.8736101148731
1976,1976,10.19759375,0.0092031207467959,(0.06664607843771003-0.01072121647803682j),1580.6735461199946,(0.06664607843771121-0.01072121647803536j),1580.6735461199946
1977,1977,10.19769375,0.0086104297698584,(0.041367755310102776-0.049634040012502725j),1581.473482125116,(0.04136775531010202-0.04963404001249941j),1581.473482125116
1978,1978,10.19779375,0.009388206950197,(-0.0018603262429361814-0.03180244264639063j),1582.2734181302376,(-0.001860326242936367-0.03180244264639075j),1582.2734181302376
1979,1979,10.19789375,0.0093613184904247,(-0.013003613191934806+0.06274428298937357j),1583.073354135359,(-0.013003613191935052+0.06274428298937312j),1583.073354135359
1980,1980,10.197993749999998,0.0103800263173733,(0.04853286388642908+0.050477819768293006j),1583.8732901404803,(0.04853286388642909+0.05047781976829147j),1583.8732901404805
1981,1981,10.19809375,0.0093487370575012,(0.01415173376238095+0.0009747093471482058j),1584.673226145602,(0.014151733762381706+0.0009747093471492727j),1584.673226145602
1982,1982,10.19819375,0.0075258691440654,(0.006976959719026825+0.009229860595474275j),1585.4731621507235,(0.006976959719027151+0.009229860595473208j),1585.4731621507235
1983,1983,10.19829375,0.0068310607669076,(-0.07585878963237117+0.03402122173228328j),1586.2730981558448,(-0.07585878963236821+0.034021221732286784j),1586.2730981558448
1984,1984,10.19839375,0.0068011586542593,(-0.011781005530397123+0.03058024086441452j),1587.0730341609662,(-0.011781005530394989+0.030580240864419354j),1587.0730341609662
1985,1985,10.19849375,0.0061342866709333,(-0.04511979130765199+0.05203850011330977j),1587.8729701660875,(-0.04511979130764872+0.052038500113307885j),1587.8729701660877
1986,1986,10.19859375,0.0052914130233016,(-0.11652797535740382-0.0029751295068603414j),1588.6729061712092,(-0.1165279753574045-0.0029751295068593257j),1588.6729061712092
1987,1987,10.19869375,0.006506128481596,(-0.03153805159530356-0.027815399763821597j),1589.4728421763307,(-0.03153805159530502-0.02781539976381907j),1589.4728421763307
1988,1988,10.198793749999998,0.0066167218655161,(-0.042304180594674765+0.0655296169652354j),1590.2727781814522,(-0.042304180594672836+0.06552961696523317j),1590.2727781814522
1989,1989,10.19889375,0.0071132727707132,(0.025959529580175472-0.004144771789611479j),1591.0727141865736,(0.025959529580170865-0.00414477178961082j),1591.0727141865736
1990,1990,10.19899375,0.0076539550103585,(0.0355301122138546+0.0012434497055788286j),1591.8726501916951,(0.035530112213852535+0.0012434497055789744j),1591.8726501916951
1991,1991,10.19909375,0.0085432404721983,(0.018106493586606563-0.024180985690161583j),1592.6725861968166,(0.01810649358660295-0.024180985690164594j),1592.6725861968166
1992,1992,10.19919375,0.0090737977713615,(-0.016398515902853267-0.027769808082592426j),1593.472522201938,(-0.016398515902851032-0.027769808082591663j),1593.4725222019379
1993,1993,10.19929375,0.0079674290524937,(-0.02358027092157107-0.009467608566721075j),1594.2724582070591,(-0.02358027092156815-0.009467608566719972j),1594.2724582070593
1994,1994,10.19939375,0.0086758794528306,(0.01346369905467079+0.03796388203271643j),1595.0723942121808,(0.013463699054671785+0.037963882032715765j),1595.0723942121808
1995,1995,10.199493749999998,0.0074121865446666,(0.01739950870695913-0.04967626666596575j),1595.8723302173023,(0.01739950870695312-0.049676266665968895j),1595.8723302173023
1996,1996,10.199593749999998,0.006642869980984,(-0.007247132230021228-0.01713158458488934j),1596.6722662224238,(-0.007247132230022708-0.017131584584885288j),1596.6722662224238
1997,1997,10.19969375,0.0047494976088897,(-0.06148547710022629+0.0895419371537498j),1597.4722022275453,(-0.06148547710022617+0.08954193715375108j),1597.4722022275453
1998,1998,10.19979375,0.0042299462386935,(0.010318951929182543+0.011011778802448564j),1598.2721382326667,(0.010318951929182824+0.011011778802451945j),1598.2721382326667
1999,1999,10.19989375,0.0055056527923884,(0.02872143746068793-0.07100653746573891j),1599.0720742377882,(0.028721437460686443-0.07100653746573629j),1599.0720742377882
2000,2000,10.19999375,0.0039318722377937,(0.0389124762335751-0.01209215944465204j),1599.8720102429097,(0.03891247623357342-0.012092159444651737j),1599.8720102429095
2001,2001,10.20009375,0.0035837069598252,(-0.01277059251039628+0.016762882791679565j),1600.671946248031,(-0.012770592510397505+0.01676288279168447j),1600.671946248031
2002,2002,10.20019375,0.0033204756309397,(0.012123899648145472+0.08297009677629667j),1601.4718822531524,(0.012123899648149056+0.08297009677629509j),1601.4718822531524
2003,2003,10.200293750000002,0.0040151736746184,(0.03903178792498782+0.04869320058088678j),1602.271818258274,(0.03903178792498969+0.0486932005808936j),1602.271818258274
2004,2004,10.200393750000002,0.0028478957962803,(-0.03774446705883224+0.03283367867056297j),1603.0717542633954,(-0.0377444670588315+0.03283367867056601j),1603.0717542633954
2005,2005,10.20049375,0.0030584933972723,(-0.017788278658857674-0.03318346817383039j),1603.8716902685169,(-0.017788278658857654-0.03318346817383304j),1603.8716902685169
2006,2006,10.20059375,0.0030736743800942,(0.012196514960616479+0.03158074089023328j),1604.6716262736384,(0.012196514960616233+0.031580740890235756j),1604.6716262736384
2007,2007,10.20069375,0.0046564747499696,(0.010402881334284044+0.059330154862177534j),1605.4715622787598,(0.01040288133428427+0.05933015486217849j),1605.4715622787598
2008,2008,10.20079375,0.0062775720047937,(-0.062004251240894606-0.00793719863782414j),1606.271498283881,(-0.06200425124089264-0.007937198637823105j),1606.2714982838813
2009,2009,10.20089375,0.0057526376847749,(-0.040321116248408034-0.027192990828080736j),1607.0714342890026,(-0.040321116248407896-0.027192990828081194j),1607.0714342890026
2010,2010,10.20099375,0.0056950187641026,(-0.015640554349263074-0.026869734261990786j),1607.871370294124,(-0.015640554349257953-0.02686973426199215j),1607.871370294124
2011,2011,10.201093750000002,0.0044906474536824,(-0.06356024319809542+0.10480569783344017j),1608.6713062992455,(-0.06356024319809243+0.10480569783344296j),1608.6713062992455
2012,2012,10.201193750000002,0.0039514749561583,(-0.0008475118932045611+0.09720736200111539j),1609.471242304367,(-0.0008475118932067885+0.09720736200111699j),1609.471242304367
2013,2013,10.20129375,0.0009563419605243,(-0.014430271142182524+0.055935998790815414j),1610.2711783094885,(-0.014430271142180866+0.05593599879081864j),1610.2711783094885
2014,2014,10.20139375,-0.0004099629916391,(0.022211745033456506-0.057475226027781004j),1611.07111431461,(0.02221174503345487-0.05747522602778139j),1611.07111431461
2015,2015,10.20149375,2.028253379384992e-06,(-0.07527593012779635+0.06912671047089239j),1611.8710503197317,(-0.07527593012779535+0.06912671047089516j),1611.8710503197315
2016,2016,10.20159375,-9.510085112460278e-05,(0.006571582593281222-0.07067756335355595j),1612.670986324853,(0.006571582593283137-0.07067756335355718j),1612.670986324853
2017,2017,10.20169375,0.0013050393446789,(-0.051456251790250485+0.09504375793310235j),1613.4709223299744,(-0.05145625179025+0.09504375793310464j),1613.4709223299744
2018,2018,10.20179375,0.0033244461846646,(0.0330276886067393-0.05812350941842736j),1614.2708583350957,(0.03302768860674174-0.058123509418426526j),1614.2708583350957
2019,2019,10.201893750000002,0.0053705009653089,(-0.03339027506330267+0.06475958093964806j),1615.0707943402172,(-0.03339027506330014+0.06475958093964737j),1615.0707943402172
2020,2020,10.201993750000002,0.0046371836778249,(-0.07991141244285586-0.018311266099371233j),1615.8707303453386,(-0.07991141244285335-0.018311266099370074j),1615.8707303453386
2021,2021,10.20209375,0.0060215149284426,(-0.052919086273874226+0.028654012466287848j),1616.67066635046,(-0.052919086273875905+0.028654012466286877j),1616.6706663504601
2022,2022,10.20219375,0.0058118534759227,(-0.004236910082502768+0.003080713696941047j),1617.4706023555816,(-0.004236910082502199+0.0030807136969435095j),1617.4706023555816
2023,2023,10.20229375,0.0056358618693069,(-0.03144324618590843+0.03858945647890157j),1618.270538360703,(-0.03144324618591238+0.03858945647889942j),1618.270538360703
2024,2024,10.20239375,0.0028292927640867,(-0.01918578554121893+0.022645996504970532j),1619.0704743658246,(-0.019185785541216475+0.022645996504971195j),1619.0704743658246
2025,2025,10.20249375,0.0020952708959652,(0.017148584014698265-0.0073437888865827815j),1619.870410370946,(0.017148584014698338-0.00734378888658372j),1619.870410370946
2026,2026,10.202593750000002,0.0018814223355827,(0.05745572178324765+0.04794703604771568j),1620.6703463760675,(0.05745572178324725+0.04794703604771667j),1620.6703463760675
2027,2027,10.202693750000002,0.0027034775738691,(0.0263356291298122+0.0077499359806715434j),1621.4702823811888,(0.0263356291298094+0.0077499359806741525j),1621.4702823811888
2028,2028,10.20279375,0.0030492939987877,(-0.018566949527517047+0.015073229173679622j),1622.2702183863105,(-0.018566949527517262+0.01507322917367709j),1622.2702183863103
2029,2029,10.20289375,0.0023900480645907,(-0.019652502697101837+0.043790850065854287j),1623.0701543914315,(-0.019652502697099283+0.04379085006585125j),1623.0701543914317
2030,2030,10.20299375,0.0020821466982324,(-0.03356856200015638-0.0583021149909958j),1623.8700903965532,(-0.033568562000156996-0.058302114990999736j),1623.8700903965532
2031,2031,10.20309375,0.0035607850656711,(-0.0032797766174183615-0.0018859385497907557j),1624.6700264016747,(-0.0032797766174170457-0.0018859385497908528j),1624.6700264016747
2032,2032,10.20319375,0.0040521187699893,(-0.027592584064467768-0.04528228723389953j),1625.4699624067962,(-0.02759258406446867-0.04528228723389939j),1625.4699624067962
2033,2033,10.20329375,0.0054180370678977,(0.0481982396354515+0.031881371092724854j),1626.2698984119177,(0.04819823963545262+0.03188137109272623j),1626.2698984119177
2034,2034,10.203393750000002,0.0043799410144533,(0.01843275999328505-0.0811129364542673j),1627.0698344170391,(0.018432759993285485-0.08111293645426802j),1627.0698344170391
2035,2035,10.203493750000002,0.0064066829561566,(0.04267241717918243-0.026914244395516967j),1627.8697704221604,(0.04267241717918444-0.02691424439551792j),1627.8697704221604
2036,2036,10.20359375,0.0071006771973107,(-0.002344097434863612+0.03927013467609228j),1628.669706427282,(-0.002344097434861317+0.03927013467609401j),1628.6697064272819
2037,2037,10.20369375,0.0081341238166721,(0.0009009196943122501+0.11647769217585356j),1629.4696424324034,(0.0009009196943145087+0.11647769217585263j),1629.4696424324034
2038,2038,10.20379375,0.0078434274949793,(-0.09925690532109731+0.03333201782332977j),1630.2695784375248,(-0.09925690532109985+0.03333201782332811j),1630.2695784375248
2039,2039,10.20389375,0.0054961058991185,(0.12330968730116379-0.08053231451234709j),1631.0695144426463,(0.1233096873011692-0.08053231451234408j),1631.0695144426463
2040,2040,10.20399375,0.0038642609136818,(-0.03505428603072995-0.006137870784423775j),1631.8694504477678,(-0.03505428603072543-0.006137870784422946j),1631.8694504477678
2041,2041,10.20409375,0.0034355092077102,(0.001638419182133137+0.03722135565772961j),1632.6693864528893,(0.0016384191821347469+0.03722135565772981j),1632.6693864528893
2042,2042,10.204193750000002,0.0046197449799596,(0.008949135742282932-0.011469677013484468j),1633.4693224580108,(0.008949135742286164-0.011469677013482352j),1633.4693224580108
2043,2043,10.20429375,0.0048218340071611,(0.03950910841781281+0.015697946275779938j),1634.2692584631322,(0.039509108417810995+0.01569794627577531j),1634.2692584631322
2044,2044,10.20439375,0.0034843492884051,(0.09324353017146443+0.1550977341826882j),1635.0691944682535,(0.09324353017146504+0.15509773418268952j),1635.0691944682535
2045,2045,10.20449375,0.0046934613114356,(-0.06201330665764615-0.08705256314537099j),1635.869130473375,(-0.06201330665765018-0.08705256314537124j),1635.869130473375
2046,2046,10.20459375,0.0063897053532455,(0.00014819794369189294+0.02582904430083517j),1636.6690664784965,(0.00014819794369171427+0.025829044300836906j),1636.6690664784965
2047,2047,10.20469375,0.0080521418750424,(0.008384507292452277+0.08664386705261222j),1637.469002483618,(0.008384507292453554+0.08664386705261132j),1637.469002483618
2048,2048,10.20479375,0.0085540387705639,(-0.022235871777230472+0.031149555961476026j),1638.2689384887394,(-0.0222358717772294+0.031149555961474628j),1638.2689384887394
2049,2049,10.204893750000002,0.0080973649234951,(-0.04199124371031094-0.09827283172820787j),1639.068874493861,(-0.04199124371030605-0.09827283172821058j),1639.068874493861
2050,2050,10.204993750000002,0.0084804603412476,(-0.011339773093648357+0.12257424038808681j),1639.8688104989824,(-0.011339773093648198+0.12257424038809184j),1639.8688104989824
2051,2051,10.20509375,0.0086575505290423,(0.042608981925782545+0.028111754242279338j),1640.668746504104,(0.04260898192578434+0.028111754242278606j),1640.6687465041039
2052,2052,10.20519375,0.0081813279376564,(0.05275885799176979-0.08925588860808492j),1641.4686825092251,(0.05275885799176815-0.08925588860808348j),1641.4686825092253
2053,2053,10.20529375,0.0087178372303167,(-0.05440008931929201+0.06045824546778067j),1642.2686185143466,(-0.05440008931928887+0.06045824546777997j),1642.2686185143466
2054,2054,10.20539375,0.0082096481227594,(-0.01719549870202576-0.06528219377136409j),1643.068554519468,(-0.01719549870203113-0.06528219377136468j),1643.068554519468
2055,2055,10.20549375,0.0065375291565576,(0.014902853821021259-0.03222924738162216j),1643.8684905245896,(0.014902853821021932-0.03222924738162225j),1643.8684905245896
2056,2056,10.20559375,0.0046046331815691,(-0.01708549177058398+0.02820418600362498j),1644.668426529711,(-0.017085491770589305+0.02820418600362523j),1644.668426529711
2057,2057,10.205693750000002,0.0060127090904701,(0.03325236260489466-0.002373233358975611j),1645.4683625348323,(0.033252362604892644-0.0023732333589726088j),1645.4683625348325
2058,2058,10.205793750000002,0.0062315417035021,(0.06462626304210779+0.07302347779875937j),1646.268298539954,(0.06462626304210553+0.07302347779875959j),1646.268298539954
2059,2059,10.20589375,0.006805686466711,(-0.020036600824363107+0.022944667238345484j),1647.0682345450757,(-0.02003660082436192+0.022944667238346046j),1647.0682345450755
2060,2060,10.20599375,0.0068800247503729,(-0.014649604857787569-0.0038352406632286232j),1647.868170550197,(-0.014649604857786611-0.003835240663228732j),1647.868170550197
2061,2061,10.20609375,0.0095070278291756,(-0.014812705597863546+0.010825257548702808j),1648.6681065553184,(-0.014812705597862184+0.010825257548699369j),1648.6681065553184
2062,2062,10.20619375,0.0110041414355818,(0.05618288524891966+0.013020752241049073j),1649.4680425604397,(0.0561828852489175+0.013020752241048442j),1649.4680425604397
2063,2063,10.20629375,0.0105434758487438,(-0.03173642906003369-0.08381728823782758j),1650.2679785655612,(-0.03173642906003394-0.08381728823782439j),1650.2679785655612
2064,2064,10.206393750000002,0.010665382389372,(0.036486959034113385-0.05255399904135696j),1651.067914570683,(0.03648695903411733-0.0525539990413566j),1651.0679145706827
2065,2065,10.206493750000002,0.0100417571183116,(-0.02037158485090442-0.015773701216354935j),1651.867850575804,(-0.020371584850907384-0.01577370121635511j),1651.8678505758041
2066,2066,10.20659375,0.0101674461546822,(-0.08934125574483874-0.021513061071006j),1652.6677865809256,(-0.08934125574483764-0.02151306107100349j),1652.6677865809256
2067,2067,10.20669375,0.0075565545172316,(0.03512523619418828-0.003612237520933738j),1653.467722586047,(0.03512523619419162-0.003612237520933887j),1653.467722586047
2068,2068,10.20679375,0.0070645508397801,(-0.015840814125052706-0.009080639615724462j),1654.2676585911686,(-0.015840814125051204-0.009080639615729537j),1654.2676585911686
2069,2069,10.20689375,0.0050862863341965,(-0.002888712864845013+0.04950954643177179j),1655.06759459629,(-0.002888712864843681+0.04950954643177463j),1655.06759459629
2070,2070,10.20699375,0.0057537416754917,(-0.048351067096197076+0.044886592692541596j),1655.867530601411,(-0.04835106709619789+0.044886592692538765j),1655.8675306014113
2071,2071,10.20709375,0.0044003602219442,(-0.06259209076098418+0.0885761663890601j),1656.6674666065328,(-0.06259209076098338+0.08857616638905713j),1656.6674666065328
2072,2072,10.207193750000002,0.0041070237009415,(-0.10504803187364824-0.0022120952955007323j),1657.4674026116545,(-0.10504803187364525-0.002212095295503532j),1657.4674026116543
2073,2073,10.207293750000002,0.0066523291847886,(0.03870856114700993-0.04056316550601178j),1658.2673386167758,(0.03870856114701081-0.04056316550600949j),1658.2673386167758
2074,2074,10.20739375,0.0095623276950092,(-0.0328445220429924+0.05664136153661871j),1659.0672746218972,(-0.032844522042989745+0.05664136153661892j),1659.0672746218972
2075,2075,10.20749375,0.0092676703738729,(0.024041286027402617+0.042143013741457014j),1659.8672106270187,(0.024041286027400736+0.04214301374145665j),1659.8672106270187
2076,2076,10.20759375,0.0082040359472044,(0.03161896363045103-0.00575235657027468j),1660.6671466321402,(0.03161896363045555-0.005752356570271632j),1660.6671466321402
2077,2077,10.20769375,0.0083849955362808,(0.011963950018883694-0.06599144067166728j),1661.4670826372617,(0.01196395001888503-0.06599144067166657j),1661.4670826372617
2078,2078,10.20779375,0.0099548295036333,(0.002890521145871036+0.06224265587956372j),1662.2670186423832,(0.0028905211458690357+0.06224265587956433j),1662.2670186423832
2079,2079,10.20789375,0.0086280455516509,(-0.030832872231576304+0.008458073845016241j),1663.0669546475044,(-0.030832872231576876+0.008458073845014727j),1663.0669546475044
2080,2080,10.207993750000002,0.0061632029363746,(-0.02928539765085073+0.02416947940476291j),1663.866890652626,(-0.029285397650847755+0.024169479404760365j),1663.866890652626
2081,2081,10.208093750000002,0.0029894159058914,(-0.07586643824894063+0.012936208447929795j),1664.6668266577474,(-0.07586643824893605+0.012936208447928647j),1664.6668266577474
2082,2082,10.20819375,0.0018445883714166,(0.012703925483733967-0.024482115276262536j),1665.4667626628689,(0.012703925483734856-0.024482115276255444j),1665.4667626628689
2083,2083,10.20829375,0.0020053371808421,(-0.028952115166730897-0.006727363492673129j),1666.2666986679903,(-0.028952115166729492-0.0067273634926696664j),1666.2666986679903
2084,2084,10.20839375,0.0019986799927361,(0.024625452441405002-0.000819153430766972j),1667.0666346731118,(0.024625452441403548-0.000819153430764762j),1667.0666346731118
2085,2085,10.20849375,0.002431414486559,(-0.04496342761345127-0.0512536633812448j),1667.8665706782333,(-0.04496342761345246-0.0512536633812449j),1667.8665706782333
2086,2086,10.20859375,0.0025145668265769,(0.05167674312516543+0.10034438379623767j),1668.6665066833548,(0.05167674312516768+0.1003443837962365j),1668.6665066833548
2087,2087,10.208693750000002,0.0040564680922827,(0.07410237005772236-0.0033950208118499955j),1669.4664426884765,(0.07410237005772422-0.0033950208118510676j),1669.4664426884763
2088,2088,10.208793750000002,0.0046789013914126,(-0.011178697271619676+0.03705387148022657j),1670.2663786935975,(-0.011178697271619378+0.03705387148022654j),1670.2663786935975
2089,2089,10.20889375,0.0065002377791768,(0.03638739424838586+0.024823567401022043j),1671.066314698719,(0.03638739424838845+0.024823567401023885j),1671.066314698719
2090,2090,10.20899375,0.0065163650414784,(0.03471794529320133+0.017730613410098246j),1671.8662507038405,(0.03471794529320222+0.017730613410094836j),1671.8662507038405
2091,2091,10.20909375,0.0070351646086817,(-0.01995435217009369-0.0018986068818085226j),1672.666186708962,(-0.019954352170093646-0.0018986068818078322j),1672.666186708962
2092,2092,10.20919375,0.0060643094853101,(-0.03383899128626651+0.027377191315623477j),1673.4661227140834,(-0.033838991286264115+0.02737719131562403j),1673.4661227140834
2093,2093,10.20929375,0.005146727168769,(0.05032487318968619+0.028369311039403454j),1674.266058719205,(0.050324873189689846+0.028369311039402573j),1674.266058719205
2094,2094,10.20939375,0.0039703662802236,(0.023506592369190452-0.029786260413135136j),1675.0659947243264,(0.02350659236919347-0.029786260413138962j),1675.0659947243264
2095,2095,10.209493750000002,0.0040698440301481,(-0.01909917377369469-0.018510718473265356j),1675.865930729448,(-0.01909917377369623-0.018510718473265034j),1675.8659307294479
2096,2096,10.209593750000002,0.0005058976424901,(-0.008283437909679402+0.0050525446343933885j),1676.6658667345694,(-0.008283437909680946+0.005052544634396059j),1676.6658667345694
2097,2097,10.20969375,0.0003621733033171,(0.03053756131212609+0.0280446784050621j),1677.4658027396906,(0.030537561312123724+0.028044678405061276j),1677.4658027396906
2098,2098,10.20979375,-0.0008244513479131,(0.0648730550466216-0.019399167470984795j),1678.265738744812,(0.06487305504661933-0.019399167470983532j),1678.265738744812
2099,2099,10.20989375,0.0026160596583237,(0.05954438992080215-0.06625298982160133j),1679.0656747499336,(0.059544389920802174-0.06625298982160113j),1679.0656747499336
2100,2100,10.20999375,0.000814517319718,(-0.021087203625490974+0.047545231031761906j),1679.865610755055,(-0.021087203625495016+0.04754523103176005j),1679.865610755055
2101,2101,10.21009375,0.0018119977542102,(-0.05180168583862452+0.05137471490188451j),1680.6655467601763,(-0.05180168583862722+0.05137471490188894j),1680.6655467601765
2102,2102,10.21019375,0.0028806147001918,(0.01572193133582837+0.014212422686485388j),1681.465482765298,(0.01572193133582864+0.014212422686482668j),1681.465482765298
2103,2103,10.210293750000002,0.0054356549797606,(-0.03858465714508007-0.006000183572889799j),1682.2654187704195,(-0.03858465714508049-0.006000183572892146j),1682.2654187704195
2104,2104,10.21039375,0.0052710309815879,(-0.02971359673723009+0.02443078437441823j),1683.065354775541,(-0.029713596737230983+0.024430784374415686j),1683.065354775541
2105,2105,10.21049375,0.0056477944787101,(-0.07060143364420722-0.011877743268965107j),1683.8652907806622,(-0.07060143364421119-0.011877743268963287j),1683.8652907806622
2106,2106,10.21059375,0.0033894615355463,(-0.05296988561322227-0.07805414629796481j),1684.6652267857835,(-0.05296988561322617-0.07805414629796673j),1684.6652267857837
2107,2107,10.21069375,0.0027145577374295,(-0.022916657049601982-0.013348325345523568j),1685.4651627909052,(-0.022916657049602114-0.013348325345522596j),1685.4651627909052
2108,2108,10.21079375,0.0028020371236008,(0.012148078678336376-0.01954814781574853j),1686.265098796027,(0.012148078678336244-0.019548147815745653j),1686.2650987960267
2109,2109,10.21089375,0.0024228792674018,(0.012566348458163831-0.006104434375669856j),1687.0650348011482,(0.012566348458167873-0.006104434375668802j),1687.0650348011482
2110,2110,10.210993750000002,0.0006415559720769,(0.1028035137678248-0.029241278088121696j),1687.8649708062696,(0.10280351376782434-0.029241278088122394j),1687.8649708062696
2111,2111,10.211093750000002,0.0021410314088512,(0.15319431334141087+0.008958619939473167j),1688.6649068113911,(0.1531943133414177+0.00895861993947247j),1688.6649068113911
2112,2112,10.21119375,0.0028118320351903,(-0.0388326523473506+0.025975424048158106j),1689.4648428165126,(-0.03883265234735008+0.025975424048160084j),1689.4648428165126
2113,2113,10.21129375,0.0040636775224546,(-0.07782214007777409+0.00037844334547686154j),1690.264778821634,(-0.0778221400777739+0.00037844334547836034j),1690.264778821634
2114,2114,10.21139375,0.0031164164756914,(-0.005914556846403574-0.01365800631499428j),1691.064714826755,(-0.005914556846405322-0.013658006314991984j),1691.0647148267553
2115,2115,10.21149375,0.0043681789894794,(-0.006648785818154007+0.01578426205579075j),1691.8646508318768,(-0.006648785818158149+0.015784262055788777j),1691.8646508318768
2116,2116,10.21159375,0.0046081060977104,(0.07766142064781359+0.07244541964473526j),1692.6645868369983,(0.07766142064781094+0.0724454196447322j),1692.6645868369983
2117,2117,10.21169375,0.0049956041470351,(-0.008766876932815519+0.01268047717415301j),1693.4645228421198,(-0.00876687693281678+0.01268047717414996j),1693.4645228421198
2118,2118,10.211793750000002,0.0047835184043524,(0.0007024048459064493-0.024453691051642076j),1694.2644588472413,(0.0007024048459049175-0.024453691051643252j),1694.2644588472413
2119,2119,10.211893750000002,0.0052569197467761,(-0.006820762439424227+0.039167396270918683j),1695.0643948523627,(-0.0068207624394253236+0.03916739627091913j),1695.0643948523627
2120,2120,10.21199375,0.0055521321910914,(-0.02615331930185462-0.003354527050570078j),1695.8643308574842,(-0.02615331930185268-0.0033545270505723427j),1695.8643308574842
2121,2121,10.21209375,0.0049087188361006,(-0.035575522364390925+0.0017176033765888242j),1696.6642668626057,(-0.03557552236438831+0.0017176033765882275j),1696.6642668626057
2122,2122,10.21219375,0.0041164655255645,(0.03185890657423843+0.0041382598592177335j),1697.4642028677272,(0.03185890657423957+0.004138259859220637j),1697.4642028677272
2123,2123,10.21229375,0.0042799211593569,(-0.0383568079140785+0.01689429525978152j),1698.2641388728484,(-0.038356807914082004+0.01689429525978456j),1698.2641388728484
2124,2124,10.21239375,0.0038755239779045,(0.016065648873444232+0.04303829378109167j),1699.06407487797,(0.016065648873442657+0.04303829378108913j),1699.06407487797
2125,2125,10.212493750000002,0.0054528248024578,(0.02595631100457564-0.024752178402648605j),1699.8640108830914,(0.025956311004576106-0.02475217840264702j),1699.8640108830914
2126,2126,10.212593750000002,0.004866929122569,(0.005573700340782755+0.038558465949398976j),1700.6639468882129,(0.005573700340784688+0.038558465949401675j),1700.6639468882129
2127,2127,10.21269375,0.0064363138832475,(0.0012014705515089666-0.029672719432953822j),1701.4638828933344,(0.0012014705515119226-0.02967271943295435j),1701.4638828933344
2128,2128,10.21279375,0.0062917257728922,(0.007910449830092443-0.01319917166024758j),1702.2638188984558,(0.007910449830090916-0.013199171660245925j),1702.2638188984558
2129,2129,10.21289375,0.0072510090115831,(-0.004223030409633909+0.11308311753576157j),1703.063754903577,(-0.004223030409636116+0.11308311753576071j),1703.0637549035773
2130,2130,10.21299375,0.0069374933548487,(-0.06509836697847504+0.06487246059480502j),1703.8636909086988,(-0.06509836697847352+0.0648724605948058j),1703.8636909086988
2131,2131,10.21309375,0.0076681167226921,(-0.024231584712362753-0.0328224368483515j),1704.6636269138205,(-0.02423158471236346-0.032822436848351254j),1704.6636269138203
2132,2132,10.21319375,0.0077499389961863,(-0.033152999962763406+0.13133523972245437j),1705.4635629189415,(-0.03315299996276279+0.13133523972245326j),1705.4635629189415
2133,2133,10.213293750000002,0.0081672862722317,(0.0030775953621691096-0.06846518811740009j),1706.263498924063,(0.0030775953621712347-0.06846518811739911j),1706.263498924063
2134,2134,10.213393750000002,0.0082625419951021,(-0.039595983908951984+0.04521405073010419j),1707.0634349291845,(-0.039595983908952886+0.045214050730103754j),1707.0634349291845
2135,2135,10.21349375,0.0075273997213933,(-0.008704843005491014-0.00018356087671897968j),1707.863370934306,(-0.008704843005490365-0.0001835608767199329j),1707.863370934306
2136,2136,10.21359375,0.0081867067507755,(-0.06536671628941168-0.022636616645293005j),1708.6633069394277,(-0.06536671628941289-0.02263661664529501j),1708.6633069394275
2137,2137,10.21369375,0.0089027763988323,(0.046897749776480695+0.01228704871679688j),1709.463242944549,(0.046897749776476524+0.012287048716800458j),1709.463242944549
2138,2138,10.21379375,0.0090646045486522,(-0.05739175207814219+0.06934617867733733j),1710.2631789496704,(-0.05739175207814279+0.06934617867733422j),1710.2631789496704
2139,2139,10.21389375,0.0081208280684523,(-0.0022163403997557795+0.014553584656619897j),1711.063114954792,(-0.0022163403997543384+0.01455358465661489j),1711.063114954792
2140,2140,10.21399375,0.0084484847041684,(0.0012050521313207302+0.016193396357372325j),1711.8630509599132,(0.0012050521313211474+0.016193396357373175j),1711.8630509599132
2141,2141,10.214093750000002,0.0078790109772931,(0.012417741902376843-0.058133432475426884j),1712.6629869650346,(0.012417741902373554-0.058133432475425816j),1712.6629869650346
2142,2142,10.214193750000002,0.0081035779879562,(0.0374953733675029+0.00627249940305858j),1713.462922970156,(0.03749537336750142+0.006272499403055784j),1713.4629229701561
2143,2143,10.21429375,0.0074680951173243,(0.047152838601347655+0.034186583142227805j),1714.2628589752776,(0.047152838601347946+0.03418658314222765j),1714.2628589752776
2144,2144,10.21439375,0.0075623314159816,(-0.05006990390423122+0.08348750771556217j),1715.062794980399,(-0.05006990390422976+0.08348750771556102j),1715.062794980399
2145,2145,10.21449375,0.0078547631237031,(0.02125710303321004+0.06415968323711707j),1715.8627309855206,(0.021257103033210625+0.06415968323711693j),1715.8627309855206
2146,2146,10.21459375,0.0068305508347464,(-0.00045479735791984985-0.041450457377625316j),1716.662666990642,(-0.0004547973579165192-0.04145045737763126j),1716.662666990642
2147,2147,10.21469375,0.0070806430685651,(0.05244265763039309+0.032909062989117444j),1717.4626029957635,(0.052442657630393595+0.03290906298911875j),1717.4626029957635
2148,2148,10.214793750000002,0.0073606604471168,(0.011523249138686223+0.008953999530790287j),1718.262539000885,(0.011523249138686926+0.008953999530790928j),1718.262539000885
2149,2149,10.214893750000002,0.0079912900313853,(0.03359873603395577-0.04186073153641344j),1719.0624750060065,(0.03359873603395671-0.04186073153641482j),1719.0624750060063
2150,2150,10.21499375,0.0078956187715492,(-0.047380083874113146+0.0043941767561292665j),1719.8624110111275,(-0.047380083874115825+0.004394176756130689j),1719.8624110111277
2151,2151,10.21509375,0.0088062996963327,(-0.1316565624314618+0.03282737159234568j),1720.6623470162492,(-0.13165656243146337+0.032827371592343474j),1720.6623470162492
2152,2152,10.21519375,0.0093385693539445,(-0.055483991559488896-0.01690517229448312j),1721.4622830213707,(-0.0554839915594894-0.01690517229448344j),1721.4622830213707
2153,2153,10.21529375,0.0088360790289268,(-0.00553762378343514-0.017866547497956017j),1722.2622190264922,(-0.005537623783435352-0.017866547497954424j),1722.2622190264922
2154,2154,10.21539375,0.0080520992414607,(0.040099238753984995+0.015507587957371184j),1723.0621550316137,(0.04009923875398551+0.015507587957371822j),1723.0621550316137
2155,2155,10.21549375,0.0085820827444872,(-0.008840974187276276+0.015260370790946911j),1723.8620910367351,(-0.00884097418727221+0.01526037079094449j),1723.8620910367351
2156,2156,10.215593750000002,0.0069933877278293,(-0.05856198253190308-0.06222738673372585j),1724.6620270418566,(-0.05856198253190463-0.06222738673372715j),1724.6620270418566
2157,2157,10.215693750000002,0.0054971730224426,(0.03505707268578048+0.0339379853800076j),1725.461963046978,(0.035057072685776944+0.033937985380011755j),1725.461963046978
2158,2158,10.21579375,0.0077791518909514,(0.012376387589926171-0.11903381257058591j),1726.2618990520994,(0.012376387589924247-0.11903381257058539j),1726.2618990520994
2159,2159,10.21589375,0.0063824176679217,(0.012140594382168034+0.027075054439219606j),1727.0618350572208,(0.012140594382169913+0.02707505443921437j),1727.0618350572208
2160,2160,10.21599375,0.0063817766218212,(-0.007838393544387787+0.04327551658981441j),1727.8617710623423,(-0.007838393544385626+0.04327551658981611j),1727.8617710623423
2161,2161,10.21609375,0.0057087908357848,(-0.008596243635733355+0.028506893881569243j),1728.6617070674638,(-0.008596243635735287+0.028506893881565486j),1728.6617070674638
2162,2162,10.21619375,0.0071030292408993,(-0.011259066181382182+0.01379086359315397j),1729.4616430725853,(-0.011259066181382105+0.013790863593157295j),1729.4616430725853
2163,2163,10.216293750000002,0.0071212871771851,(0.04997904653567588+0.059403689562186765j),1730.2615790777068,(0.049979046535675774+0.0594036895621885j),1730.2615790777068
2164,2164,10.216393750000002,0.0050392457471153,(-0.04198015420718691+0.029992306310608254j),1731.0615150828282,(-0.04198015420718392+0.029992306310605697j),1731.0615150828282
2165,2165,10.21649375,0.0050280950860222,(-0.04947310387476103+0.0013585696453594972j),1731.8614510879495,(-0.04947310387475689+0.0013585696453588536j),1731.8614510879497
2166,2166,10.21659375,0.0030986211323647,(-0.02579557815417976-0.00791052720787434j),1732.6613870930712,(-0.025795578154178374-0.007910527207873812j),1732.6613870930712
2167,2167,10.21669375,0.004243781804287,(-0.018615804431424708-0.016797824205005765j),1733.4613230981925,(-0.018615804431420992-0.016797824205007583j),1733.4613230981925
2168,2168,10.21679375,0.0052591837637603,(-0.040780808049069986-0.04923617704625471j),1734.261259103314,(-0.04078080804907114-0.04923617704625503j),1734.261259103314
2169,2169,10.21689375,0.0057366259543894,(0.05353958406544485+0.04277517778063847j),1735.0611951084354,(0.05353958406544517+0.04277517778064107j),1735.0611951084354
2170,2170,10.21699375,0.0049673612563818,(0.03490119952174321+0.011231897050374565j),1735.861131113557,(0.03490119952174326+0.011231897050375585j),1735.861131113557
2171,2171,10.217093750000002,0.0044677287766102,(-0.015588445880674833-0.015683781141056393j),1736.6610671186784,(-0.015588445880672545-0.015683781141055484j),1736.6610671186784
2172,2172,10.217193750000002,0.0035352473173303,(-0.08397578752685567+0.11400472005211525j),1737.4610031238,(-0.08397578752685629+0.11400472005211457j),1737.4610031237999
2173,2173,10.21729375,0.0032849626482301,(-0.020814945516407512-0.029991025827489505j),1738.260939128921,(-0.0208149455164076-0.029991025827489134j),1738.2609391289213
2174,2174,10.21739375,0.0036447046206566,(-0.08476471831554262-0.03306971441949074j),1739.0608751340428,(-0.08476471831553965-0.033069714419490547j),1739.0608751340428
2175,2175,10.21749375,0.0029429247996595,(0.038100343561209775-0.009484451999233381j),1739.860811139164,(0.038100343561208894-0.00948445199923133j),1739.860811139164
2176,2176,10.21759375,0.0018795873675914,(0.06204624734721856-4.493348931151192e-05j),1740.6607471442856,(0.06204624734721596-4.4933489312993374e-05j),1740.6607471442856
2177,2177,10.21769375,0.0038220783082278,(-0.030798557177585284+0.028903273945951723j),1741.460683149407,(-0.030798557177583535+0.02890327394595049j),1741.460683149407
2178,2178,10.21779375,0.0037886094297963,(-0.04478318917230254-0.048383999236331666j),1742.2606191545285,(-0.04478318917230467-0.04838399923633156j),1742.2606191545285
2179,2179,10.217893750000002,0.004559574128016,(0.05656558555340149-0.03736133888853625j),1743.06055515965,(0.056565585553398856-0.03736133888853621j),1743.06055515965
2180,2180,10.217993750000002,0.0033064664269103,(0.034926284862242626+0.044207275375760344j),1743.8604911647717,(0.034926284862240045+0.044207275375762745j),1743.8604911647715
2181,2181,10.21809375,0.0033215891395127,(-0.012939098100681676-0.007289250503834771j),1744.660427169893,(-0.012939098100682233-0.007289250503835267j),1744.660427169893
2182,2182,10.21819375,0.0033966840772281,(-0.010191559012810488-0.04942196772753077j),1745.4603631750144,(-0.010191559012810707-0.04942196772753032j),1745.4603631750144
2183,2183,10.21829375,0.0024440134059616,(0.02800604791564046+0.08466650714008671j),1746.260299180136,(0.028006047915640316+0.08466650714008775j),1746.260299180136
2184,2184,10.21839375,0.0020227220819426,(-0.12951426572653277-0.03960305438482287j),1747.0602351852572,(-0.12951426572652858-0.039603054384821985j),1747.0602351852572
2185,2185,10.21849375,0.00191627030374,(-0.11805283326242541-0.05790364241224573j),1747.8601711903789,(-0.11805283326242336-0.05790364241224491j),1747.8601711903787
2186,2186,10.218593750000002,0.0025678374088186,(-0.09160198015163876-0.021361960084791555j),1748.6601071955,(-0.0916019801516378-0.02136196008478805j),1748.6601071955001
2187,2187,10.218693750000002,0.0031523646973888,(0.13011282170159247-0.07980089909403171j),1749.4600432006216,(0.13011282170159447-0.07980089909403254j),1749.4600432006216
2188,2188,10.21879375,0.0016089294425651,(0.10336286243341342+0.10062684046569825j),1750.259979205743,(0.10336286243341405+0.10062684046569595j),1750.259979205743
2189,2189,10.21889375,0.003167316119058,(-0.2022042531640081+0.010650165207009316j),1751.0599152108646,(-0.2022042531640077+0.010650165207010093j),1751.0599152108646
2190,2190,10.21899375,0.0034989753188275,(0.07251761816177411+0.1677357705954083j),1751.859851215986,(0.07251761816177239+0.1677357705954071j),1751.859851215986
2191,2191,10.21909375,0.0033742241464582,(0.08625810126642174-0.02154525016805292j),1752.6597872211075,(0.08625810126642243-0.021545250168048112j),1752.6597872211075
2192,2192,10.21919375,0.0029187851980009,(-0.03131648973561579+0.01338579238411113j),1753.459723226229,(-0.03131648973561959+0.013385792384110452j),1753.459723226229
2193,2193,10.21929375,0.0023621689910089,(-0.003619942205502883-0.0011885515296169782j),1754.2596592313505,(-0.0036199422055018943-0.0011885515296190987j),1754.2596592313503
2194,2194,10.219393750000002,0.0033993527782387,(0.03443418567153384-0.06670255610592417j),1755.0595952364718,(0.03443418567153515-0.06670255610592359j),1755.0595952364718
2195,2195,10.219493750000002,0.0040058364010775,(0.03446759564517045-0.025523430372530753j),1755.8595312415932,(0.03446759564516852-0.02552343037253281j),1755.8595312415932
2196,2196,10.21959375,0.0042868235582728,(0.09882739934420785+0.015577211469242305j),1756.6594672467147,(0.09882739934420903+0.01557721146924234j),1756.6594672467147
2197,2197,10.21969375,0.004878785803178,(0.08307513666240673-0.10305055601655294j),1757.4594032518362,(0.08307513666240747-0.1030505560165495j),1757.4594032518362
2198,2198,10.21979375,0.0024319510080698,(-0.03429153756782373+0.036918786230206835j),1758.2593392569577,(-0.03429153756782205+0.03691878623020572j),1758.2593392569577
2199,2199,10.21989375,0.0029677558621758,(-0.01351799133156469+0.052061974465165944j),1759.0592752620792,(-0.013517991331566054+0.05206197446516039j),1759.0592752620792
2200,2200,10.21999375,0.0036633662968308,(0.054067054675225656-0.019127495694869052j),1759.8592112672006,(0.05406705467523065-0.019127495694871894j),1759.8592112672006
2201,2201,10.22009375,0.0036566326032465,(0.008821703089211+0.039182229285624086j),1760.659147272322,(0.008821703089209553+0.039182229285622504j),1760.6591472723221
2202,2202,10.220193750000002,0.0049813743591058,(0.09865835527541544+0.018556092784590746j),1761.4590832774434,(0.09865835527541486+0.01855609278458671j),1761.4590832774434
2203,2203,10.220293750000002,0.0052810499892116,(-0.0700274370140786-0.014996460495445188j),1762.2590192825649,(-0.07002743701408347-0.014996460495445112j),1762.2590192825649
2204,2204,10.22039375,0.0068005450750961,(-0.06870219668328846+0.018901593671512628j),1763.0589552876863,(-0.06870219668328954+0.018901593671512396j),1763.0589552876863
2205,2205,10.22049375,0.005590883774129,(-0.013508210337380581-0.013750469810291764j),1763.8588912928078,(-0.013508210337378014-0.013750469810296312j),1763.8588912928078
2206,2206,10.22059375,0.0059563736233814,(-0.06640908184652378-0.014930545207148798j),1764.6588272979293,(-0.06640908184652496-0.014930545207145578j),1764.6588272979293
2207,2207,10.22069375,0.0048504798070769,(-0.04121992509287461+0.02227913598935439j),1765.4587633030508,(-0.04121992509287536+0.022279135989355277j),1765.4587633030508
2208,2208,10.22079375,0.0043969490664172,(-0.06563556872352358+0.10564089240345652j),1766.2586993081725,(-0.06563556872352266+0.10564089240345913j),1766.2586993081723
2209,2209,10.220893750000002,0.0045275465100745,(0.01049151715947054-0.06619529845193144j),1767.0586353132935,(0.010491517159472382-0.06619529845193436j),1767.0586353132937
2210,2210,10.220993750000002,0.0041588884207161,(0.0015706191066578203+0.058425957561318964j),1767.858571318415,(0.0015706191066583615+0.05842595756132171j),1767.858571318415
2211,2211,10.22109375,0.0064667271842173,(0.06667650295672979-0.042984069696384276j),1768.6585073235365,(0.0666765029567341-0.0429840696963837j),1768.6585073235365
2212,2212,10.22119375,0.00757177650543,(0.041658323790284696+0.04783665126804505j),1769.458443328658,(0.04165832379028441+0.04783665126804616j),1769.458443328658
2213,2213,10.22129375,0.0083555456959319,(-0.050060308091048264-0.04192581655646039j),1770.2583793337794,(-0.0500603080910512-0.04192581655646123j),1770.2583793337794
2214,2214,10.22139375,0.0075651877772913,(-0.021716168399277987+0.06504518492025035j),1771.058315338901,(-0.021716168399272793+0.06504518492025158j),1771.058315338901
2215,2215,10.22149375,0.0067710252626463,(0.050538205589822575-0.13433533652502094j),1771.8582513440224,(0.050538205589826427-0.13433533652502078j),1771.8582513440224
2216,2216,10.22159375,0.0076374669072027,(0.07808328756347628-0.04568573027100463j),1772.658187349144,(0.07808328756347707-0.045685730271006364j),1772.6581873491439
2217,2217,10.221693750000002,0.0073669070465432,(-0.024178939707903146+0.08477586647187882j),1773.4581233542654,(-0.024178939707903597+0.08477586647187887j),1773.4581233542654
2218,2218,10.221793750000002,0.007581275902666,(0.027103930422789715+0.04522621713497368j),1774.2580593593868,(0.0271039304227883+0.045226217134973504j),1774.2580593593868
2219,2219,10.22189375,0.0071942774182397,(-0.06064203573169225+0.08711353786039629j),1775.057995364508,(-0.060642035731693564+0.08711353786039759j),1775.057995364508
2220,2220,10.22199375,0.0067983187770596,(-0.10797778409136212-0.07355537782968563j),1775.8579313696296,(-0.10797778409135979-0.07355537782968241j),1775.8579313696296
2221,2221,10.22209375,0.0072617556944006,(0.018349416572290566-0.0007807546439335079j),1776.657867374751,(0.01834941657229366-0.0007807546439345114j),1776.657867374751
2222,2222,10.22219375,0.0082959056811304,(0.008587224590646968+0.031396184560676416j),1777.4578033798723,(0.008587224590647681+0.031396184560676575j),1777.4578033798725
2223,2223,10.22229375,0.0084842007655216,(-0.03240041400832024+0.02121452380319084j),1778.257739384994,(-0.032400414008319466+0.021214523803191j),1778.257739384994
2224,2224,10.222393750000002,0.0080653429699332,(0.04866328529046504+0.0964927197618735j),1779.0576753901155,(0.048663285290465305+0.09649271976187548j),1779.0576753901155
2225,2225,10.222493750000002,0.0077692241071344,(-0.05833363214788658+0.17028014955917037j),1779.857611395237,(-0.05833363214788685+0.1702801495591665j),1779.857611395237
2226,2226,10.22259375,0.0082329717661741,(0.059326114341507204-0.013458252292261622j),1780.6575474003585,(0.059326114341510694-0.01345825229226157j),1780.6575474003585
2227,2227,10.22269375,0.0090211444744473,(-0.028780329887201438+0.02052068986823445j),1781.45748340548,(-0.028780329887198534+0.02052068986823345j),1781.45748340548
2228,2228,10.22279375,0.0080738032974994,(0.06602033639647356-0.005164263176171061j),1782.2574194106012,(0.06602033639647326-0.005164263176163336j),1782.2574194106012
2229,2229,10.22289375,0.0075393055444056,(-0.027189845700346237-0.010338410970242677j),1783.057355415723,(-0.027189845700343218-0.010338410970245984j),1783.0573554157227
2230,2230,10.22299375,0.0071693766475482,(-0.019050783273058675+0.041007744996188034j),1783.857291420844,(-0.01905078327305745+0.04100774499619071j),1783.8572914208441
2231,2231,10.22309375,0.0066154083306558,(-0.03709018742823511-0.04499868523989816j),1784.6572274259656,(-0.037090187428236915-0.044998685239903254j),1784.6572274259656
2232,2232,10.223193750000002,0.0073164549968036,(-0.010000216768144457-0.04060849364462731j),1785.457163431087,(-0.010000216768143895-0.040608493644631205j),1785.457163431087
2233,2233,10.223293750000002,0.0073658092204574,(0.010084024871575689-0.05775645713772669j),1786.2570994362086,(0.010084024871575366-0.057756457137726376j),1786.2570994362086
2234,2234,10.22339375,0.0078855881778282,(0.015200544649785853+0.07549824188762055j),1787.05703544133,(0.015200544649785704+0.07549824188761967j),1787.05703544133
2235,2235,10.22349375,0.0072628858988754,(0.0052595837425515645-0.027211119150900968j),1787.8569714464516,(0.005259583742552047-0.0272111191509064j),1787.8569714464516
2236,2236,10.22359375,0.0074296208455454,(0.03331841908695704+0.026839015070338743j),1788.656907451573,(0.03331841908696143+0.02683901507033839j),1788.656907451573
2237,2237,10.22369375,0.008258004745492,(-0.026779248808199096+0.05294138457451819j),1789.4568434566943,(-0.026779248808201758+0.05294138457451815j),1789.4568434566943
2238,2238,10.22379375,0.0074509685344016,(0.01532872697657053+0.06192830540772081j),1790.2567794618158,(0.015328726976568518+0.061928305407721804j),1790.2567794618158
2239,2239,10.22389375,0.0084197706143146,(-0.10263624551952978-0.007181983294782108j),1791.0567154669372,(-0.10263624551952832-0.007181983294783857j),1791.0567154669372
2240,2240,10.223993750000002,0.0076090852127707,(-0.01017368514746974-0.05264427274797351j),1791.8566514720587,(-0.010173685147472196-0.05264427274797259j),1791.8566514720587
2241,2241,10.224093750000002,0.0069120257525554,(-0.04025494428752073+0.014901811540070097j),1792.6565874771802,(-0.040254944287520786+0.014901811540071593j),1792.6565874771802
2242,2242,10.22419375,0.007695144415567,(0.008093874196615312-0.08847567625063145j),1793.4565234823017,(0.008093874196609337-0.08847567625063227j),1793.4565234823017
2243,2243,10.22429375,0.0074015147462667,(0.010282619813170808+0.0025937872489870404j),1794.2564594874232,(0.01028261981317565+0.0025937872489895774j),1794.2564594874232
2244,2244,10.22439375,0.0077257423734916,(-0.07662403279550041+0.05012683685875617j),1795.0563954925449,(-0.07662403279550375+0.050126836858756074j),1795.0563954925447
2245,2245,10.22449375,0.0059447670920633,(-0.0400693122457074+0.03168399478893727j),1795.856331497666,(-0.040069312245707776+0.031683994788934786j),1795.856331497666
2246,2246,10.22459375,0.0063732202305711,(-0.04908034012803777+0.02859881918337451j),1796.6562675027874,(-0.04908034012803444+0.02859881918337425j),1796.6562675027874
2247,2247,10.224693750000002,0.0058971496376019,(-0.026453077462620656-0.04077828301637743j),1797.4562035079089,(-0.026453077462622057-0.04077828301638176j),1797.4562035079089
2248,2248,10.224793750000002,0.0050447655087229,(-0.013510404807499498+0.011161048500274374j),1798.2561395130303,(-0.013510404807501682+0.011161048500269177j),1798.2561395130303
2249,2249,10.22489375,0.0045721171512654,(-0.013092105848936504-0.001212520160988089j),1799.0560755181518,(-0.013092105848936183-0.001212520160988887j),1799.0560755181518
2250,2250,10.22499375,0.0047392585271323,(-0.07930753294481738-0.0355348512720998j),1799.8560115232733,(-0.0793075329448158-0.035534851272100744j),1799.8560115232733
2251,2251,10.22509375,0.0050092344154084,(-0.052170520076201224-0.08328610619608219j),1800.6559475283948,(-0.05217052007620043-0.08328610619608408j),1800.6559475283948
2252,2252,10.22519375,0.0058968348668946,(0.06050008446157574-0.05237628698304406j),1801.4558835335165,(0.06050008446158167-0.0523762869830449j),1801.4558835335163
2253,2253,10.22529375,0.0061823786941326,(0.031629249713448646+0.03158016253414029j),1802.2558195386375,(0.031629249713449485+0.031580162534142295j),1802.2558195386378
2254,2254,10.22539375,0.0059120774377106,(0.03908618948936057-0.026525366796525406j),1803.055755543759,(0.03908618948936068-0.026525366796527783j),1803.055755543759
2255,2255,10.225493750000002,0.0051459284609593,(0.05902055778149465+0.021338307254833832j),1803.8556915488805,(0.05902055778149881+0.021338307254834665j),1803.8556915488805
2256,2256,10.225593750000002,0.0047893577385919,(0.010815202945219926+0.034028551396672095j),1804.655627554002,(0.010815202945214613+0.03402855139667098j),1804.655627554002
2257,2257,10.22569375,0.00479017956115,(-0.08982238949138323+0.05061145948641791j),1805.4555635591237,(-0.08982238949138412+0.05061145948641747j),1805.4555635591234
2258,2258,10.22579375,0.0032216363433816,(0.00805728975227989-0.04673360278460793j),1806.255499564245,(0.008057289752280783-0.046733602784608065j),1806.255499564245
2259,2259,10.22589375,0.0035412822668933,(0.0628930297921366+0.05529405636943948j),1807.0554355693664,(0.06289302979213865+0.05529405636943832j),1807.0554355693664
2260,2260,10.22599375,0.0025608186774998,(0.07110558251528791+0.057830380786666406j),1807.855371574488,(0.07110558251528433+0.05783038078666279j),1807.855371574488
2261,2261,10.22609375,0.0030345817844201,(0.06215173708626229+0.005455914241163579j),1808.6553075796091,(0.062151737086260275+0.005455914241160953j),1808.6553075796094
2262,2262,10.22619375,0.0030859706156836,(-0.04646195909950821+0.09425850926986087j),1809.4552435847309,(-0.046461959099507705+0.09425850926986062j),1809.4552435847309
2263,2263,10.226293750000002,0.0035423841897025,(0.04452116841949746-0.034223308736690584j),1810.255179589852,(0.044521168419497444-0.03422330873669035j),1810.255179589852
2264,2264,10.226393750000002,0.0036270325911899,(0.029497922615612935+0.02444713646809507j),1811.0551155949736,(0.02949792261561696+0.02444713646809993j),1811.0551155949736
2265,2265,10.22649375,0.0037590860137702,(-0.014221784464398545+0.054906733226445445j),1811.855051600095,(-0.01422178446440147+0.05490673322644514j),1811.855051600095
2266,2266,10.22659375,0.0043157486419949,(-0.0034276426256327625+0.02959285945461628j),1812.6549876052163,(-0.0034276426256307346+0.02959285945461644j),1812.6549876052165
2267,2267,10.22669375,0.0038698088712182,(-0.04514057983137533+0.07654302219354094j),1813.454923610338,(-0.045140579831375406+0.0765430221935419j),1813.454923610338
2268,2268,10.22679375,0.0030270569450588,(0.0031707439264379053-0.039807289603210255j),1814.2548596154595,(0.003170743926434746-0.03980728960321242j),1814.2548596154595
2269,2269,10.22689375,0.0024113857201887,(0.06573541770164239+0.015955914847650122j),1815.054795620581,(0.06573541770164379+0.015955914847645712j),1815.054795620581
2270,2270,10.226993750000002,0.002476231942184,(-0.0189437389770317+0.07118413972152442j),1815.8547316257025,(-0.01894373897703174+0.07118413972152887j),1815.8547316257025
2271,2271,10.227093750000002,0.0026010217051786,(-0.04056199188099743+0.017476565887440596j),1816.654667630824,(-0.04056199188099842+0.017476565887446303j),1816.654667630824
2272,2272,10.22719375,0.00218483280911,(0.01794377466738226+0.04606236170666771j),1817.4546036359447,(0.017943774667381777+0.04606236170666841j),1817.4546036359452
2273,2273,10.22729375,0.0014839005674203,(-0.026819821558875315-0.07218193539201914j),1818.254539641067,(-0.02681982155887651-0.07218193539201997j),1818.2545396410667
2274,2274,10.22739375,0.0018936725660338,(-0.04486980239719418-0.03739999005759492j),1819.054475646188,(-0.044869802397192224-0.03739999005759577j),1819.0544756461882
2275,2275,10.22749375,0.00366909355337,(0.029826318009028706+0.035791593809284615j),1819.8544116513096,(0.02982631800902638+0.03579159380928665j),1819.8544116513096
2276,2276,10.22759375,0.0035267853726335,(0.04452998942072187+0.06935196552409695j),1820.6543476564311,(0.04452998942072538+0.06935196552409645j),1820.6543476564311
2277,2277,10.22769375,0.0037689663696482,(-0.07378715305029049-0.025949225379541373j),1821.4542836615528,(-0.07378715305029043-0.025949225379542647j),1821.4542836615526
2278,2278,10.227793750000002,0.0042704227926601,(0.06852617497160204-0.020352843725009534j),1822.254219666674,(0.06852617497159952-0.0203528437250092j),1822.254219666674
2279,2279,10.227893750000002,0.0047115988563367,(0.023848917539445756-0.035395594193809235j),1823.054155671796,(0.02384891753944676-0.03539559419380888j),1823.0541556717956
2280,2280,10.22799375,0.0048270547426021,(-0.012863675292324399-0.027727123870076843j),1823.8540916769168,(-0.012863675292323315-0.027727123870073523j),1823.8540916769168
2281,2281,10.22809375,0.0046532236229362,(0.037566146822142134+0.04036516685421514j),1824.6540276820383,(0.03756614682214222+0.04036516685421254j),1824.6540276820383
2282,2282,10.22819375,0.0037711103143456,(-0.06545796258880054+0.020484153208649894j),1825.45396368716,(-0.06545796258880315+0.020484153208648628j),1825.4539636871598
2283,2283,10.22829375,0.0037833455864871,(-0.0037366713304054543+0.011221975607881534j),1826.2538996922813,(-0.0037366713304065402+0.011221975607878852j),1826.2538996922813
2284,2284,10.22839375,0.0041880120158794,(0.07822418137224157+0.007016799497628574j),1827.0538356974027,(0.07822418137223805+0.00701679949762949j),1827.0538356974027
2285,2285,10.228493750000002,0.0039349741887392,(0.016270546253391922+0.030439142793719745j),1827.853771702524,(0.016270546253391693+0.030439142793720977j),1827.8537717025242
2286,2286,10.228593750000002,0.0040684765379361,(0.0024489933436619878+0.04894420152187382j),1828.6537077076457,(0.0024489933436602314+0.048944201521873454j),1828.6537077076457
2287,2287,10.22869375,0.004562921584705,(0.05493742168825719+0.09284584777264632j),1829.4536437127672,(0.0549374216882548+0.09284584777264451j),1829.4536437127672
2288,2288,10.22879375,0.0053619112246214,(0.03745886223587234+0.026121455425325017j),1830.253579717889,(0.03745886223587291+0.0261214554253263j),1830.2535797178887
2289,2289,10.22889375,0.0052834776136258,(0.00504983302414375-0.001346502721453391j),1831.05351572301,(0.005049833024142477-0.001346502721453562j),1831.05351572301
2290,2290,10.22899375,0.0044365120368199,(0.12597564492352523+0.00380740165255393j),1831.8534517281316,(0.12597564492352442+0.0038074016525531796j),1831.8534517281314
2291,2291,10.22909375,0.0043651406484919,(0.06428023066991718+0.01172569316795688j),1832.6533877332529,(0.06428023066991909+0.011725693167955102j),1832.6533877332529
2292,2292,10.22919375,0.0052407922759499,(-0.13483919413802511-0.05565900209047459j),1833.4533237383744,(-0.1348391941380268-0.05565900209047404j),1833.4533237383744
2293,2293,10.229293750000002,0.0055819328895179,(0.11265546793051454-0.13174873289365527j),1834.253259743496,(0.11265546793051326-0.1317487328936524j),1834.2532597434958
2294,2294,10.229393750000002,0.0058351388538356,(-0.011875147472330682+0.0014298983689013437j),1835.053195748617,(-0.011875147472332561+0.0014298983688999178j),1835.0531957486173
2295,2295,10.22949375,0.0061838208117152,(0.05764486468463074-0.09800934120027203j),1835.8531317537388,(0.057644864684632924-0.09800934120027148j),1835.8531317537388
2296,2296,10.22959375,0.0069386662286278,(0.03366539625001576+0.03471380285498451j),1836.6530677588603,(0.03366539625001699+0.03471380285498509j),1836.6530677588603
2297,2297,10.22969375,0.0070820604796237,(-0.017240088132803345+0.07247475436015352j),1837.4530037639815,(-0.017240088132806433+0.07247475436015237j),1837.4530037639818
2298,2298,10.22979375,0.007923521567373,(-0.03198564011375788-0.0201944159687263j),1838.252939769103,(-0.03198564011376124-0.020194415968726485j),1838.252939769103
2299,2299,10.22989375,0.0079876786669231,(0.0020898708051986375+0.16837686964987122j),1839.0528757742245,(0.0020898708052004+0.16837686964987378j),1839.0528757742245
2300,2300,10.22999375,0.0069945067845412,(0.04808612499049685+0.007892358661770252j),1839.852811779346,(0.04808612499049609+0.007892358661774585j),1839.852811779346
2301,2301,10.230093750000002,0.0064268469461121,(0.015721119365036337-0.018679614842884367j),1840.6527477844677,(0.015721119365034283-0.018679614842889575j),1840.6527477844675
2302,2302,10.230193750000002,0.0061009256766939,(0.05125592632452-0.0814921140985838j),1841.452683789589,(0.05125592632452483-0.08149211409858484j),1841.452683789589
2303,2303,10.23029375,0.0063198153117141,(-0.007156633894526059+0.006445856287982605j),1842.2526197947104,(-0.007156633894524586+0.006445856287986744j),1842.2526197947104
2304,2304,10.23039375,0.0060427316157873,(0.10142350600947472-0.014700269138840698j),1843.052555799832,(0.10142350600947621-0.01470026913884332j),1843.052555799832
2305,2305,10.23049375,0.0069934030419081,(-0.052043680229995073+0.059329598717301486j),1843.8524918049532,(-0.05204368022999584+0.059329598717304734j),1843.8524918049534
2306,2306,10.23059375,0.0066952827161279,(-0.028139171604643846-0.08280197960346318j),1844.6524278100749,(-0.02813917160464145-0.08280197960346186j),1844.6524278100749
2307,2307,10.23069375,0.0067279380943925,(0.024659062629354914+0.05261464563138242j),1845.452363815196,(0.024659062629354023+0.052614645631382316j),1845.4523638151961
2308,2308,10.230793750000002,0.0083115464388746,(0.010661404829750856-0.009708277486684775j),1846.2522998203176,(0.01066140482975401-0.009708277486684756j),1846.2522998203176
2309,2309,10.230893750000002,0.0093413479651716,(0.020335256713950367-0.001092107330109006j),1847.052235825439,(0.020335256713951096-0.0010921073301137399j),1847.052235825439
2310,2310,10.23099375,0.0099136494103548,(-0.06818896729519593+0.08328903538204446j),1847.8521718305608,(-0.06818896729519162+0.0832890353820466j),1847.8521718305606
2311,2311,10.23109375,0.0091865859634979,(0.07198600298582804+0.06440590536389255j),1848.652107835682,(0.0719860029858263+0.06440590536389056j),1848.652107835682
2312,2312,10.23119375,0.0087655705364088,(-0.0546447462094809-0.013667178952320867j),1849.4520438408035,(-0.054644746209479324-0.013667178952319491j),1849.4520438408035
2313,2313,10.23129375,0.0080999209737393,(0.08400626839372383-0.03720873479525528j),1850.251979845925,(0.08400626839372431-0.03720873479525717j),1850.251979845925
2314,2314,10.23139375,0.0074324626619637,(-0.005802990931382139+0.07103618873827226j),1851.0519158510465,(-0.005802990931380651+0.07103618873827301j),1851.0519158510465
2315,2315,10.23149375,0.0071807921936234,(-0.07303577881344016-0.05021054221897363j),1851.851851856168,(-0.07303577881343562-0.05021054221897195j),1851.8518518561677
2316,2316,10.231593750000002,0.0058111479471118,(-0.04490607619173514-0.07018506455354889j),1852.6517878612888,(-0.04490607619173517-0.07018506455354903j),1852.6517878612892
2317,2317,10.231693750000002,0.0065014576717967,(0.0016238698118448674-0.05876635352115306j),1853.4517238664107,(0.001623869811847067-0.058766353521149874j),1853.4517238664107
2318,2318,10.23179375,0.0066831016042121,(0.028578886578037706-0.08960983421346808j),1854.251659871532,(0.028578886578032297-0.0896098342134722j),1854.2516598715322
2319,2319,10.23189375,0.0081890703056759,(0.06913981371211492-0.0038199324769432608j),1855.0515958766537,(0.06913981371211159-0.0038199324769464978j),1855.0515958766537
2320,2320,10.23199375,0.0093904023002071,(0.06433959446687415+0.08424213121212751j),1855.8515318817751,(0.06433959446687126+0.0842421312121286j),1855.8515318817751
2321,2321,10.23209375,0.0096052045668968,(-0.06914228013429312+0.009656598428719472j),1856.6514678868969,(-0.06914228013429766+0.009656598428721833j),1856.6514678868966
2322,2322,10.23219375,0.0105142933167749,(0.18373081873551972+0.12939226044305072j),1857.451403892018,(0.18373081873551958+0.12939226044304913j),1857.451403892018
2323,2323,10.23229375,0.0100497239940594,(0.07419427516478724+0.09563221334990309j),1858.25133989714,(0.07419427516478687+0.09563221334990699j),1858.2513398971396
2324,2324,10.232393750000002,0.0092194749460924,(0.019454546228816694+0.01557402704832372j),1859.0512759022608,(0.0194545462288161+0.015574027048324937j),1859.0512759022608
2325,2325,10.23249375,0.008052604641141,(-0.014926164709278093-0.09634072809700145j),1859.8512119073823,(-0.01492616470927774-0.09634072809700167j),1859.8512119073823
2326,2326,10.23259375,0.0052107819277107,(0.008062446743272073-0.010643495604320893j),1860.651147912504,(0.008062446743272264-0.010643495604324293j),1860.6511479125038
2327,2327,10.23269375,0.0056304089359821,(-0.03321481318660293+0.016705352837931845j),1861.4510839176253,(-0.03321481318659963+0.016705352837935762j),1861.4510839176253
2328,2328,10.23279375,0.0054313150928649,(0.0341254169491235+0.12142993182192852j),1862.2510199227468,(0.03412541694912528+0.12142993182192793j),1862.2510199227468
2329,2329,10.23289375,0.0046735516601542,(-0.02235998006637865-0.09768231207355167j),1863.050955927868,(-0.022359980066376354-0.09768231207355155j),1863.0509559278682
2330,2330,10.23299375,0.0049853628785687,(-0.06556934348782022-0.00475279797582695j),1863.8508919329895,(-0.06556934348782094-0.004752797975825226j),1863.8508919329897
2331,2331,10.233093750000002,0.0044958062647439,(0.033438416298173755-0.06525365367541493j),1864.6508279381112,(0.03343841629817233-0.06525365367541734j),1864.6508279381112
2332,2332,10.233193750000002,0.0054680742886449,(0.14618468835499124+0.10413847249110118j),1865.4507639432327,(0.14618468835499146+0.10413847249110154j),1865.4507639432327
2333,2333,10.23329375,0.0059547512157444,(0.11046811524066634+0.07289541263450484j),1866.250699948354,(0.11046811524066275+0.07289541263450716j),1866.250699948354
2334,2334,10.23339375,0.0058154523218548,(0.12013667004883555-0.04464411432928423j),1867.0506359534756,(0.12013667004883369-0.044644114329286375j),1867.0506359534754
2335,2335,10.23349375,0.0055711923180267,(0.06831932251990724-0.09456275815970208j),1867.850571958597,(0.06831932251990923-0.09456275815970032j),1867.850571958597
2336,2336,10.23359375,0.0058326192058421,(0.06097308062167324+0.0408112973195359j),1868.6505079637184,(0.06097308062167428+0.04081129731953513j),1868.6505079637184
2337,2337,10.23369375,0.0057085157720278,(-0.05230010027901352+0.14367018158055192j),1869.45044396884,(-0.05230010027901079+0.1436701815805545j),1869.4504439688399
2338,2338,10.23379375,0.0049617998082966,(-0.32335072294639877+0.023838074572797158j),1870.2503799739611,(-0.3233507229463976+0.023838074572797352j),1870.2503799739613
2339,2339,10.233893750000002,0.0031377539179971,(0.09982617091459875-0.17961281628225428j),1871.0503159790828,(0.09982617091459813-0.1796128162822559j),1871.0503159790828
2340,2340,10.233993750000002,0.0034862792721259,(-0.19462946221452726-0.06650118163001856j),1871.8502519842043,(-0.1946294622145342-0.06650118163001695j),1871.8502519842043
2341,2341,10.23409375,0.0039248573821319,(-0.2008955634819991+0.014728643100465288j),1872.6501879893256,(-0.20089556348199808+0.01472864310046064j),1872.6501879893258
2342,2342,10.23419375,0.0037001666799671,(-0.008323835273179214+0.02117576398191055j),1873.450123994447,(-0.008323835273179665+0.0211757639819116j),1873.450123994447
2343,2343,10.23429375,0.0044489111515472,(0.01493700473875434+0.16294106395520958j),1874.2500599995683,(0.01493700473875386+0.1629410639552049j),1874.2500599995685
2344,2344,10.23439375,0.0035583673951686,(-0.07421423168250858+0.08373423472763276j),1875.04999600469,(-0.07421423168250715+0.083734234727634j),1875.04999600469
2345,2345,10.23449375,0.0038535216181847,(-0.007111923266351367+0.09829532777367454j),1875.8499320098117,(-0.007111923266349667+0.09829532777367048j),1875.8499320098115
2346,2346,10.234593750000002,0.0041451385201446,(-0.08901811572027388-0.011001144192185862j),1876.649868014933,(-0.08901811572027687-0.011001144192182358j),1876.649868014933
2347,2347,10.234693750000002,0.0034665350614414,(-0.028557871639862877+0.05510397397700428j),1877.4498040200544,(-0.0285578716398637+0.0551039739770018j),1877.4498040200544
2348,2348,10.23479375,0.0029398896144184,(-0.02597026582559115+0.017499952863749425j),1878.249740025176,(-0.02597026582559137+0.017499952863752728j),1878.249740025176
2349,2349,10.23489375,0.0012424413322785,(-0.0005744323108467717+0.07274705611860074j),1879.0496760302972,(-0.0005744323108442702+0.07274705611859805j),1879.0496760302974
2350,2350,10.23499375,0.0015996434786463,(-0.018547795839790784+0.040552760568966346j),1879.8496120354189,(-0.0185477958397974+0.04055276056896508j),1879.8496120354187
2351,2351,10.23509375,0.001834963903795,(0.032522687660526926+0.05426329399129266j),1880.64954804054,(0.03252268766053041+0.05426329399129049j),1880.6495480405401
2352,2352,10.23519375,0.0031734646499902,(-0.004276051316415676-0.08880929826099798j),1881.4494840456616,(-0.0042760513164137644-0.08880929826099679j),1881.4494840456616
2353,2353,10.23529375,0.0042017288187663,(-0.034134444908046166+0.0811533889994382j),1882.249420050783,(-0.034134444908047505+0.0811533889994364j),1882.249420050783
2354,2354,10.235393750000002,0.0043962985278215,(-0.032187036096766944-0.06846797334881952j),1883.0493560559048,(-0.032187036096764945-0.06846797334882404j),1883.0493560559046
2355,2355,10.235493750000002,0.0052492605494067,(-0.15152550887287616+0.03198666788072544j),1883.849292061026,(-0.1515255088728749+0.03198666788072462j),1883.849292061026
2356,2356,10.23559375,0.0041535394660874,(-0.006691197294218543+0.09421578793289596j),1884.6492280661475,(-0.006691197294220417+0.0942157879328946j),1884.6492280661475
2357,2357,10.23569375,0.0043669734433715,(-0.02072760236496646+0.0029991078379049407j),1885.449164071269,(-0.020727602364965944+0.0029991078379060744j),1885.449164071269
2358,2358,10.23579375,0.0031473610478224,(0.027759626229725852+0.10717312446154872j),1886.2491000763905,(0.027759626229726546+0.10717312446154922j),1886.2491000763905
2359,2359,10.23589375,0.0017612256477679,(0.010280845963769042-0.009862216011778656j),1887.049036081512,(0.010280845963766517-0.00986221601177717j),1887.0490360815118
2360,2360,10.23599375,0.0011897915574761,(0.0014427792048887999-0.004963943552055568j),1887.8489720866328,(0.0014427792048853972-0.0049639435520525315j),1887.8489720866332
2361,2361,10.23609375,0.0011172881371793,(0.00587012909098485+0.10137606464501814j),1888.6489080917547,(0.005870129090980818+0.10137606464501507j),1888.6489080917547
2362,2362,10.236193750000002,0.0030761185240512,(0.0867253170691288+0.027083996687769125j),1889.448844096876,(0.08672531706912694+0.027083996687766343j),1889.4488440968762
2363,2363,10.236293750000002,0.0034002155267815,(0.04847570935584889-0.005862122635357844j),1890.2487801019977,(0.04847570935584823-0.005862122635355745j),1890.2487801019977
2364,2364,10.23639375,0.0039898758540506,(-0.10523119206389195-0.08087708921688916j),1891.0487161071192,(-0.10523119206389463-0.0808770892168846j),1891.0487161071192
2365,2365,10.23649375,0.0045725453667122,(-0.0214240864874009+0.04184427765935946j),1891.8486521122409,(-0.021424086487400677+0.04184427765935804j),1891.8486521122406
2366,2366,10.23659375,0.0048601750036218,(-0.06533758408524841-0.05353506644005035j),1892.648588117362,(-0.06533758408524706-0.053535066440047484j),1892.6485881173621
2367,2367,10.23669375,0.0049360837043174,(-0.05273150334271026+0.07402013254541862j),1893.448524122484,(-0.05273150334270783+0.07402013254541706j),1893.4485241224836
2368,2368,10.23679375,0.0050460180545071,(0.030629834237830597+0.011765695735771164j),1894.2484601276049,(0.030629834237828214+0.01176569573577084j),1894.2484601276049
2369,2369,10.236893750000002,0.005872526927873,(-0.003229733228127445-0.008812639901191487j),1895.0483961327263,(-0.003229733228132251-0.008812639901191114j),1895.0483961327263
2370,2370,10.236993750000002,0.0051652222634831,(0.01590786047963574-0.014017777546766403j),1895.848332137848,(0.015907860479635903-0.014017777546770478j),1895.8483321378478
2371,2371,10.23709375,0.0044427177526298,(0.053208707318802645+0.016458077646125065j),1896.6482681429693,(0.05320870731880431+0.016458077646126387j),1896.6482681429693
2372,2372,10.23719375,0.0036332062813193,(0.052748922380099324+0.02625112438857089j),1897.4482041480908,(0.052748922380097076+0.026251124388574555j),1897.4482041480908
2373,2373,10.23729375,0.0047994926776492,(-0.01341796370768069+0.0036214620835285033j),1898.2481401532125,(-0.013417963707683205+0.003621462083531386j),1898.2481401532123
2374,2374,10.23739375,0.0038893555076616,(0.049802834426546184+0.11040488496830572j),1899.0480761583335,(0.049802834426548426+0.1104048849683053j),1899.0480761583337
2375,2375,10.23749375,0.0034203756375718,(-0.056013578899010104-0.07501813717055872j),1899.8480121634552,(-0.05601357889900951-0.07501813717056209j),1899.8480121634552
2376,2376,10.23759375,0.0045224448233162,(0.07355496117397949+0.03978688417464331j),1900.6479481685767,(0.07355496117397903+0.03978688417464389j),1900.6479481685767
2377,2377,10.237693750000002,0.0058432158651747,(-0.06799765624698972-0.06478964011854799j),1901.447884173698,(-0.06799765624698631-0.06478964011854771j),1901.447884173698
2378,2378,10.237793750000002,0.00787698549518,(-0.17919111592073275+0.02972397546768933j),1902.2478201788197,(-0.17919111592072812+0.02972397546768686j),1902.2478201788194
2379,2379,10.23789375,0.0078149784364203,(-0.08036184478010236+0.030365748505206205j),1903.047756183941,(-0.08036184478010476+0.03036574850520822j),1903.047756183941
2380,2380,10.23799375,0.0081632344832841,(0.010732834540800672+0.020525023929592753j),1903.8476921890624,(0.01073283454079567+0.020525023929591813j),1903.8476921890624
2381,2381,10.23809375,0.0078088029178958,(-0.043543922417290326-0.006317196261057303j),1904.647628194184,(-0.0435439224172916-0.0063171962610598115j),1904.6476281941839
2382,2382,10.23819375,0.0072423921243478,(-0.019525697724794462-0.03452243093741075j),1905.4475641993051,(-0.019525697724795142-0.034522430937410115j),1905.4475641993054
2383,2383,10.23829375,0.0077983300041983,(-0.03511390936668413-0.020829939912159805j),1906.2475002044268,(-0.03511390936668438-0.02082993991215898j),1906.2475002044268
2384,2384,10.23839375,0.0080040222628965,(0.05366309901919543+0.037341104271518585j),1907.0474362095483,(0.05366309901919551+0.03734110427151444j),1907.0474362095483
2385,2385,10.238493750000002,0.0079166839742432,(0.011737390736398344+0.04654485004308204j),1907.8473722146696,(0.011737390736401527+0.04654485004308159j),1907.8473722146696
2386,2386,10.23859375,0.0069135868540728,(0.06319245953266378+0.056808233347430515j),1908.647308219791,(0.0631924595326621+0.05680823334743229j),1908.647308219791
2387,2387,10.23869375,0.0069750766645075,(0.1158047186527513-0.06455883281605089j),1909.4472442249123,(0.1158047186527521-0.06455883281605374j),1909.4472442249125
2388,2388,10.23879375,0.0078368695142272,(-0.020218506876222536+0.01064080117111734j),1910.247180230034,(-0.020218506876219816+0.010640801171119384j),1910.247180230034
2389,2389,10.23889375,0.0068704109017463,(0.007137160247632858+0.02309924811993897j),1911.0471162351555,(0.007137160247636514+0.023099248119937413j),1911.0471162351555
2390,2390,10.23899375,0.0055386258621134,(-0.08854541103172024-0.07916277650155992j),1911.847052240277,(-0.0885454110317218-0.07916277650156067j),1911.847052240277
2391,2391,10.23909375,0.0054822513711206,(0.03646653149980468+0.0649964845512777j),1912.6469882453985,(0.03646653149980558+0.06499648455127952j),1912.6469882453985
2392,2392,10.239193750000002,0.0060729555218907,(0.019466105262121502-0.03805807930055356j),1913.44692425052,(0.019466105262121586-0.03805807930055341j),1913.44692425052
2393,2393,10.239293750000002,0.0072072819622982,(-0.027758806765302044+0.03326021413556847j),1914.2468602556412,(-0.027758806765303297+0.03326021413556656j),1914.2468602556414
2394,2394,10.23939375,0.0073460166579598,(-0.008977179359105898-0.08038202607197382j),1915.046796260763,(-0.008977179359110304-0.08038202607197337j),1915.0467962607627
2395,2395,10.23949375,0.0083843295065081,(-0.0473868076899471+0.021247707964061408j),1915.846732265884,(-0.04738680768995056+0.021247707964058143j),1915.8467322658842
2396,2396,10.23959375,0.0101658125793595,(0.03617800422164658-0.029390754733119525j),1916.6466682710056,(0.03617800422164452-0.029390754733126485j),1916.6466682710056
2397,2397,10.23969375,0.0095477916589776,(0.04884408310445286+0.026180390686291525j),1917.4466042761271,(0.04884408310445649+0.026180390686292895j),1917.4466042761271
2398,2398,10.23979375,0.0095031434494812,(-0.03613539967575155+0.08432291125146821j),1918.2465402812488,(-0.036135399675756325+0.08432291125146354j),1918.2465402812486
2399,2399,10.23989375,0.0093506220797488,(-0.016239628286622544-0.04467360712721036j),1919.04647628637,(-0.016239628286618454-0.04467360712721024j),1919.04647628637
2400,2400,10.239993750000002,0.0074854669763958,(-0.10097132824024214-0.044925059421592j),1919.846412291492,(-0.10097132824024001-0.04492505942159309j),1919.8464122914916
2401,2401,10.240093750000002,0.0073256609641262,(-0.04736041706817476-0.02797183429300995j),1920.646348296613,(-0.047360417068174815-0.027971834293014725j),1920.646348296613
2402,2402,10.24019375,0.0061516994815984,(0.018667756768130123-0.060194640785316174j),1921.4462843017343,(0.018667756768132784-0.060194640785314536j),1921.4462843017345
2403,2403,10.24029375,0.0067680011850129,(0.024472901541229167+0.1265745784169097j),1922.246220306856,(0.02447290154122701+0.12657457841690561j),1922.2462203068558
2404,2404,10.24039375,0.0062896273654207,(0.04186833043493709+0.033285061359063235j),1923.0461563119773,(0.041868330434935666+0.03328506135905798j),1923.0461563119773
2405,2405,10.24049375,0.005841765131197,(0.03451292511703489+0.08493227109092671j),1923.8460923170987,(0.03451292511703529+0.08493227109092774j),1923.8460923170987
2406,2406,10.24059375,0.0074126598661737,(-0.06839364275155121+0.005141354820585073j),1924.64602832222,(-0.06839364275154959+0.005141354820586936j),1924.6460283222202
2407,2407,10.240693750000002,0.0079553829233404,(-0.025287256363317436+0.02556578277236864j),1925.4459643273417,(-0.0252872563633169+0.025565782772372515j),1925.4459643273417
2408,2408,10.240793750000002,0.0086109875992817,(-0.008503850295889126-0.10339751302143785j),1926.2459003324632,(-0.00850385029589118-0.10339751302143924j),1926.2459003324632
2409,2409,10.24089375,0.0085975007463726,(0.0389793682131451+0.019731976584833586j),1927.045836337585,(0.038979368213143586+0.019731976584834724j),1927.0458363375847
2410,2410,10.24099375,0.0085455391915031,(-0.08809032947225756+0.020466564685069154j),1927.845772342706,(-0.08809032947225935+0.020466564685067655j),1927.8457723427061
2411,2411,10.24109375,0.0084276747960338,(0.03575345106204017+0.004902963915523841j),1928.645708347828,(0.03575345106203472+0.004902963915526644j),1928.6457083478276
2412,2412,10.24119375,0.0069681005265977,(0.0712296479080216+0.01125942770625368j),1929.4456443529489,(0.07122964790801915+0.011259427706255938j),1929.4456443529489
2413,2413,10.24129375,0.0052461208183423,(0.010061510771126086-0.06298293408186123j),1930.2455803580704,(0.010061510771127696-0.06298293408186537j),1930.2455803580704
2414,2414,10.24139375,0.0051867615105904,(0.07151134795447465+0.0057415083984941155j),1931.045516363192,(0.0715113479544758+0.005741508398491042j),1931.0455163631918
2415,2415,10.241493750000002,0.0050719752238828,(-0.10184255007570614-0.004023788060890895j),1931.845452368313,(-0.10184255007570411-0.004023788060893003j),1931.8454523683133
2416,2416,10.241593750000002,0.0057091070360972,(0.0211604769302468+0.015900192721819178j),1932.6453883734348,(0.021160476930243623+0.015900192721816545j),1932.6453883734348
2417,2417,10.24169375,0.0047495938971072,(-0.0008764635240779382+0.022539433047518476j),1933.4453243785565,(-0.0008764635240756762+0.022539433047517977j),1933.4453243785563
2418,2418,10.24179375,0.0040817074981909,(0.0090430759477669-0.011928179710017991j),1934.2452603836775,(0.009043075947767452-0.011928179710021946j),1934.2452603836778
2419,2419,10.24189375,0.0045237878434092,(0.04758594977099019-0.10926357369609335j),1935.0451963887992,(0.047585949770990746-0.10926357369609194j),1935.0451963887992
2420,2420,10.24199375,0.0040361477513102,(-0.02637933087884966+0.13439395889263225j),1935.8451323939205,(-0.026379330878850936+0.1343939588926308j),1935.8451323939205
2421,2421,10.24209375,0.004323716348032,(-0.06113159018323805+0.09078902294556442j),1936.645068399042,(-0.06113159018324131+0.09078902294556475j),1936.645068399042
2422,2422,10.24219375,0.0043322020195037,(-0.11405629275380932+0.02142388561475348j),1937.4450044041637,(-0.11405629275380696+0.021423885614750664j),1937.4450044041635
2423,2423,10.242293750000002,0.0046087647386881,(0.03232624877368942-0.05877987301074042j),1938.244940409285,(0.03232624877368738-0.05877987301073903j),1938.244940409285
2424,2424,10.242393750000002,0.0066021285028694,(0.060566841356879744+0.043326034608157794j),1939.0448764144064,(0.060566841356878565+0.04332603460815815j),1939.0448764144064
2425,2425,10.24249375,0.0065807340463682,(0.029474037402351164+0.03387178160114194j),1939.844812419528,(0.02947403740234978+0.03387178160114286j),1939.844812419528
2426,2426,10.24259375,0.0054685578017909,(-0.08726891308645765-0.05258395839028316j),1940.6447484246492,(-0.08726891308645672-0.052583958390284645j),1940.6447484246494
2427,2427,10.24269375,0.0056957245369828,(-0.06559191834765285+0.02982784418026177j),1941.4446844297709,(-0.06559191834765063+0.02982784418026249j),1941.4446844297709
2428,2428,10.24279375,0.0035985073396351,(-0.06600597919949389-0.012957334494311828j),1942.2446204348923,(-0.06600597919949278-0.012957334494314085j),1942.2446204348923
2429,2429,10.24289375,0.002163894179087,(0.02193496734791952-0.06617176426596744j),1943.0445564400136,(0.02193496734792134-0.06617176426596591j),1943.0445564400136
2430,2430,10.242993750000002,0.0014192516429163,(0.029835916044939497+0.023677996360451148j),1943.844492445135,(0.029835916044936763+0.023677996360452355j),1943.844492445135
2431,2431,10.243093750000002,0.0004474592842198,(0.038299912886528426+0.019725720691418473j),1944.6444284502568,(0.03829991288653063+0.019725720691419014j),1944.6444284502566
2432,2432,10.24319375,0.0010785925294979,(-0.002708898020990464+0.020441498809371007j),1945.444364455378,(-0.002708898020991614+0.020441498809369928j),1945.444364455378
2433,2433,10.24329375,0.0016818624889421,(0.0632938523260046+0.06802125400134047j),1946.2443004604995,(0.06329385232600658+0.06802125400134182j),1946.2443004604995
2434,2434,10.24339375,0.0033878146219642,(0.07535858316692613+0.044757506908308514j),1947.044236465621,(0.07535858316692834+0.04475750690831096j),1947.044236465621
2435,2435,10.24349375,0.0044502503698069,(0.04670572540971676+0.05813523630351393j),1947.8441724707425,(0.04670572540971546+0.0581352363035132j),1947.8441724707425
2436,2436,10.24359375,0.0040963488018885,(0.050138984794241157+0.008535023626715595j),1948.644108475864,(0.05013898479424304+0.008535023626719932j),1948.644108475864
2437,2437,10.24369375,0.0054362388333438,(-0.04283952674583119-0.04744441261939221j),1949.4440444809852,(-0.042839526745831885-0.04744441261939285j),1949.4440444809854
2438,2438,10.243793750000002,0.0035966503021704,(0.03194053140888474-0.011720661925043084j),1950.2439804861067,(0.031940531408886495-0.011720661925043946j),1950.2439804861067
2439,2439,10.243893750000002,0.0026029376884751,(-0.111734073922521+0.06427388584456269j),1951.043916491228,(-0.11173407392252321+0.06427388584456123j),1951.0439164912282
2440,2440,10.24399375,0.0026765979028874,(-0.10946080941326856+0.0011110367838077298j),1951.8438524963497,(-0.10946080941326738+0.0011110367838143079j),1951.8438524963497
2441,2441,10.24409375,0.001159235832259,(-0.030201884906590648+0.004254709375901972j),1952.6437885014711,(-0.03020188490659158+0.004254709375903188j),1952.6437885014711
2442,2442,10.24419375,0.0026293019470414,(-0.014871480653188695-0.009864290207818297j),1953.4437245065928,(-0.014871480653188392-0.009864290207821261j),1953.4437245065926
2443,2443,10.24429375,0.0024452785848279,(0.00010817830181366174-0.010843879338290343j),1954.243660511714,(0.00010817830181157574-0.010843879338286032j),1954.243660511714
2444,2444,10.24439375,0.003261757944588,(-0.010511574036759428+0.020402352666545737j),1955.043596516836,(-0.010511574036758925+0.020402352666543545j),1955.0435965168356
2445,2445,10.244493750000002,0.0034348850534622,(-0.003245785226287351+0.07755567007825266j),1955.843532521957,(-0.003245785226284506+0.07755567007825695j),1955.843532521957
2446,2446,10.244593750000002,0.0032096394960283,(-0.07600130388734712+0.029266140621454106j),1956.6434685270783,(-0.07600130388734722+0.029266140621453076j),1956.6434685270785
2447,2447,10.24469375,0.0040880210453655,(0.015663700154243843-0.055539896348945204j),1957.4434045322,(0.015663700154245407-0.05553989634894387j),1957.4434045321998
2448,2448,10.24479375,0.0033993759214953,(0.13599763955423771-0.015647889416321004j),1958.2433405373213,(0.13599763955423677-0.01564788941631927j),1958.2433405373213
2449,2449,10.24489375,0.0034087505812001,(-0.08715821996500488-0.06097497982247866j),1959.0432765424428,(-0.08715821996500339-0.06097497982247508j),1959.0432765424428
2450,2450,10.24499375,0.0029744422397399,(-0.07883902330067663-0.06711700735952347j),1959.843212547564,(-0.07883902330067735-0.06711700735952253j),1959.8432125475642
2451,2451,10.24509375,0.0029382291262429,(0.059411628686677265-0.038588117852014374j),1960.6431485526855,(0.05941162868667441-0.03858811785201072j),1960.6431485526857
2452,2452,10.24519375,0.004541256186801,(-0.021837024890788558+0.07023929260042454j),1961.4430845578072,(-0.02183702489078847+0.07023929260042082j),1961.4430845578072
2453,2453,10.245293750000002,0.0055335041779949,(-0.06618330037022319+0.027785611552166703j),1962.243020562929,(-0.06618330037022156+0.027785611552169853j),1962.2430205629287
2454,2454,10.245393750000002,0.0069030506885046,(0.049126630509317655+0.09146999890428296j),1963.0429565680504,(0.04912663050931726+0.09146999890428517j),1963.0429565680502
2455,2455,10.24549375,0.0067674447537768,(-0.07175180507312923-0.026552071989084793j),1963.8428925731716,(-0.07175180507312665-0.026552071989081816j),1963.8428925731714
2456,2456,10.24559375,0.0063750521406808,(-0.010106802095887463-0.07710522915029683j),1964.642828578293,(-0.01010680209589001-0.07710522915029648j),1964.642828578293
2457,2457,10.24569375,0.0061454454650353,(0.05704356705679092+0.06693846503116264j),1965.4427645834144,(0.057043567056796154+0.06693846503116269j),1965.4427645834144
2458,2458,10.24579375,0.0054239732630319,(-0.039438030237279424+0.047874417881193565j),1966.242700588536,(-0.03943803023727983+0.04787441788119397j),1966.2427005885359
2459,2459,10.24589375,0.0052833010394978,(-0.026616138559163557+0.018216861409870812j),1967.042636593657,(-0.026616138559163234+0.018216861409871582j),1967.0426365936573
2460,2460,10.24599375,0.0047280036588426,(0.08653423716030743+0.035078734115490895j),1967.8425725987788,(0.08653423716030373+0.03507873411549267j),1967.8425725987788
2461,2461,10.246093750000002,0.0045181433437636,(-0.08000265103534493-0.05121174625579953j),1968.6425086039003,(-0.08000265103534712-0.05121174625579793j),1968.6425086039003
2462,2462,10.246193750000002,0.0050419026859493,(-0.052166328828519265+0.02085275559329538j),1969.4424446090215,(-0.05216632882852068+0.02085275559329447j),1969.4424446090218
2463,2463,10.24629375,0.0058796778259446,(-0.10139998849205657+0.036802883519103394j),1970.2423806141437,(-0.10139998849205761+0.036802883519107404j),1970.2423806141433
2464,2464,10.24639375,0.0062158899333082,(-0.060472213632771846-0.030113237298355196j),1971.0423166192645,(-0.06047221363276853-0.030113237298354873j),1971.0423166192645
2465,2465,10.24649375,0.0071025034410455,(0.003098427701587994+0.03605299446647776j),1971.842252624386,(0.0030984277015881187+0.03605299446647196j),1971.842252624386
2466,2466,10.24659375,0.008178011851777,(-0.00228287625957508-0.08176074955222144j),1972.6421886295077,(-0.002282876259577101-0.0817607495522189j),1972.6421886295075
2467,2467,10.24669375,0.0085193459279381,(0.04102083272045416-0.02803275119763579j),1973.442124634629,(0.04102083272045551-0.02803275119763232j),1973.442124634629
2468,2468,10.246793750000002,0.0091425157765426,(-0.10062323357157733-0.02606049900011627j),1974.2420606397504,(-0.10062323357157729-0.02606049900011896j),1974.2420606397504
2469,2469,10.246893750000002,0.0094134551652703,(0.10412028064035506-0.022517975826699982j),1975.041996644872,(0.10412028064035445-0.02251797582669986j),1975.041996644872
2470,2470,10.24699375,0.0092349652886716,(0.014750649799495811+0.07838679964426132j),1975.8419326499932,(0.014750649799496262+0.07838679964426228j),1975.8419326499934
2471,2471,10.24709375,0.0085677647451107,(0.024231731489339287+0.005742230345309254j),1976.6418686551149,(0.02423173148933839+0.005742230345309141j),1976.6418686551149
2472,2472,10.24719375,0.0074714563177056,(0.04268148239051464-0.006013695358154058j),1977.4418046602364,(0.04268148239051727-0.006013695358155751j),1977.4418046602364
2473,2473,10.24729375,0.0064825400964788,(0.044067527385998624-0.009901203568454465j),1978.2417406653576,(0.044067527385998534-0.009901203568454694j),1978.2417406653576
2474,2474,10.24739375,0.0047658571916229,(0.08363013561763186-0.043379312132594466j),1979.041676670479,(0.08363013561763494-0.04337931213259723j),1979.041676670479
2475,2475,10.24749375,0.0054058495710727,(0.0019125842779372667+0.034877686309539926j),1979.8416126756008,(0.001912584277935336+0.03487768630953879j),1979.8416126756006
2476,2476,10.247593750000002,0.0057245986665247,(-0.028553803158765698-0.013429047471269905j),1980.641548680722,(-0.02855380315876365-0.013429047471274382j),1980.641548680722
2477,2477,10.247693750000002,0.0071556598593016,(-0.021360097338463113+0.021156895578613052j),1981.4414846858435,(-0.021360097338459845+0.02115689557861418j),1981.4414846858435
2478,2478,10.24779375,0.0076732510999023,(-0.07119000777032122-0.1319284154241274j),1982.241420690965,(-0.07119000777032071-0.1319284154241266j),1982.241420690965
2479,2479,10.24789375,0.008703240828552,(-0.05435269846466648-0.05218377898173639j),1983.0413566960865,(-0.05435269846466441-0.05218377898173469j),1983.0413566960865
2480,2480,10.24799375,0.0093533653656931,(0.0026925558858819977+0.08505584688050252j),1983.841292701208,(0.0026925558858840047+0.08505584688050442j),1983.841292701208
2481,2481,10.24809375,0.0096824131352419,(-0.11864145000386667-0.07643145497631217j),1984.6412287063292,(-0.11864145000386696-0.0764314549763136j),1984.6412287063295
2482,2482,10.24819375,0.0099589015750377,(-0.13860811009785498+0.014715605671155936j),1985.4411647114507,(-0.13860811009785606+0.014715605671154437j),1985.4411647114507
2483,2483,10.24829375,0.0090522887326333,(0.06377881639701323+0.14141565824911215j),1986.241100716572,(0.06377881639701538+0.14141565824911073j),1986.2411007165722
2484,2484,10.248393750000002,0.0079248111199953,(-0.009882085689134458-0.038016597485597735j),1987.0410367216937,(-0.009882085689132227-0.03801659748560237j),1987.0410367216937
2485,2485,10.248493750000002,0.0073738540465068,(0.05599608963953622+0.07257616360507575j),1987.8409727268152,(0.055996089639536846+0.07257616360507652j),1987.8409727268152
2486,2486,10.24859375,0.0073416130957013,(0.09990874146967377+0.054913509051224815j),1988.6409087319369,(0.09990874146967388+0.054913509051230644j),1988.6409087319366
2487,2487,10.24869375,0.0075529743157014,(-0.08222220674415856+0.04074112655923921j),1989.440844737058,(-0.08222220674415735+0.04074112655924116j),1989.4408447370581
2488,2488,10.24879375,0.0063841444518523,(-0.1306634156594561+0.027544600741678693j),1990.24078074218,(-0.13066341565945586+0.027544600741677798j),1990.2407807421796
2489,2489,10.24889375,0.0057975168444411,(-0.05769811093296147+0.005919718996533898j),1991.040716747301,(-0.05769811093296302+0.0059197189965336265j),1991.040716747301
2490,2490,10.24899375,0.0069324163790773,(0.006064851707378521+0.0013022252200946074j),1991.8406527524223,(0.006064851707378244+0.0013022252200979548j),1991.8406527524223
2491,2491,10.249093750000002,0.0070437855280486,(-0.026414401730919836+0.015428006464574978j),1992.640588757544,(-0.026414401730919582+0.015428006464573393j),1992.6405887575438
2492,2492,10.249193750000002,0.0073887725453435,(-0.12569906682641735+0.006072473646350107j),1993.4405247626653,(-0.12569906682641788+0.0060724736463510925j),1993.4405247626653
2493,2493,10.24929375,0.0070273367215726,(-0.05614389497094353-0.03593456837664785j),1994.2404607677868,(-0.05614389497094449-0.03593456837664547j),1994.2404607677868
2494,2494,10.24939375,0.0062049393414966,(-0.009699171211176466+0.08271730554155854j),1995.0403967729085,(-0.009699171211175561+0.08271730554156163j),1995.0403967729083
2495,2495,10.24949375,0.0075861852533342,(-0.04936262749720237+0.0842263369396747j),1995.8403327780295,(-0.04936262749720737+0.0842263369396751j),1995.8403327780297
2496,2496,10.24959375,0.007626313388486,(0.18134849222279514-0.05812934041050334j),1996.6402687831512,(0.18134849222279179-0.05812934041050589j),1996.6402687831512
2497,2497,10.24969375,0.0073700262159945,(0.08226528636524366+0.07704049166326445j),1997.4402047882727,(0.08226528636524487+0.07704049166326665j),1997.4402047882727
2498,2498,10.24979375,0.0066159137883582,(-0.02015157465315093+0.025421293255107006j),1998.2401407933944,(-0.02015157465314859+0.02542129325510728j),1998.2401407933942
2499,2499,10.249893750000002,0.0050329732831365,(0.05517429976414802-0.14579772699862087j),1999.0400767985157,(0.05517429976415014-0.14579772699861812j),1999.0400767985154
2500,2500,10.249993750000002,0.0053194966404673,(-0.14976913290135296-0.023681689024298475j),1999.840012803637,(-0.1497691329013585-0.02368168902429589j),1999.840012803637
2501,2501,10.25009375,0.0049313629979998,(0.14083993253098948+0.11651422147987844j),2000.6399488087584,(0.1408399325309914+0.11651422147987855j),2000.6399488087584
2502,2502,10.25019375,0.004167923095643,(-0.10882063738825187+0.1101859870542074j),2001.43988481388,(-0.10882063738825158+0.11018598705420272j),2001.4398848138799
2503,2503,10.25029375,0.0030760956661937,(0.07224927409880087-0.003078419890425045j),2002.2398208190011,(0.0722492740988049-0.003078419890424334j),2002.2398208190014
2504,2504,10.25039375,0.0039117215853556,(-0.03534313226439477+0.13798610401200434j),2003.0397568241228,(-0.03534313226439194+0.13798610401200462j),2003.0397568241228
2505,2505,10.25049375,0.0045319561794834,(-0.0748442584580557-0.09550320780242022j),2003.8396928292443,(-0.07484425845805527-0.09550320780242158j),2003.8396928292443
2506,2506,10.25059375,0.0045715306127944,(-0.07648625903114845+0.08681423507689931j),2004.6396288343656,(-0.07648625903114656+0.08681423507690314j),2004.6396288343658
2507,2507,10.25069375,0.003937843120386,(-0.07583106769573812+0.08665802679403473j),2005.4395648394875,(-0.0758310676957384+0.08665802679403607j),2005.4395648394873
2508,2508,10.25079375,0.0044024334007263,(-0.003109205738431535+0.06671001132148968j),2006.2395008446083,(-0.003109205738434727+0.06671001132148965j),2006.2395008446085
2509,2509,10.25089375,0.0049881746735145,(-0.027487303905120584-0.00791614651459304j),2007.03943684973,(-0.027487303905121042-0.007916146514591063j),2007.03943684973
2510,2510,10.25099375,0.0049945991126756,(-0.11376714990291488+0.01871513108192171j),2007.8393728548515,(-0.11376714990291455+0.018715131081923794j),2007.8393728548515
2511,2511,10.25109375,0.0035678216588371,(-0.03518315992750508-0.003573728951230733j),2008.639308859973,(-0.03518315992750308-0.0035737289512309135j),2008.639308859973
2512,2512,10.25119375,0.0037299541905221,(-0.1048206748074624+0.06380116831367806j),2009.4392448650945,(-0.10482067480746468+0.06380116831367641j),2009.4392448650945
2513,2513,10.25129375,0.004405937575603,(-0.0655213098164513-0.12418792522743198j),2010.239180870216,(-0.06552130981644948-0.12418792522743206j),2010.239180870216
2514,2514,10.25139375,0.0038526554626006,(0.04858715780756232-0.1490528978809201j),2011.0391168753372,(0.04858715780755907-0.14905289788091733j),2011.0391168753374
2515,2515,10.25149375,0.0020179680530736,(0.017339708187499227+0.11105836360138543j),2011.839052880459,(0.01733970818749839+0.11105836360138531j),2011.839052880459
2516,2516,10.25159375,0.0017251490984253,(0.0003970075584357746-0.14473521655752192j),2012.6389888855804,(0.0003970075584348795-0.14473521655752036j),2012.6389888855804
2517,2517,10.25169375,0.0021834652533656,(-0.0006460403819013374+0.08424413312311296j),2013.4389248907016,(-0.0006460403819024754+0.08424413312310955j),2013.4389248907016
2518,2518,10.25179375,0.0009029017615941,(0.01830454773988735+0.024639658642529844j),2014.238860895823,(0.018304547739885168+0.024639658642529694j),2014.238860895823
2519,2519,10.25189375,0.0015965682121145,(-0.011898418095296027+0.054904195807262336j),2015.0387969009448,(-0.0118984180952974+0.05490419580726369j),2015.0387969009446
2520,2520,10.25199375,0.0027061362393297,(-0.14574424214255324-0.06279993190871563j),2015.838732906066,(-0.14574424214255305-0.06279993190871644j),2015.838732906066
2521,2521,10.25209375,0.0022874667050946,(-0.13204536282208992+0.010272491946343255j),2016.638668911188,(-0.13204536282208804+0.010272491946342527j),2016.6386689111876
2522,2522,10.25219375,0.0039177094069364,(-0.010397755782358372+0.006145477083701337j),2017.438604916309,(-0.010397755782357312+0.006145477083700521j),2017.438604916309
2523,2523,10.25229375,0.0027362264471779,(-0.031606913661284354-0.06653835537380531j),2018.2385409214305,(-0.03160691366128361-0.06653835537380727j),2018.2385409214305
2524,2524,10.25239375,0.0045002247772328,(0.07303810745806483+0.10010647233708851j),2019.038476926552,(0.07303810745806362+0.10010647233708608j),2019.038476926552
2525,2525,10.25249375,0.0037801227240074,(-0.08542579934722373+0.0910316006157365j),2019.8384129316728,(-0.08542579934722216+0.09103160061573505j),2019.8384129316732
2526,2526,10.25259375,0.0036308925962214,(0.18010179587065558-0.11494946955722996j),2020.6383489367947,(0.18010179587065453-0.11494946955723193j),2020.6383489367947
2527,2527,10.25269375,0.0040008034026653,(-0.09726739367982565+0.09234949279412427j),2021.438284941916,(-0.09726739367982679+0.09234949279412087j),2021.4382849419162
2528,2528,10.25279375,0.0036054517796719,(-0.061143018907035745-0.016143753087169605j),2022.2382209470377,(-0.061143018907040145-0.016143753087169543j),2022.2382209470377
2529,2529,10.25289375,0.0037238446380619,(-0.01778650700631919-0.09943242213693054j),2023.0381569521592,(-0.017786507006318876-0.09943242213693367j),2023.0381569521592
2530,2530,10.25299375,0.0017509282071376,(0.04572886245076661-0.08050151469919149j),2023.8380929572809,(0.04572886245076959-0.08050151469919237j),2023.8380929572807
2531,2531,10.25309375,0.0022860380473567,(0.022396520274679244+0.07640300244348407j),2024.638028962402,(0.02239652027467956+0.07640300244348319j),2024.6380289624021
2532,2532,10.25319375,0.0025754976619306,(0.04643687242138577-0.13780398197222776j),2025.437964967524,(0.04643687242138672-0.13780398197222718j),2025.4379649675236
2533,2533,10.25329375,0.0030593746871545,(-0.041826506663843604-0.06502358892417655j),2026.237900972645,(-0.04182650666384537-0.06502358892417805j),2026.237900972645
2534,2534,10.25339375,0.004255493304152,(0.11752667069618686+0.10633673316763981j),2027.0378369777663,(0.11752667069618411+0.10633673316763574j),2027.0378369777663
2535,2535,10.25349375,0.0048513397366283,(-0.09186998223545914+0.012408268994770759j),2027.837772982888,(-0.09186998223546067+0.01240826899476885j),2027.8377729828878
2536,2536,10.25359375,0.0047744136262317,(-0.07538729347325315+0.07441322770955716j),2028.6377089880093,(-0.07538729347325086+0.07441322770955822j),2028.6377089880093
2537,2537,10.25369375,0.0058821939137481,(-0.042733835250328006+0.07760014552726738j),2029.4376449931308,(-0.04273383525032796+0.07760014552726867j),2029.4376449931308
2538,2538,10.25379375,0.0066464733989971,(0.013639304883336707+0.11225581328971085j),2030.2375809982525,(0.013639304883339198+0.11225581328971183j),2030.2375809982523
2539,2539,10.25389375,0.0069623658035656,(0.07677316543048443-0.12589495572813025j),2031.0375170033735,(0.0767731654304815-0.125894955728132j),2031.0375170033738
2540,2540,10.25399375,0.0072714804452567,(0.2231850985821236-0.07994867973640095j),2031.8374530084952,(0.22318509858212054-0.07994867973639555j),2031.8374530084952
2541,2541,10.25409375,0.0054737609191655,(0.10321291748624033-0.053141999048873206j),2032.6373890136167,(0.10321291748623762-0.0531419990488781j),2032.6373890136167
2542,2542,10.25419375,0.0056668980937544,(0.16766384476754442+0.016329819868017327j),2033.4373250187384,(0.16766384476754148+0.016329819868020116j),2033.4373250187382
2543,2543,10.25429375,0.0051259108584302,(-0.018568238044971798+0.12091874057707316j),2034.2372610238597,(-0.018568238044973776+0.12091874057707803j),2034.2372610238594
2544,2544,10.25439375,0.0055696790816702,(-0.0024681591675076893-0.00605161776255929j),2035.037197028981,(-0.0024681591675089157-0.006051617762559652j),2035.037197028981
2545,2545,10.25449375,0.0069563982468438,(-0.16872820600994876+0.11360193553748242j),2035.8371330341024,(-0.16872820600994703+0.11360193553748335j),2035.8371330341024
2546,2546,10.25459375,0.0062988384257583,(-0.12549342418002446+0.08607118150379645j),2036.637069039224,(-0.1254934241800239+0.08607118150379384j),2036.637069039224
2547,2547,10.25469375,0.0058792796843243,(0.03618581083876172-0.00816503807738661j),2037.4370050443451,(0.036185810838759526-0.008165038077382726j),2037.4370050443454
2548,2548,10.25479375,0.0062468403460725,(0.053699065115588675-0.020659322394829933j),2038.2369410494669,(0.05369906511558975-0.020659322394828202j),2038.2369410494669
2549,2549,10.25489375,0.0060775650200591,(-0.032715449337666666-0.03483928630782269j),2039.0368770545883,(-0.032715449337670253-0.034839286307823875j),2039.0368770545883
2550,2550,10.25499375,0.0076637064574248,(0.005175397114763992-0.05322529401015734j),2039.8368130597096,(0.005175397114766472-0.053225294010159324j),2039.8368130597098
2551,2551,10.25509375,0.0072320465639526,(-0.08408640951674577-0.01796811824371616j),2040.6367490648315,(-0.08408640951674907-0.017968118243719283j),2040.6367490648313
2552,2552,10.25519375,0.0092987039333077,(-0.1825516075279715+0.05828153561900567j),2041.4366850699523,(-0.18255160752797248+0.05828153561900348j),2041.4366850699525
2553,2553,10.25529375,0.008718709127924,(-0.07412932024998917+0.16245489638968386j),2042.236621075074,(-0.07412932024998986+0.1624548963896846j),2042.236621075074
2554,2554,10.25539375,0.0093646509954565,(-0.040481646396087576+0.007005265413597351j),2043.0365570801955,(-0.040481646396091114+0.0070052654136004006j),2043.0365570801955
2555,2555,10.25549375,0.0082650643410029,(-0.1112428649538405-0.020483797804466734j),2043.836493085317,(-0.11124286495383745-0.02048379780446695j),2043.836493085317
2556,2556,10.25559375,0.0071452298958335,(0.09766519185698315-0.10105513262603036j),2044.6364290904385,(0.09766519185698155-0.1010551326260284j),2044.6364290904385
2557,2557,10.25569375,0.0075101697545361,(0.07396106318175893-0.1169552242739476j),2045.43636509556,(0.07396106318176256-0.1169552242739455j),2045.43636509556
2558,2558,10.25579375,0.0044684242880386,(-0.015690311569312557-0.1123812959572997j),2046.2363011006812,(-0.015690311569311995-0.11238129595729905j),2046.2363011006814
2559,2559,10.25589375,0.0045399046429853,(-0.0052323268667707565+0.033606991130090906j),2047.036237105803,(-0.005232326866771634+0.03360699113009048j),2047.036237105803
2560,2560,10.25599375,0.0073370549794324,(0.08651317605943473-0.026298811845545982j),2047.8361731109244,(0.08651317605943203-0.026298811845543554j),2047.8361731109244
2561,2561,10.25609375,0.0078759582376331,(0.03690859446247167+0.005720597712875811j),2048.6361091160456,(0.03690859446247028+0.005720597712878139j),2048.6361091160456
2562,2562,10.25619375,0.0081586219974587,(0.06124382857842574-0.090631623657028j),2049.436045121168,(0.0612438285784252-0.09063162365702665j),2049.4360451211674
2563,2563,10.25629375,0.0088284349972873,(0.0008434964578192591-0.12350993076247307j),2050.2359811262886,(0.0008434964578201264-0.12350993076247384j),2050.2359811262886
2564,2564,10.25639375,0.0096994283181677,(0.09374768546912972-0.0505961729262094j),2051.0359171314103,(0.0937476854691303-0.05059617292621045j),2051.0359171314103
2565,2565,10.25649375,0.0082170541482635,(-0.1502459045073144+0.15219808902170107j),2051.835853136532,(-0.150245904507316+0.15219808902170154j),2051.8358531365316
2566,2566,10.25659375,0.0073772079981856,(-0.039854613736517455-0.10475736747918114j),2052.635789141653,(-0.0398546137365198-0.10475736747918724j),2052.635789141653
2567,2567,10.25669375,0.0092038797223491,(-0.04343830524025652+0.06560159120603008j),2053.4357251467745,(-0.04343830524025348+0.06560159120602631j),2053.4357251467745
2568,2568,10.25679375,0.006798117031549,(-0.2384473361649085+0.19198325120283377j),2054.235661151896,(-0.238447336164906+0.19198325120283058j),2054.235661151896
2569,2569,10.25689375,0.0083243030231334,(0.11260305775736906+0.015916035969629223j),2055.035597157017,(0.11260305775737105+0.015916035969631703j),2055.0355971570175
2570,2570,10.25699375,0.0070118791549687,(0.05782077796854017+0.11852529533491302j),2055.8355331621387,(0.05782077796853719+0.11852529533491195j),2055.8355331621387
2571,2571,10.25709375,0.0081974519218852,(-0.0645741184870326+0.14380512321811662j),2056.6354691672605,(-0.06457411848702843+0.14380512321811353j),2056.6354691672605
2572,2572,10.25719375,0.0084103606737676,(0.014793258123053432+0.13272219066222243j),2057.4354051723817,(0.014793258123053883+0.13272219066222288j),2057.4354051723817
2573,2573,10.25729375,0.0072637932343134,(-0.15125448145281795-0.12773524185628898j),2058.2353411775034,(-0.15125448145281303-0.12773524185629007j),2058.2353411775034
2574,2574,10.25739375,0.0072464147348567,(0.03773980554894178+0.12876918776252066j),2059.0352771826247,(0.03773980554894069+0.1287691877625206j),2059.0352771826247
2575,2575,10.25749375,0.0060719833712218,(0.20123387665211345+0.15555982807489255j),2059.835213187746,(0.2012338766521143+0.15555982807489116j),2059.835213187746
2576,2576,10.25759375,0.0074549075335864,(-0.02884887809346766+0.1966170820490527j),2060.635149192868,(-0.028848878093464828+0.19661708204905443j),2060.6351491928676
2577,2577,10.25769375,0.0063545330803857,(-0.15561385817456566+0.04124492067279083j),2061.435085197989,(-0.1556138581745595+0.04124492067278708j),2061.435085197989
2578,2578,10.25779375,0.0055452745579695,(0.05532138491833092+0.003131744761315877j),2062.2350212031106,(0.05532138491833017+0.0031317447613132855j),2062.2350212031106
2579,2579,10.25789375,0.0055650746859067,(-0.08727558957232413-0.050847972897553544j),2063.034957208232,(-0.08727558957232322-0.050847972897554765j),2063.034957208232
2580,2580,10.25799375,0.0056530372640944,(0.04297736088413286-0.11910397862506815j),2063.8348932133536,(0.04297736088413457-0.11910397862506475j),2063.8348932133536
2581,2581,10.25809375,0.0067146763444689,(0.07604361671414764+0.24969021951312606j),2064.634829218475,(0.076043616714146+0.2496902195131261j),2064.634829218475
2582,2582,10.25819375,0.0073102896663509,(-0.1460070605718458+0.00936780080029749j),2065.434765223596,(-0.14600706057184454+0.009367800800299919j),2065.434765223596
2583,2583,10.25829375,0.0058602554466965,(-0.07259761938596106+0.027484536497207515j),2066.2347012287178,(-0.07259761938596149+0.027484536497210017j),2066.2347012287178
2584,2584,10.25839375,0.0061808254905276,(0.0895658753702179-0.2140593466205004j),2067.034637233839,(0.08956587537021785-0.21405934662050222j),2067.034637233839
2585,2585,10.25849375,0.0058030836120689,(0.2484408610078524-0.024368846319841875j),2067.8345732389607,(0.24844086100785331-0.02436884631983805j),2067.8345732389607
2586,2586,10.25859375,0.0045615547859845,(0.03324059480197892+0.20969666563606348j),2068.634509244082,(0.03324059480197749+0.2096966656360656j),2068.634509244082
2587,2587,10.25869375,0.0038923459309886,(0.09502235215098917+0.15850081130212668j),2069.434445249204,(0.09502235215098584+0.15850081130212768j),2069.4344452492037
2588,2588,10.25879375,0.0045909551345237,(0.048497812897296+0.12396788632983435j),2070.234381254325,(0.04849781289729588+0.123967886329833j),2070.234381254325
2589,2589,10.25889375,0.0041396083743779,(0.05290644667426998+0.2894871900801327j),2071.0343172594467,(0.05290644667427376+0.2894871900801351j),2071.0343172594467
2590,2590,10.25899375,0.0026024315272194,(-0.09392926854320414-0.004882536260605277j),2071.834253264568,(-0.09392926854320074-0.004882536260609492j),2071.834253264568
2591,2591,10.25909375,0.0024762661896596,(0.13629355794011971+0.032486890430975905j),2072.634189269689,(0.13629355794011805+0.0324868904309768j),2072.634189269689
2592,2592,10.25919375,0.0037496013606665,(-0.12210566680695156+0.13541518152360746j),2073.434125274811,(-0.12210566680695079+0.13541518152360582j),2073.434125274811
2593,2593,10.25929375,0.0034560286135295,(-2.8993183289558605e-06-0.029164199199960848j),2074.234061279932,(-2.8993183325189825e-06-0.02916419919996034j),2074.234061279932
2594,2594,10.25939375,0.0031025057361077,(-0.08673015818676011-0.1199075025865156j),2075.033997285054,(-0.0867301581867595-0.11990750258651688j),2075.033997285054
2595,2595,10.25949375,0.0043856922263998,(0.166123535998527-0.2138427838939696j),2075.833933290175,(0.16612353599852958-0.21384278389396896j),2075.833933290175
2596,2596,10.25959375,0.0041964657677839,(0.2890575022640002+0.04319984954549605j),2076.633869295297,(0.2890575022639978+0.043199849545495286j),2076.633869295297
2597,2597,10.25969375,0.0033748353478412,(0.2635723595844112+0.04814035083423454j),2077.433805300418,(0.26357235958441205+0.04814035083423632j),2077.433805300418
2598,2598,10.25979375,0.0033288091309599,(0.023142235466801456+0.21182554659101183j),2078.23374130554,(0.02314223546679977+0.21182554659100572j),2078.2337413055398
2599,2599,10.25989375,0.0023017396757643,(0.07624019113920522+0.08977902682368791j),2079.033677310661,(0.07624019113920451+0.08977902682368998j),2079.033677310661
2600,2600,10.25999375,0.0011667998173972,(-0.12049275633580869-0.020813069251511412j),2079.8336133157823,(-0.12049275633580603-0.02081306925151069j),2079.8336133157823
2601,2601,10.26009375,0.0018232437183527,(-0.1168361854811232-0.01064832740040951j),2080.633549320904,(-0.11683618548112182-0.01064832740041112j),2080.633549320904
2602,2602,10.26019375,0.0013772431911295,(0.02219662218327303-0.008274957831998293j),2081.433485326025,(0.02219662218327283-0.008274957832001556j),2081.433485326025
2603,2603,10.26029375,0.0008116374083127,(-0.2418292550786923+0.013269882054076206j),2082.233421331147,(-0.2418292550786922+0.013269882054073553j),2082.233421331147
2604,2604,10.26039375,0.0023884982562425,(-0.01267025538674442-0.02100195593264795j),2083.033357336268,(-0.012670255386742817-0.021001955932647177j),2083.033357336268
2605,2605,10.26049375,0.0028715920685558,(-0.21797895975278167+0.11959983252573439j),2083.83329334139,(-0.21797895975278375+0.11959983252573034j),2083.83329334139
2606,2606,10.26059375,0.0038717781784161,(-0.11461928660105265-0.1711940013538992j),2084.633229346511,(-0.11461928660105605-0.1711940013538969j),2084.633229346511
2607,2607,10.26069375,0.0039213461254684,(-0.16432828245284575-0.04673889935801676j),2085.433165351633,(-0.1643282824528472-0.04673889935801614j),2085.433165351633
2608,2608,10.26079375,0.0031169015713171,(0.13072361268554647+0.12351927325545117j),2086.233101356754,(0.13072361268554528+0.12351927325545242j),2086.233101356754
2609,2609,10.26089375,0.0033855789784554,(-0.012074003116460862+0.08851087561412212j),2087.033037361876,(-0.012074003116461483+0.0885108756141217j),2087.0330373618754
2610,2610,10.26099375,0.0022867154128203,(-0.10636825235770475+0.13918017354529755j),2087.832973366997,(-0.10636825235770617+0.139180173545301j),2087.832973366997
2611,2611,10.26109375,0.0040351497419239,(-0.0076619102789788895-0.04042896464022026j),2088.6329093721183,(-0.007661910278983277-0.04042896464022521j),2088.6329093721183
2612,2612,10.26119375,0.0036854514427559,(0.07359753092078575+0.32180527825160976j),2089.43284537724,(0.07359753092078242+0.3218052782516057j),2089.43284537724
2613,2613,10.26129375,0.0037552433675924,(-0.1937132898589809-0.014002111560203256j),2090.2327813823613,(-0.19371328985897804-0.014002111560203492j),2090.2327813823613
2614,2614,10.26139375,0.0068519472521496,(0.02809290899097732-0.09261366703498185j),2091.032717387483,(0.028092908990977584-0.09261366703498362j),2091.032717387483
2615,2615,10.26149375,0.0054488106728445,(-0.042044509521028506+0.04366570341347717j),2091.832653392604,(-0.042044509521026105+0.04366570341347859j),2091.8326533926042
2616,2616,10.26159375,0.0052375429474589,(-0.37407480736656895-0.14349381396635147j),2092.632589397726,(-0.37407480736656623-0.1434938139663522j),2092.632589397726
2617,2617,10.26169375,0.0055155147973079,(-0.21090379217369074-0.10183995908482361j),2093.432525402847,(-0.21090379217368865-0.10183995908481797j),2093.432525402847
2618,2618,10.26179375,0.0039143471508794,(-0.0269055347312413-0.2662204815337602j),2094.2324614079685,(-0.02690553473123515-0.2662204815337565j),2094.2324614079685
2619,2619,10.26189375,0.0052730539624376,(0.07603371853169828-0.07522434857087948j),2095.03239741309,(0.0760337185316962-0.07522434857088048j),2095.03239741309
2620,2620,10.26199375,0.0032053961474256,(0.136876984449563-0.03882733336624622j),2095.8323334182114,(0.1368769844495638-0.03882733336624827j),2095.8323334182114
2621,2621,10.26209375,0.0022401459271354,(0.16987225377297865-0.0438881792822849j),2096.632269423333,(0.16987225377297724-0.043888179282290635j),2096.632269423333
2622,2622,10.26219375,0.0042091880199351,(0.09780199979076185+0.05283138827477095j),2097.4322054284544,(0.09780199979076155+0.052831388274766314j),2097.4322054284544
2623,2623,10.26229375,0.0036776972284173,(-0.05283245883559303-0.13919049522756333j),2098.232141433576,(-0.05283245883559489-0.13919049522756788j),2098.232141433576
2624,2624,10.26239375,0.0059636368391858,(0.1266787957110921+0.13505957265969898j),2099.0320774386973,(0.12667879571109297+0.1350595726596983j),2099.0320774386973
2625,2625,10.26249375,0.0063533836366305,(0.22252777495845638+0.15039771337315658j),2099.832013443819,(0.22252777495844972+0.15039771337315536j),2099.832013443819
2626,2626,10.26259375,0.0076853464345779,(-0.022801123867083134+0.1384160627544198j),2100.6319494489403,(-0.02280112386708727+0.13841606275441745j),2100.6319494489403
2627,2627,10.26269375,0.008380991582221,(0.0642246102941114+0.0030260683293225864j),2101.4318854540616,(0.06422461029411197+0.003026068329323962j),2101.4318854540616
2628,2628,10.26279375,0.0069380086322594,(0.027720774497501828-0.14984336057443198j),2102.2318214591837,(0.027720774497500343-0.14984336057443562j),2102.2318214591833
2629,2629,10.26289375,0.0083350908062012,(0.13255650831981403+0.13777894865265275j),2103.0317574643045,(0.13255650831981242+0.13777894865265233j),2103.0317574643045
2630,2630,10.26299375,0.008377421084065,(-0.036053134960794125+0.07603778000142546j),2103.831693469426,(-0.036053134960797706+0.07603778000142765j),2103.831693469426
2631,2631,10.26309375,0.0070178894198425,(0.16667799682702739+0.22167117979282977j),2104.6316294745475,(0.16667799682702628+0.22167117979283096j),2104.6316294745475
2632,2632,10.26319375,0.0074009767248173,(-0.056470902504350336+0.17555428391508177j),2105.431565479669,(-0.05647090250434794+0.17555428391507732j),2105.431565479669
2633,2633,10.26329375,0.0053973119175347,(-0.12101244284557122+0.3245854103503324j),2106.2315014847904,(-0.12101244284556961+0.32458541035033117j),2106.2315014847904
2634,2634,10.26339375,0.0055215566913657,(-0.2664379962265161+0.17073026690355356j),2107.031437489912,(-0.26643799622651493+0.1707302669035505j),2107.031437489912
2635,2635,10.26349375,0.0057110722338741,(-0.16120401902859516-0.17210577181875392j),2107.8313734950334,(-0.16120401902859127-0.17210577181875092j),2107.8313734950334
2636,2636,10.26359375,0.0051129288750669,(-0.13276625197945569+0.02910079211287648j),2108.6313095001547,(-0.13276625197945194+0.029100792112880254j),2108.6313095001547
2637,2637,10.26369375,0.0077216982631865,(-0.04726636014910355-0.058755664606511375j),2109.4312455052764,(-0.04726636014909977-0.058755664606508565j),2109.4312455052764
2638,2638,10.26379375,0.0065590094713279,(0.14526524158148896+0.05390355155843801j),2110.2311815103976,(0.1452652415814954+0.053903551558435014j),2110.2311815103976
2639,2639,10.26389375,0.0076752692294976,(-0.06484787649080054+0.1656637442220626j),2111.03111751552,(-0.06484787649079773+0.16566374422206043j),2111.0311175155193
2640,2640,10.26399375,0.0079829516108974,(-0.1226285946296776-0.1258304083787977j),2111.8310535206406,(-0.12262859462967854-0.125830408378796j),2111.8310535206406
2641,2641,10.26409375,0.007990603979026,(-0.11290527049966224-0.40262542356473213j),2112.6309895257623,(-0.11290527049966481-0.4026254235647297j),2112.6309895257623
2642,2642,10.26419375,0.0096637975448598,(0.01604650762930286-0.32666794074308364j),2113.4309255308835,(0.016046507629302376-0.32666794074308425j),2113.4309255308835
2643,2643,10.26429375,0.0059902556748278,(0.1936739969014906-0.10236119116771134j),2114.230861536005,(0.19367399690149018-0.10236119116770778j),2114.2308615360052
2644,2644,10.26439375,0.0073827898410452,(0.12329001576828273-0.2290597941200404j),2115.0307975411265,(0.12329001576828298-0.22905979412004035j),2115.0307975411265
2645,2645,10.26449375,0.006471591476487,(0.11330513378203001-0.04658250348193133j),2115.830733546248,(0.11330513378203128-0.04658250348193142j),2115.8307335462478
2646,2646,10.26459375,0.0079921586964271,(-0.019529326271600967-0.14686770366781643j),2116.630669551369,(-0.019529326271600093-0.14686770366781698j),2116.6306695513695
2647,2647,10.26469375,0.0074912486635676,(0.2132756793525745+0.09417328824165559j),2117.4306055564907,(0.21327567935257413+0.09417328824165662j),2117.4306055564907
2648,2648,10.26479375,0.0070091630120011,(0.15197800664883004+0.09650382157480639j),2118.2305415616124,(0.151978006648831+0.09650382157480655j),2118.2305415616124
2649,2649,10.26489375,0.0070468232706242,(-0.05205552581687322+0.18674866162966514j),2119.0304775667337,(-0.05205552581687556+0.18674866162966577j),2119.0304775667337
2650,2650,10.26499375,0.0078420638443367,(0.07530090988007758+0.08201045260450796j),2119.8304135718554,(0.07530090988007958+0.08201045260450769j),2119.8304135718554
2651,2651,10.26509375,0.0103160032391673,(0.10564408325110661+0.03153441316190014j),2120.6303495769766,(0.10564408325110802+0.03153441316190224j),2120.6303495769766
2652,2652,10.26519375,0.0087742940236002,(-0.019430162157112185+0.11647080699160156j),2121.430285582098,(-0.01943016215711122+0.11647080699160699j),2121.430285582098
2653,2653,10.26529375,0.0082574630473167,(-0.030021027147085357-0.13760942162719642j),2122.23022158722,(-0.030021027147086026-0.13760942162719753j),2122.2302215872196
2654,2654,10.26539375,0.0087724049279435,(0.0940822989301199+0.19155957045042454j),2123.030157592341,(0.09408229893012056+0.19155957045042263j),2123.030157592341
2655,2655,10.26549375,0.0073361571216022,(-0.12370812492449942+0.07970727123407398j),2123.8300935974626,(-0.1237081249244963+0.07970727123407545j),2123.8300935974626
2656,2656,10.26559375,0.0077185019637015,(-0.10354777915911981+0.14367295433608224j),2124.630029602584,(-0.10354777915911756+0.14367295433608393j),2124.630029602584
2657,2657,10.26569375,0.0078352212585959,(0.0012876144773878023+0.03212265162589942j),2125.429965607705,(0.0012876144773873062+0.032122651625898654j),2125.4299656077055
2658,2658,10.26579375,0.0085706118039978,(-0.14440407524245788-0.07257019655335942j),2126.229901612827,(-0.14440407524245966-0.07257019655336164j),2126.229901612827
2659,2659,10.26589375,0.006346030693544,(-0.03658287260257534-0.041697043725802366j),2127.0298376179485,(-0.036582872602576956-0.041697043725804045j),2127.0298376179485
2660,2660,10.26599375,0.0077240639474377,(0.02522987570330759-0.11719254882454773j),2127.8297736230697,(0.025229875703309472-0.11719254882454846j),2127.8297736230697
2661,2661,10.26609375,0.0074634966662141,(-0.07541195369539157+0.0012257735356936486j),2128.629709628191,(-0.07541195369538907+0.00122577353569394j),2128.629709628191
2662,2662,10.26619375,0.0052889768055665,(0.0005624709043193944-0.005105603292969068j),2129.4296456333127,(0.0005624709043224613-0.005105603292965427j),2129.4296456333127
2663,2663,10.26629375,0.0054966554787834,(-0.16041648853513557+0.11616249667638981j),2130.229581638434,(-0.16041648853513385+0.11616249667638925j),2130.229581638434
2664,2664,10.26639375,0.0052896278165668,(0.09418153243539432-0.12370231841145923j),2131.029517643556,(0.09418153243539105-0.12370231841145793j),2131.0295176435557
2665,2665,10.26649375,0.0031179553328822,(0.012734154020677964-0.13558116836901477j),2131.829453648677,(0.012734154020682516-0.13558116836901676j),2131.829453648677
2666,2666,10.26659375,0.0030323659907482,(-0.02979038368384956-0.20309802731783372j),2132.6293896537986,(-0.029790383683847517-0.2030980273178337j),2132.6293896537986
2667,2667,10.26669375,0.0058927552156165,(-0.10654089800764778-0.016470394994922727j),2133.42932565892,(-0.10654089800764975-0.016470394994919424j),2133.42932565892
2668,2668,10.26679375,0.0052916324597097,(0.03261699996962154+0.019824685715688108j),2134.2292616640416,(0.03261699996962178+0.019824685715689315j),2134.2292616640416
2669,2669,10.26689375,0.0076703231806607,(0.15048927885490507+0.14783399707188496j),2135.029197669163,(0.15048927885490831+0.14783399707188566j),2135.029197669163
2670,2670,10.26699375,0.0074750361401415,(-0.06453899512598735+0.07433830293324717j),2135.829133674284,(-0.0645389951259843+0.07433830293324925j),2135.829133674284
2671,2671,10.26709375,0.006389276907448,(-0.05179463762304524-0.10915765197561127j),2136.629069679406,(-0.05179463762304279-0.10915765197560809j),2136.629069679406
2672,2672,10.26719375,0.0045879732123605,(0.030566919066861136+0.04232674342060619j),2137.429005684527,(0.030566919066861688+0.042326743420608j),2137.429005684527
2673,2673,10.26729375,0.00373742824198,(0.10060736408081238+0.09545610414450773j),2138.2289416896488,(0.1006073640808071+0.09545610414450466j),2138.2289416896488
2674,2674,10.26739375,0.0023064237010728,(0.00799494265794529+0.006793302441202903j),2139.02887769477,(0.007994942657943569+0.006793302441200419j),2139.02887769477
2675,2675,10.26749375,0.0014506952074252,(0.010281942244817564+0.06136909561920117j),2139.828813699892,(0.010281942244807444+0.061369095619200724j),2139.8288136998917
2676,2676,10.26759375,0.0026063842400996,(0.11024681365193008-0.1402676316382531j),2140.628749705013,(0.11024681365193092-0.14026763163825462j),2140.628749705013
2677,2677,10.26769375,0.0032619000352717,(0.11851502617174724-0.13205761573954586j),2141.4286857101347,(0.11851502617174864-0.13205761573954547j),2141.4286857101347
2678,2678,10.26779375,0.0038770005789107,(0.026797097278533202+0.03613524360068949j),2142.228621715256,(0.026797097278532585+0.03613524360069388j),2142.228621715256
2679,2679,10.26789375,0.0044077024668347,(0.018943010057044858+0.07827349615709003j),2143.028557720377,(0.018943010057044237+0.07827349615709321j),2143.028557720377
2680,2680,10.26799375,0.0045491407665171,(-0.3593530894978092+0.14421325232418405j),2143.828493725499,(-0.35935308949780875+0.1442132523241853j),2143.828493725499
2681,2681,10.26809375,0.0055725559905611,(-0.12428137267757683-0.20893483676276298j),2144.62842973062,(-0.12428137267757774-0.20893483676276425j),2144.62842973062
2682,2682,10.26819375,0.0034544254725337,(0.030188234087800258-0.011930059558781611j),2145.428365735742,(0.03018823408780165-0.011930059558781961j),2145.428365735742
2683,2683,10.26829375,0.0039226472646537,(-0.04877342910808877-0.020286965738026096j),2146.228301740863,(-0.04877342910808896-0.02028696573802829j),2146.228301740863
2684,2684,10.26839375,0.002596543820539,(0.12669520418734337-0.015526332814834745j),2147.028237745985,(0.12669520418734315-0.015526332814831942j),2147.028237745985
2685,2685,10.26849375,0.0013446276170952,(0.09153420757466946-0.09964975310576943j),2147.828173751106,(0.09153420757467257-0.09964975310577079j),2147.828173751106
2686,2686,10.26859375,0.0010738432474751,(0.23501587005715913+0.20520882745451724j),2148.628109756228,(0.2350158700571594+0.20520882745451655j),2148.628109756228
2687,2687,10.26869375,-0.0002154210192302,(-0.15464164696555643-0.17141659094774533j),2149.428045761349,(-0.15464164696555477-0.1714165909477479j),2149.428045761349
2688,2688,10.26879375,0.0025944045560335,(0.008307106059820808+0.14375884820175333j),2150.2279817664703,(0.008307106059820407+0.14375884820175855j),2150.2279817664703
2689,2689,10.26889375,0.0024495422702369,(-0.06854625742632506-0.06674481314137654j),2151.027917771592,(-0.06854625742632887-0.06674481314137656j),2151.027917771592
2690,2690,10.26899375,0.0031979738066253,(0.007527172228746042+0.12480429477936045j),2151.8278537767133,(0.0075271722287468465+0.12480429477936157j),2151.8278537767133
2691,2691,10.26909375,0.0052999808627204,(-0.10202835336852964-0.07258753009988038j),2152.627789781835,(-0.10202835336852568-0.07258753009988275j),2152.627789781835
2692,2692,10.26919375,0.0040433100152577,(0.029341201220947286+0.1620796582945785j),2153.427725786956,(0.02934120122094523+0.16207965829457818j),2153.427725786956
2693,2693,10.26929375,0.0058637729463089,(-0.04762048609322682-0.09171096516580468j),2154.227661792078,(-0.047620486093225216-0.09171096516580411j),2154.227661792078
2694,2694,10.26939375,0.005834789295022,(0.13232539322608805-0.04341844993903439j),2155.027597797199,(0.13232539322608997-0.04341844993903356j),2155.027597797199
2695,2695,10.26949375,0.0046557583564044,(0.12663460384047728+0.13271776193263865j),2155.827533802321,(0.12663460384047576+0.13271776193263773j),2155.827533802321
2696,2696,10.26959375,0.0038265445451356,(-0.06446038816212851-0.01733471192341398j),2156.627469807442,(-0.06446038816213176-0.01733471192341676j),2156.627469807442
2697,2697,10.26969375,0.0016829079242976,(0.08829361207044048+0.07810128517333925j),2157.4274058125634,(0.08829361207044145+0.07810128517333878j),2157.4274058125634
2698,2698,10.26979375,0.0030061476208345,(-0.029058098465792867-0.20714286782610314j),2158.227341817685,(-0.029058098465795823-0.20714286782610108j),2158.227341817685
2699,2699,10.26989375,0.0013514927082534,(0.0391235926214146-0.1945164775169934j),2159.0272778228064,(0.039123592621415196-0.19451647751698997j),2159.0272778228064
2700,2700,10.26999375,0.0022215579264569,(0.12558865402953784+0.05201192967817629j),2159.827213827928,(0.12558865402954086+0.052011929678174064j),2159.827213827928
2701,2701,10.27009375,0.0035806583468878,(0.044624783799518786-0.11625600140402195j),2160.6271498330493,(0.04462478379951976-0.11625600140402279j),2160.6271498330493
2702,2702,10.27019375,0.0035992163795447,(-0.02789683570977039+0.1765756200400246j),2161.427085838171,(-0.02789683570977413+0.17657562004002783j),2161.427085838171
2703,2703,10.27029375,0.0060768617673507,(0.08978045799376162-0.00907374034958334j),2162.2270218432923,(0.08978045799376069-0.009073740349583878j),2162.2270218432923
2704,2704,10.27039375,0.0062619883931259,(0.015893279615708213+0.029310373991163065j),2163.026957848414,(0.015893279615711464+0.029310373991160807j),2163.026957848414
2705,2705,10.27049375,0.0078520999476909,(0.1800829392253975+0.17403861199774454j),2163.8268938535352,(0.18008293922539848+0.17403861199774695j),2163.8268938535352
2706,2706,10.27059375,0.0061334642138673,(0.03998144129945648-0.07774763780331696j),2164.6268298586565,(0.039981441299461205-0.07774763780332031j),2164.6268298586565
2707,2707,10.27069375,0.0058743182883047,(0.2874476697939733-0.16329707432132845j),2165.426765863778,(0.2874476697939735-0.1632970743213266j),2165.426765863778
2708,2708,10.27079375,0.0056492292266624,(0.0264098138585534+0.09854637788942548j),2166.2267018688995,(0.026409813858545645+0.09854637788942301j),2166.2267018688995
2709,2709,10.27089375,0.0046017276185143,(-0.06851467100734446+0.11661345923155769j),2167.026637874021,(-0.0685146710073467+0.11661345923156222j),2167.026637874021
2710,2710,10.27099375,0.0053584924223142,(-0.21575748396773212+0.0056414230867411885j),2167.8265738791424,(-0.21575748396773253+0.005641423086744831j),2167.8265738791424
2711,2711,10.27109375,0.0037278716883504,(0.12309986798207696-0.13426440104170734j),2168.626509884264,(0.12309986798207813-0.1342644010417067j),2168.626509884264
2712,2712,10.27119375,0.0050218122755632,(0.04782511462698735+0.07620200750588424j),2169.4264458893854,(0.04782511462698852+0.07620200750588274j),2169.4264458893854
2713,2713,10.27129375,0.0068265321986336,(-0.19317451629555915+0.30216540031284644j),2170.226381894507,(-0.1931745162955626+0.30216540031284805j),2170.226381894507
2714,2714,10.27139375,0.0066511052072585,(0.09109056732171132-0.17161591719284905j),2171.0263178996283,(0.09109056732171063-0.17161591719285113j),2171.0263178996283
2715,2715,10.27149375,0.006923486609228,(-0.02393002182568303+0.1356609480697295j),2171.8262539047496,(-0.023930021825681304+0.13566094806972642j),2171.8262539047496
2716,2716,10.27159375,0.0087861590246981,(0.08514551196586966+0.045947154242308524j),2172.6261899098718,(0.08514551196586706+0.04594715424231359j),2172.6261899098713
2717,2717,10.27169375,0.0082894776553033,(-0.010740872298591985-0.059147345181648825j),2173.426125914993,(-0.010740872298591922-0.05914734518164783j),2173.4261259149926
2718,2718,10.27179375,0.0076574518471414,(-0.12647475102990713+0.04879545931498053j),2174.2260619201143,(-0.1264747510299098+0.04879545931498355j),2174.2260619201143
2719,2719,10.27189375,0.0061008575494914,(0.04283111826007692+0.025562138244060645j),2175.0259979252355,(0.04283111826007335+0.025562138244062303j),2175.0259979252355
2720,2720,10.27199375,0.0076017023582035,(0.12208488848801671+0.08552017938204605j),2175.825933930357,(0.12208488848801873+0.08552017938204601j),2175.825933930357
2721,2721,10.27209375,0.006720199575913,(-0.15451720653201248+0.17404877702125607j),2176.6258699354785,(-0.1545172065320138+0.17404877702125393j),2176.6258699354785
2722,2722,10.27219375,0.0064733259741243,(0.012993962974065465-0.12032992002214557j),2177.4258059406,(0.012993962974064625-0.12032992002214689j),2177.4258059405997
2723,2723,10.27229375,0.0070562027973316,(0.019356188917940872+0.15277256956344515j),2178.225741945721,(0.019356188917941337+0.15277256956344637j),2178.2257419457214
2724,2724,10.27239375,0.0067871890370295,(0.07513282323711298-0.024281970419681095j),2179.0256779508427,(0.07513282323711287-0.024281970419679683j),2179.0256779508427
2725,2725,10.27249375,0.0078027927044319,(-0.22150233760047128-0.025982913255022565j),2179.8256139559644,(-0.2215023376004756-0.025982913255026333j),2179.8256139559644
2726,2726,10.27259375,0.0073436136952342,(0.040430645484726066-0.13980128114878934j),2180.6255499610857,(0.0404306454847255-0.13980128114878967j),2180.6255499610857
2727,2727,10.27269375,0.0097751081291857,(0.22442908593206962+0.03146433695816881j),2181.425485966208,(0.22442908593206937+0.031464336958166826j),2181.4254859662074
2728,2728,10.27279375,0.0074519306775149,(-0.027027528925338704+0.15592164002542508j),2182.2254219713286,(-0.0270275289253364+0.15592164002541892j),2182.2254219713286
2729,2729,10.27289375,0.0086184205361645,(-0.28978091737758216+0.16647968848854422j),2183.0253579764503,(-0.2897809173775784+0.166479688488538j),2183.0253579764503
2730,2730,10.27299375,0.0073268347276834,(-0.21506407919961806-0.14589929314326783j),2183.825293981572,(-0.21506407919961662-0.14589929314326522j),2183.8252939815716
2731,2731,10.27309375,0.007001706469111,(0.05653841547762354-0.048681216103532834j),2184.625229986693,(0.05653841547762161-0.048681216103533466j),2184.625229986693
2732,2732,10.27319375,0.0088135037473066,(-0.011404425753420669+0.10847993028912499j),2185.4251659918145,(-0.011404425753419399+0.10847993028912933j),2185.4251659918145
2733,2733,10.27329375,0.0072942643391487,(0.03557642010756718+0.19762133802680057j),2186.225101996936,(0.03557642010756739+0.19762133802679732j),2186.225101996936
2734,2734,10.27339375,0.0083567793358364,(-0.06468441248108289+0.10883416929241359j),2187.025038002057,(-0.0646844124810817+0.10883416929241112j),2187.0250380020575
2735,2735,10.27349375,0.0090392740795083,(-0.11266757177558155-0.0070873281762406995j),2187.8249740071788,(-0.11266757177558247-0.0070873281762387705j),2187.8249740071788
2736,2736,10.27359375,0.0092839500845155,(-0.1336463620174922-0.05766279792423623j),2188.6249100123005,(-0.13364636201749197-0.05766279792423837j),2188.6249100123005
2737,2737,10.27369375,0.0103004226196426,(0.0523765880775537-0.08449092158376308j),2189.4248460174217,(0.05237658807755498-0.08449092158375818j),2189.4248460174217
2738,2738,10.27379375,0.0072934942480425,(0.08785198855668779-0.08451553070336468j),2190.2247820225434,(0.08785198855668963-0.08451553070336268j),2190.2247820225434
2739,2739,10.27389375,0.0081658628768985,(-0.052165713719512154+0.03315992868569053j),2191.0247180276647,(-0.05216571371951171+0.03315992868568978j),2191.0247180276647
2740,2740,10.27399375,0.0079805644861288,(0.024726947577720135-0.0684883042128915j),2191.824654032786,(0.024726947577717977-0.06848830421288778j),2191.824654032786
2741,2741,10.27409375,0.0046966432223424,(-0.03262404036256687-0.09102513973577317j),2192.624590037908,(-0.03262404036256843-0.09102513973577146j),2192.6245900379076
2742,2742,10.27419375,0.0064775578245521,(0.12415077057147292+0.023633432108983804j),2193.424526043029,(0.12415077057147231+0.023633432108985126j),2193.424526043029
2743,2743,10.27429375,0.0067934077275778,(0.014952510675807528+0.03758395048291081j),2194.2244620481506,(0.014952510675810007+0.0375839504829117j),2194.2244620481506
2744,2744,10.27439375,0.0081683241539534,(-0.056471000494075434+0.15268318222187072j),2195.024398053272,(-0.05647100049407326+0.15268318222186844j),2195.024398053272
2745,2745,10.27449375,0.0090407273684787,(-0.04942869076189169-0.12874450413232497j),2195.8243340583936,(-0.049428690761892054-0.12874450413232477j),2195.8243340583936
2746,2746,10.27459375,0.0060242302839418,(0.32701050919347974+0.019387824740584564j),2196.624270063515,(0.3270105091934813+0.019387824740589615j),2196.624270063515
2747,2747,10.27469375,0.0074353412592027,(-0.04774428720425546+0.18743048229530523j),2197.4242060686365,(-0.047744287204258926+0.18743048229530695j),2197.4242060686365
2748,2748,10.27479375,0.0068857502356893,(0.32068112179744035+0.046966004629889396j),2198.224142073758,(0.3206811217974423+0.04696600462988727j),2198.224142073758
2749,2749,10.27489375,0.0025797068983125,(-0.15646460678038399+0.20279327239364706j),2199.024078078879,(-0.15646460678038301+0.20279327239364733j),2199.024078078879
2750,2750,10.27499375,0.0054110368548824,(-0.1092807639242555+0.0885324071623659j),2199.8240140840007,(-0.10928076392425373+0.08853240716236688j),2199.8240140840007
2751,2751,10.27509375,0.0044219929748466,(-0.14197324244831638-0.11825225786910452j),2200.623950089122,(-0.1419732424483122-0.11825225786910254j),2200.623950089122
2752,2752,10.27519375,0.0056952461628276,(0.045375785065669465-0.011514725240891761j),2201.423886094244,(0.045375785065668924-0.011514725240891099j),2201.4238860942437
2753,2753,10.27529375,0.0055378046318875,(-0.18821514459433397-0.07711846416633464j),2202.223822099365,(-0.1882151445943354-0.07711846416633385j),2202.223822099365
2754,2754,10.27539375,0.0037455384513654,(0.10213004214401468+0.15044928250867567j),2203.0237581044867,(0.1021300421440176+0.15044928250867431j),2203.0237581044867
2755,2755,10.27549375,0.0056047527070821,(-0.014372212765250997-0.17443941163401877j),2203.823694109608,(-0.014372212765252329-0.17443941163402024j),2203.823694109608
2756,2756,10.27559375,0.0039839781264572,(0.04220131652152917-0.09115004762065902j),2204.6236301147296,(0.04220131652153101-0.09115004762065979j),2204.6236301147296
2757,2757,10.27569375,0.0038805551110492,(0.0384614254243861+0.06660175464719521j),2205.423566119851,(0.038461425424384126+0.0666017546471972j),2205.423566119851
2758,2758,10.27579375,0.0047830201138315,(-0.13289817739901277-0.017984228144316303j),2206.223502124972,(-0.13289817739900917-0.01798422814431226j),2206.223502124972
2759,2759,10.27589375,0.0019576288624508,(0.1305585829390778-0.22998871700951876j),2207.023438130094,(0.13055858293907857-0.2299887170095184j),2207.023438130094
2760,2760,10.27599375,0.0023132324979938,(0.02729362100569626+0.09812275249919226j),2207.823374135215,(0.027293621005692624+0.09812275249919089j),2207.823374135215
2761,2761,10.27609375,0.0021217912734867,(0.10413057465176428-0.14713717644803445j),2208.623310140337,(0.10413057465176773-0.1471371764480309j),2208.623310140337
2762,2762,10.27619375,0.0017163981486874,(-0.061727824134471816-0.05648067793093025j),2209.423246145458,(-0.061727824134473586-0.05648067793092975j),2209.423246145458
2763,2763,10.27629375,0.0051083636534777,(0.04462228609702638+0.052061100197482765j),2210.22318215058,(0.04462228609702837+0.05206110019748002j),2210.2231821505798
2764,2764,10.27639375,0.0034323594800102,(0.050193344312414075-0.05891728579736526j),2211.023118155701,(0.050193344312415-0.0589172857973647j),2211.023118155701
2765,2765,10.27649375,0.0059937944966979,(-0.10888544137679704-0.12685349869926107j),2211.8230541608227,(-0.10888544137679448-0.12685349869925908j),2211.8230541608227
2766,2766,10.27659375,0.0032311601378698,(0.12481485265904727+0.031089177030537193j),2212.622990165944,(0.1248148526590483+0.031089177030535993j),2212.622990165944
2767,2767,10.27669375,0.0019370087627446,(-0.09827852163238313+0.08784148604701275j),2213.422926171065,(-0.09827852163238324+0.08784148604701407j),2213.4229261710652
2768,2768,10.27679375,0.0029161242253104,(-0.06219477754332931-0.04266066917675976j),2214.222862176187,(-0.06219477754332696-0.04266066917676221j),2214.222862176187
2769,2769,10.27689375,-1.5201208473599876e-05,(0.18553073894761948-0.07766236721255712j),2215.022798181308,(0.1855307389476204-0.0776623672125553j),2215.022798181308
2770,2770,10.27699375,0.0008675646139897,(0.055629308241939075-0.003392345339338094j),2215.82273418643,(0.055629308241943384-0.003392345339336921j),2215.82273418643
2771,2771,10.27709375,0.0010460307236199,(0.13955813705850975+0.001992007476328758j),2216.622670191551,(0.13955813705851117+0.0019920074763306317j),2216.622670191551
2772,2772,10.27719375,0.0048574462706422,(-0.08135210718225971+0.16887442533370042j),2217.422606196673,(-0.08135210718225691+0.16887442533369867j),2217.422606196673
2773,2773,10.27729375,0.003096213043743,(-0.021208160525979923-0.053529086867783876j),2218.222542201794,(-0.021208160525983476-0.053529086867782925j),2218.222542201794
2774,2774,10.27739375,0.0014831038831405,(-0.02408928356856727-0.09960748208048383j),2219.022478206916,(-0.024089283568562103-0.09960748208048371j),2219.022478206916
2775,2775,10.27749375,0.0039502467117369,(0.17920451508744475+0.015731165010498944j),2219.822414212037,(0.17920451508744029+0.01573116501050252j),2219.822414212037
2776,2776,10.27759375,0.0056377416721434,(0.058032018218309306+0.11448931805825818j),2220.6223502171583,(0.05803201821830901+0.11448931805826112j),2220.6223502171583
2777,2777,10.27769375,0.0056519006863172,(-0.09393762139506062+0.2888307089866008j),2221.42228622228,(-0.09393762139506143+0.28883070898660057j),2221.42228622228
2778,2778,10.27779375,0.0032553326786064,(-0.15741634190231762+0.09465856301884495j),2222.2222222274013,(-0.15741634190231732+0.09465856301884723j),2222.2222222274013
2779,2779,10.27789375,0.0042709909131978,(-0.10033289172840877+0.029320397539460086j),2223.022158232523,(-0.1003328917284092+0.02932039753946364j),2223.022158232523
2780,2780,10.27799375,0.0037080268281556,(-0.07041022892654467-0.024836308822624647j),2223.8220942376443,(-0.07041022892654622-0.0248363088226274j),2223.8220942376443
2781,2781,10.27809375,0.0019584076252512,(0.05335845399548551+0.042783436475911624j),2224.622030242766,(0.05335845399548926+0.0427834364759134j),2224.622030242766
2782,2782,10.27819375,0.0031393443257262,(-0.0941982765235426+0.12658726300500625j),2225.421966247887,(-0.09419827652354432+0.1265872630050046j),2225.421966247887
2783,2783,10.27829375,0.0040509620664951,(0.012489437072818486-0.29641480622669314j),2226.221902253009,(0.01248943707281619-0.296414806226697j),2226.221902253009
2784,2784,10.27839375,0.0051586783879273,(0.23976895770546455+0.25339195731630204j),2227.02183825813,(0.2397689577054642+0.25339195731630326j),2227.02183825813
2785,2785,10.27849375,0.0047635975837222,(0.11115986435803657-0.06569213074026475j),2227.8217742632514,(0.11115986435803482-0.06569213074026509j),2227.8217742632514
2786,2786,10.27859375,0.0042986983731207,(-0.0885610746263566+0.15944744218767157j),2228.621710268373,(-0.08856107462636052+0.15944744218767046j),2228.621710268373
2787,2787,10.27869375,0.0058926888477667,(-0.07603599304823991+0.03169461288748571j),2229.4216462734944,(-0.07603599304823744+0.03169461288748325j),2229.4216462734944
2788,2788,10.27879375,0.0049393733168195,(-0.27118301103643305+0.008992166919173789j),2230.221582278616,(-0.27118301103643294+0.008992166919171457j),2230.221582278616
2789,2789,10.27889375,0.0056432880277422,(-0.18171484225650097-0.17095096322734987j),2231.0215182837374,(-0.1817148422565029-0.170950963227352j),2231.0215182837374
2790,2790,10.27899375,0.0057701140218263,(0.0844201139056865+0.08818290725378937j),2231.821454288859,(0.08442011390568732+0.08818290725378669j),2231.821454288859
2791,2791,10.27909375,0.0050611254808301,(-0.13238452817479587+0.036412487279414915j),2232.6213902939803,(-0.13238452817479532+0.036412487279415845j),2232.6213902939803
2792,2792,10.27919375,0.0066236616793333,(-0.19609711529836352-0.03918075481728415j),2233.4213262991016,(-0.19609711529836069-0.039180754817282545j),2233.4213262991016
2793,2793,10.27929375,0.004545861925591,(-0.07651781976024258-0.060006015560397134j),2234.2212623042237,(-0.07651781976023951-0.060006015560397225j),2234.2212623042233
2794,2794,10.27939375,0.0058460116801639,(-0.1859434116250002-0.12034670480471998j),2235.0211983093445,(-0.18594341162500017-0.12034670480472394j),2235.0211983093445
2795,2795,10.27949375,0.0077501404711441,(-0.12707626967898086-0.20827091089798178j),2235.8211343144662,(-0.1270762696789839-0.2082709108979847j),2235.8211343144662
2796,2796,10.27959375,0.0067115184817676,(0.1252034079027607+0.020636692661499235j),2236.6210703195875,(0.1252034079027639+0.0206366926614954j),2236.6210703195875
2797,2797,10.27969375,0.0080996295868617,(-0.06687908892098143-0.17139025300087998j),2237.421006324709,(-0.06687908892097724-0.17139025300087501j),2237.421006324709
2798,2798,10.27979375,0.0069879109809382,(0.1570875388331903-0.013014053200569323j),2238.2209423298305,(0.15708753883318938-0.01301405320056849j),2238.2209423298305
2799,2799,10.27989375,0.0074991875223584,(0.04182161458711835+0.1821915695498182j),2239.020878334952,(0.04182161458711851+0.18219156954981675j),2239.020878334952
2800,2800,10.27999375,0.0087208748401575,(0.012832072506595127+0.12009327040800474j),2239.8208143400734,(0.012832072506593656+0.12009327040800316j),2239.8208143400734
2801,2801,10.28009375,0.00728287950222,(-0.09133601924007446+0.035336158906700985j),2240.6207503451947,(-0.09133601924007706+0.0353361589067017j),2240.6207503451947
2802,2802,10.28019375,0.0076499856006284,(0.17154770918366438-0.01541054741726432j),2241.4206863503164,(0.17154770918366644-0.015410547417261855j),2241.4206863503164
2803,2803,10.28029375,0.0058347912559375,(-0.020584675654620486+0.006491852420283375j),2242.2206223554376,(-0.02058467565462348+0.006491852420284749j),2242.2206223554376
2804,2804,10.28039375,0.006565766735713,(0.07511821375641604-0.0416253919008372j),2243.02055836056,(0.07511821375641409-0.04162539190083419j),2243.0205583605593
2805,2805,10.28049375,0.0073684145994687,(-0.11701133222233229+0.12030036253036556j),2243.8204943656806,(-0.11701133222233366+0.12030036253036466j),2243.8204943656806
2806,2806,10.28059375,0.0058409513918917,(0.07218382095879426-0.17784671286987558j),2244.6204303708023,(0.07218382095879242-0.17784671286987394j),2244.6204303708023
2807,2807,10.28069375,0.0070758257012297,(-0.11588587678955779-0.0038413347345605184j),2245.4203663759235,(-0.11588587678955545-0.0038413347345603657j),2245.4203663759235
2808,2808,10.28079375,0.0083075599279164,(0.19886317545712517-0.05811349406432388j),2246.2203023810453,(0.19886317545712506-0.05811349406432412j),2246.2203023810453
2809,2809,10.28089375,0.008651780445937,(-0.06910832222919555-0.02346471057294154j),2247.0202383861665,(-0.06910832222919219-0.023464710572938783j),2247.0202383861665
2810,2810,10.28099375,0.0091301367491842,(0.08338675987716453+0.061189011374276056j),2247.820174391288,(0.0833867598771641+0.06118901137427579j),2247.8201743912878
2811,2811,10.28109375,0.006857560354502,(-0.09048531669526795-0.030270326297316293j),2248.620110396409,(-0.09048531669526688-0.030270326297317986j),2248.6201103964095
2812,2812,10.28119375,0.0094140828292992,(-0.010020937898268238-0.014392045768578356j),2249.4200464015307,(-0.010020937898264345-0.014392045768578172j),2249.4200464015307
2813,2813,10.28129375,0.0081654903706176,(-0.08905560288214058-0.029705202539437973j),2250.2199824066524,(-0.0890556028821374-0.02970520253944367j),2250.2199824066524
2814,2814,10.28139375,0.0063527066883106,(-0.13307004079253662-0.033059832596854154j),2251.0199184117737,(-0.13307004079253312-0.03305983259684897j),2251.0199184117737
2815,2815,10.28149375,0.0072895417785514,(-0.018789620696971224-0.2228169573468889j),2251.8198544168954,(-0.018789620696971335-0.22281695734688664j),2251.8198544168954
2816,2816,10.28159375,0.0065950064858842,(0.013254223897260652+0.003266033635553023j),2252.6197904220166,(0.01325422389725987+0.0032660336355544097j),2252.6197904220166
2817,2817,10.28169375,0.0075886583219808,(-0.06357872824474131-0.21535863347551593j),2253.4197264271384,(-0.06357872824473992-0.2153586334755202j),2253.4197264271384
2818,2818,10.28179375,0.0073229346911785,(0.10011293514351313+0.08358401502877817j),2254.21966243226,(0.10011293514351112+0.08358401502877483j),2254.2196624322596
2819,2819,10.28189375,0.0074224050099586,(0.03877787017260736-0.007664679655737378j),2255.019598437381,(0.03877787017260821-0.007664679655736849j),2255.019598437381
2820,2820,10.28199375,0.0094966467791828,(-0.012523594243257+0.07939624169052914j),2255.8195344425026,(-0.012523594243252768+0.07939624169052889j),2255.8195344425026
2821,2821,10.28209375,0.0082972243635883,(-0.1603892016107742-0.07384295778451869j),2256.619470447624,(-0.16038920161077558-0.07384295778451754j),2256.619470447624
2822,2822,10.28219375,0.0098041443761395,(0.005607312379249496-0.11071608606424113j),2257.419406452745,(0.0056073123792533385-0.11071608606423629j),2257.4194064527455
2823,2823,10.28229375,0.0085561731473641,(-0.002679500426193436+0.08362477309241657j),2258.219342457867,(-0.0026795004261931997+0.08362477309241338j),2258.219342457867
2824,2824,10.28239375,0.0070200559898896,(-0.036920358917012126+0.06060365700742473j),2259.0192784629885,(-0.03692035891700723+0.06060365700742841j),2259.0192784629885
2825,2825,10.28249375,0.0065888782140561,(-0.05597794620717984+0.09098461705256763j),2259.8192144681097,(-0.055977946207181016+0.0909846170525683j),2259.8192144681097
2826,2826,10.28259375,0.0057507868795991,(-0.08607375744683095-0.10603815580436439j),2260.6191504732315,(-0.08607375744682888-0.10603815580436562j),2260.6191504732315
2827,2827,10.28269375,0.0059432254483091,(0.06731966497834484+0.08106134649631906j),2261.4190864783527,(0.06731966497834191+0.08106134649631677j),2261.4190864783527
2828,2828,10.28279375,0.0056820195187913,(0.0033013076215344245+0.0825848040354442j),2262.219022483474,(0.0033013076215328493+0.08258480403544435j),2262.219022483474
2829,2829,10.28289375,0.0055822017391197,(-0.09207385398072049+0.09804900466203348j),2263.018958488596,(-0.09207385398072147+0.09804900466203283j),2263.0189584885957
2830,2830,10.28299375,0.0057526135081019,(0.02495786837519623+0.012983295614797333j),2263.818894493717,(0.024957868375199414+0.01298329561479884j),2263.818894493717
2831,2831,10.28309375,0.0066894346801448,(-0.227074626946508-0.04208131941662492j),2264.618830498838,(-0.22707462694650704-0.0420813194166208j),2264.6188304988386
2832,2832,10.28319375,0.0062188766532586,(-0.021583468987613284-0.1837465051508038j),2265.41876650396,(-0.021583468987610675-0.18374650515080287j),2265.41876650396
2833,2833,10.28329375,0.0061369084223536,(-0.12549938617522047-0.15727248781325032j),2266.2187025090816,(-0.12549938617521889-0.15727248781325134j),2266.2187025090816
2834,2834,10.28339375,0.0047989280066455,(0.20174704215761532+0.13412071730773442j),2267.018638514203,(0.2017470421576151+0.13412071730773922j),2267.018638514203
2835,2835,10.28349375,0.0063767308118714,(-0.019746933433831396-0.031837177947486826j),2267.818574519325,(-0.01974693343383119-0.031837177947486216j),2267.8185745193246
2836,2836,10.28359375,0.0040912036685202,(0.27019809666008077-0.12717408987791112j),2268.618510524446,(0.2701980966600775-0.1271740898779134j),2268.618510524446
2837,2837,10.28369375,0.0047292242533664,(0.08002074663506373+0.14713665333780346j),2269.418446529567,(0.08002074663505998+0.1471366533378043j),2269.418446529567
2838,2838,10.28379375,0.0031091362936123,(0.042829583511623685+0.11565353327745537j),2270.2183825346888,(0.04282958351162061+0.11565353327744804j),2270.2183825346888
2839,2839,10.28389375,0.0045958059589387,(-0.027424372854074345+0.0684359943797022j),2271.01831853981,(-0.02742437285407294+0.06843599437970077j),2271.01831853981
2840,2840,10.28399375,0.004681897549217,(0.020630801011633174+0.03554265506649182j),2271.818254544932,(0.020630801011630753+0.03554265506649004j),2271.8182545449317
2841,2841,10.28409375,0.0043190018714214,(-0.0179015139469227+0.20851606106137843j),2272.618190550053,(-0.01790151394691955+0.20851606106137788j),2272.618190550053
2842,2842,10.28419375,0.004446258295418,(-0.18632097396948694-0.03319666936173377j),2273.4181265551747,(-0.1863209739694849-0.03319666936173219j),2273.4181265551747
2843,2843,10.28429375,0.0023438438804064,(0.065192739767603-0.15845981635476j),2274.218062560296,(0.0651927397675987-0.15845981635476236j),2274.218062560296
2844,2844,10.28439375,0.0035664114566527,(0.041407976296167236+0.031071263587719507j),2275.0179985654177,(0.04140797629616701+0.031071263587718195j),2275.0179985654177
2845,2845,10.28449375,0.0030705297496256,(0.14695316087996044-0.2161738951187652j),2275.817934570539,(0.14695316087995725-0.21617389511876453j),2275.817934570539
2846,2846,10.28459375,0.0031506671241997,(0.18958981521497342-0.1287297235629576j),2276.61787057566,(0.18958981521497367-0.128729723562959j),2276.61787057566
2847,2847,10.28469375,0.0054688089290691,(0.15501608847787407+0.13036419077620381j),2277.417806580782,(0.15501608847787365+0.1303641907762021j),2277.417806580782
2848,2848,10.28479375,0.0034056586507567,(-0.027744803978744514-0.09393712124919372j),2278.217742585903,(-0.027744803978746124-0.09393712124919135j),2278.217742585903
2849,2849,10.28489375,0.003776644211695,(0.06728184980048345-0.03903457684895791j),2279.017678591025,(0.06728184980048535-0.03903457684895841j),2279.017678591025
2850,2850,10.28499375,0.003736260011005,(-0.09081222962240253-0.04463588382164348j),2279.817614596146,(-0.09081222962240634-0.044635883821643116j),2279.817614596146
2851,2851,10.28509375,0.0035439081967795,(0.23038519128455615-0.06636677933517866j),2280.617550601268,(0.23038519128455565-0.0663667793351766j),2280.617550601268
2852,2852,10.28519375,0.0025538551353466,(0.0034629831000049863+0.12136517298852582j),2281.417486606389,(0.0034629831000016556+0.12136517298852453j),2281.417486606389
2853,2853,10.28529375,0.0011519433371165,(0.13086617051241486-0.09098906134832575j),2282.2174226115108,(0.13086617051241384-0.09098906134832502j),2282.2174226115108
2854,2854,10.28539375,0.0007453509744349,(-0.011773893315689565+0.1419911701848957j),2283.017358616632,(-0.01177389331569062+0.14199117018489882j),2283.017358616632
2855,2855,10.28549375,0.0021643782400084,(0.10215601169516876+0.08011006253642483j),2283.8172946217533,(0.10215601169517367+0.08011006253642679j),2283.8172946217533
2856,2856,10.28559375,0.001998178987067,(-0.11835100228108583-0.0803526074036518j),2284.617230626875,(-0.11835100228108313-0.08035260740365309j),2284.617230626875
2857,2857,10.28569375,0.002155908806347,(0.059460133357738955+0.03653133800996507j),2285.417166631996,(0.05946013335774004+0.03653133800996606j),2285.417166631996
2858,2858,10.28579375,0.0026435081174886,(0.11301230962500365-0.14350326881058248j),2286.217102637118,(0.11301230962500022-0.14350326881058126j),2286.217102637118
2859,2859,10.28589375,0.0043687479317064,(0.12992943277522423+0.0036471685313074j),2287.017038642239,(0.12992943277522334+0.003647168531308087j),2287.017038642239
2860,2860,10.28599375,0.005378141069569,(0.04982178097694089+0.09893113139639176j),2287.816974647361,(0.049821780976940705+0.09893113139638945j),2287.816974647361
2861,2861,10.28609375,0.0053659254976027,(-0.06683255363044363+0.05185418532032861j),2288.616910652482,(-0.06683255363044172+0.05185418532032823j),2288.616910652482
2862,2862,10.28619375,0.0054717866690326,(0.04203333098234818+0.055422609915741376j),2289.4168466576034,(0.042033330982347045+0.055422609915739766j),2289.4168466576034
2863,2863,10.28629375,0.0051116910643366,(0.061065401838408535-0.06938905946203192j),2290.216782662725,(0.061065401838406516-0.06938905946203341j),2290.216782662725
2864,2864,10.28639375,0.0042029652844767,(0.14685754522129435+0.059866989587077535j),2291.0167186678464,(0.14685754522129468+0.059866989587074815j),2291.0167186678464
2865,2865,10.28649375,0.0035383624004105,(0.10585920768335004-0.04593762310746387j),2291.816654672968,(0.10585920768335037-0.04593762310746501j),2291.816654672968
2866,2866,10.28659375,0.0032216418628484,(-0.03809285695064044+0.03216761417660258j),2292.6165906780893,(-0.038092856950637285+0.032167614176604804j),2292.6165906780893
2867,2867,10.28669375,0.0030391763738715,(0.017240682502547806-0.10898498683986238j),2293.416526683211,(0.01724068250254627-0.10898498683986141j),2293.416526683211
2868,2868,10.28679375,0.0033596747820946,(0.1389482809875957+0.08367026315577943j),2294.2164626883323,(0.13894828098759351+0.08367026315577862j),2294.2164626883323
2869,2869,10.28689375,0.0029099118258245,(-0.17652571584327753-0.029043583131081265j),2295.016398693454,(-0.1765257158432771-0.02904358313108528j),2295.016398693454
2870,2870,10.28699375,0.0040848397979349,(0.019332534463260047-0.01642268312079231j),2295.8163346985752,(0.019332534463266406-0.016422683120786777j),2295.8163346985752
2871,2871,10.28709375,0.0062527464248745,(-0.04176208452317255-0.023459544927392023j),2296.6162707036965,(-0.041762084523173926-0.02345954492739155j),2296.6162707036965
2872,2872,10.28719375,0.0057417448696727,(0.16096353400880592-0.021033308632471645j),2297.416206708818,(0.16096353400880375-0.021033308632474518j),2297.416206708818
2873,2873,10.28729375,0.005656901364269,(-0.04604707293988196+0.1614722612582662j),2298.2161427139395,(-0.04604707293988259+0.16147226125826353j),2298.2161427139395
2874,2874,10.28739375,0.0065128169046509,(0.03307666363188923-0.06533990383355681j),2299.016078719061,(0.033076663631888825-0.06533990383355673j),2299.016078719061
2875,2875,10.28749375,0.0066438505330675,(0.1332864372799557+0.013175042735158536j),2299.8160147241824,(0.13328643727995532+0.013175042735158043j),2299.8160147241824
2876,2876,10.28759375,0.0062630917079792,(-0.017009981600251474+0.020822844208601622j),2300.615950729304,(-0.017009981600245822+0.020822844208606202j),2300.615950729304
2877,2877,10.28769375,0.0052001761903335,(0.10324869799205018+0.07361413670988819j),2301.4158867344254,(0.10324869799204742+0.07361413670988881j),2301.4158867344254
2878,2878,10.28779375,0.0059861835306411,(-0.20618956957552834-0.06578947972138241j),2302.215822739547,(-0.20618956957553133-0.06578947972138895j),2302.215822739547
2879,2879,10.28789375,0.005587254530817,(0.09650554164447633+0.08276722611384686j),2303.0157587446683,(0.09650554164448094+0.08276722611384654j),2303.0157587446683
2880,2880,10.28799375,0.0069459456752922,(-0.0622247427583715-0.035830090644392736j),2303.8156947497896,(-0.06222474275836834-0.03583009064439603j),2303.8156947497896
2881,2881,10.28809375,0.0062196357567852,(0.11140460629826728+0.09506716710621317j),2304.6156307549118,(0.11140460629826884+0.09506716710621074j),2304.6156307549113
2882,2882,10.28819375,0.0071558074566621,(0.008815401637251457+0.10991782018140728j),2305.415566760033,(0.008815401637252224+0.10991782018140626j),2305.4155667600326
2883,2883,10.28829375,0.0060179035056805,(-0.07180864446818082+0.12768391051274905j),2306.2155027651543,(-0.07180864446818203+0.12768391051275196j),2306.2155027651543
2884,2884,10.28839375,0.0074792900992331,(0.028573981845700994-0.09602944199223078j),2307.0154387702755,(0.02857398184570329-0.0960294419922316j),2307.0154387702755
2885,2885,10.28849375,0.0077913572363319,(0.015054450576691056+0.06823570472020382j),2307.815374775397,(0.015054450576693613+0.06823570472020148j),2307.8153747753972
2886,2886,10.28859375,0.0080477706666932,(0.03817561629441117+0.059766995953107534j),2308.6153107805185,(0.038175616294410485+0.059766995953106236j),2308.6153107805185
2887,2887,10.28869375,0.0086325058005528,(-0.08069062235420095-0.06593408464350625j),2309.41524678564,(-0.08069062235420349-0.06593408464350702j),2309.41524678564
2888,2888,10.28879375,0.0091844577395303,(0.08347110046379438+0.08071476385613303j),2310.215182790761,(0.08347110046379538+0.08071476385613278j),2310.2151827907614
2889,2889,10.28889375,0.0065481102090298,(-0.07620279749364049+0.07502326553328417j),2311.0151187958827,(-0.07620279749363451+0.07502326553328303j),2311.0151187958827
2890,2890,10.28899375,0.0091884534277754,(-0.051336557814295095-0.044446307758540554j),2311.8150548010044,(-0.0513365578142974-0.044446307758542705j),2311.8150548010044
2891,2891,10.28909375,0.0073116655172388,(-0.07195284374422149+0.17138983863871385j),2312.6149908061257,(-0.07195284374421981+0.1713898386387144j),2312.6149908061257
2892,2892,10.28919375,0.0070807314466853,(-0.15304811108697974+0.07129057283798781j),2313.414926811248,(-0.15304811108698024+0.07129057283799331j),2313.4149268112474
2893,2893,10.28929375,0.0057157781832179,(-0.08925780848310602-0.1892578093348859j),2314.2148628163686,(-0.0892578084831013-0.18925780933488653j),2314.2148628163686
2894,2894,10.28939375,0.0072233305033757,(0.1718991970855272-0.09392734562806987j),2315.0147988214903,(0.1718991970855257-0.09392734562806784j),2315.0147988214903
2895,2895,10.28949375,0.0085174553100255,(0.013754936518061717-0.006929111836311231j),2315.814734826612,(0.013754936518062325-0.006929111836313359j),2315.8147348266116
2896,2896,10.28959375,0.0067709353409802,(0.03972842952268319-0.005572321637582712j),2316.6146708317333,(0.039728429522685925-0.005572321637584074j),2316.6146708317333
2897,2897,10.28969375,0.0083866620345969,(-0.04554511072206855+0.04687105437644436j),2317.4146068368545,(-0.04554511072206517+0.04687105437644211j),2317.4146068368545
2898,2898,10.28979375,0.0088665499609638,(0.011676050815825324+0.13650799605224173j),2318.214542841976,(0.011676050815826913+0.13650799605224134j),2318.214542841976
2899,2899,10.28989375,0.0091794478868632,(-0.11744168487915782+0.08806649203024064j),2319.014478847097,(-0.11744168487915846+0.08806649203023698j),2319.0144788470975
2900,2900,10.28999375,0.0089206860743202,(0.04022517581328771+0.021784817996829044j),2319.8144148522188,(0.04022517581328479+0.021784817996830828j),2319.8144148522188
2901,2901,10.29009375,0.0074051415050978,(-0.07136892788172614+0.03544358501415584j),2320.6143508573405,(-0.07136892788172432+0.035443585014160485j),2320.6143508573405
2902,2902,10.29019375,0.0074610592727769,(0.07765214766253213-0.021871221813757707j),2321.4142868624617,(0.07765214766253138-0.021871221813757172j),2321.4142868624617
2903,2903,10.29029375,0.0062027726716247,(-0.04227389805700853-0.01780593748774592j),2322.2142228675834,(-0.04227389805701117-0.017805937487747503j),2322.2142228675834
2904,2904,10.29039375,0.007172000902728,(0.051183445114192525-0.0316743780929029j),2323.0141588727047,(0.05118344511418971-0.031674378092902314j),2323.0141588727047
2905,2905,10.29049375,0.0070802434776175,(0.05985873670031601+0.11947343810474077j),2323.8140948778264,(0.05985873670031539+0.11947343810474056j),2323.8140948778264
2906,2906,10.29059375,0.0070291920210841,(-0.0694865966815828+0.0005359483216230542j),2324.614030882948,(-0.06948659668158257+0.0005359483216222059j),2324.6140308829476
2907,2907,10.29069375,0.0076724505305921,(-0.06323241921950651+0.044886850193973316j),2325.413966888069,(-0.06323241921950876+0.04488685019397433j),2325.413966888069
2908,2908,10.29079375,0.0079656892042044,(-0.05207485827456379-0.16568834262671867j),2326.2139028931906,(-0.052074858274564664-0.16568834262671722j),2326.2139028931906
2909,2909,10.29089375,0.0078671159121326,(0.01175186025851449+0.1499996678957787j),2327.013838898312,(0.011751860258515587+0.14999966789577623j),2327.013838898312
2910,2910,10.29099375,0.0059741287181725,(-0.09288158752099111+0.005010100657580698j),2327.8137749034336,(-0.09288158752098893+0.005010100657580108j),2327.8137749034336
2911,2911,10.29109375,0.006481996734413,(-0.002113176095460634-0.06837014212659787j),2328.613710908555,(-0.002113176095458611-0.06837014212659738j),2328.613710908555
2912,2912,10.29119375,0.0055875115067901,(-0.01585356266033547-0.04716582862864574j),2329.4136469136765,(-0.01585356266033414-0.047165828628645906j),2329.4136469136765
2913,2913,10.29129375,0.0054875345939575,(0.04780500135980701+0.13281644533958176j),2330.213582918798,(0.047805001359807815+0.1328164453395844j),2330.213582918798
2914,2914,10.29139375,0.0075607254314144,(-0.055082800868508-0.1466705984017801j),2331.0135189239195,(-0.055082800868508024-0.14667059840178195j),2331.0135189239195
2915,2915,10.29149375,0.0054163788039212,(0.19255342326623426+0.053205777132784474j),2331.8134549290407,(0.19255342326622724+0.053205777132786916j),2331.8134549290407
2916,2916,10.29159375,0.00495438340269,(0.02552851991312353+0.044773777133726815j),2332.613390934162,(0.025528519913123604+0.044773777133730305j),2332.613390934162
2917,2917,10.29169375,0.0049396109349138,(-0.030428154603400474-0.022784684355838337j),2333.413326939284,(-0.030428154603396936-0.02278468435583903j),2333.4133269392837
2918,2918,10.29179375,0.0048483799755942,(0.0071089533476937986+0.06055591610281387j),2334.213262944405,(0.007108953347688884+0.06055591610281318j),2334.213262944405
2919,2919,10.29189375,0.0054049275109267,(-0.01629283497513999+0.05969868214805561j),2335.0131989495267,(-0.016292834975138087+0.059698682148058006j),2335.0131989495267
2920,2920,10.29199375,0.0046143406163307,(-0.024591311104611022+0.09486639759660039j),2335.813134954648,(-0.024591311104610044+0.09486639759660222j),2335.813134954648
2921,2921,10.29209375,0.0042514312881907,(-0.13513887847635575+0.005906129413085765j),2336.6130709597696,(-0.13513887847635567+0.005906129413083677j),2336.6130709597696
2922,2922,10.29219375,0.0042643405306882,(0.07619169714043235-0.10243923071446132j),2337.413006964891,(0.07619169714043234-0.1024392307144619j),2337.413006964891
2923,2923,10.29229375,0.0037636388619155,(0.06374829283637039-0.03841965238122616j),2338.2129429700126,(0.06374829283637222-0.03841965238122094j),2338.2129429700126
2924,2924,10.29239375,0.0038234019414664,(-0.07386753036498203-0.19419415750846103j),2339.012878975134,(-0.07386753036498286-0.19419415750846536j),2339.012878975134
2925,2925,10.29249375,0.0027119549405661,(0.15341555357607534-0.09009127144392146j),2339.812814980255,(0.1534155535760753-0.09009127144392226j),2339.812814980255
2926,2926,10.29259375,0.0039248551087267,(-0.02592884082069935+0.04084358570305794j),2340.612750985377,(-0.025928840820696762+0.04084358570306101j),2340.612750985377
2927,2927,10.29269375,0.0042084048600644,(-0.009992932716768526+0.03426654597215764j),2341.412686990498,(-0.0099929327167704+0.034266545972157954j),2341.412686990498
2928,2928,10.29279375,0.0030792690429703,(0.004242636872036139+0.0780093763396695j),2342.21262299562,(0.004242636872034397+0.07800937633966495j),2342.2126229956198
2929,2929,10.29289375,0.003429848323704,(0.06536528515681407-0.003893755251727714j),2343.012559000741,(0.065365285156815-0.0038937552517295387j),2343.012559000741
2930,2930,10.29299375,0.0026936681873943,(0.09957509084132236+0.04997435201430155j),2343.8124950058627,(0.09957509084131978+0.049974352014303364j),2343.8124950058627
2931,2931,10.29309375,0.0036218488141955,(0.01655552772295859-0.026018290135630423j),2344.612431010984,(0.016555527722959013-0.026018290135626766j),2344.612431010984
2932,2932,10.29319375,0.0046864921865453,(-0.005584634845400765+0.07154701039330655j),2345.412367016105,(-0.005584634845399533+0.0715470103933083j),2345.4123670161052
2933,2933,10.29329375,0.0037859674503727,(-0.03191373687016202-0.03603258541033707j),2346.212303021227,(-0.03191373687016805-0.036032585410338255j),2346.212303021227
2934,2934,10.29339375,0.0034274415087796,(-0.11040255815250317+0.025120299730324286j),2347.012239026348,(-0.11040255815250459+0.025120299730327422j),2347.012239026348
2935,2935,10.29349375,0.0031517223694931,(0.0577912612066142-0.012454837577888848j),2347.81217503147,(0.05779126120661354-0.012454837577884528j),2347.81217503147
2936,2936,10.29359375,0.0031100238377345,(0.021116662134618054-0.00919969960028071j),2348.612111036591,(0.021116662134615667-0.009199699600281185j),2348.612111036591
2937,2937,10.29369375,0.0033683281775151,(0.0028063988166963524-0.02204661023253946j),2349.412047041713,(0.0028063988166956134-0.022046610232537657j),2349.412047041713
2938,2938,10.29379375,0.0029665790366951,(-0.04642056251578936+0.06651053496712833j),2350.211983046834,(-0.04642056251578814+0.06651053496712779j),2350.211983046834
2939,2939,10.29389375,0.0020341586595558,(0.0929129976599263-0.03246594657863905j),2351.011919051956,(0.09291299765992493-0.032465946578637446j),2351.011919051956
2940,2940,10.29399375,0.0018701598779272,(-0.04091374204497327-0.02489354364335404j),2351.811855057077,(-0.04091374204497061-0.024893543643354797j),2351.811855057077
2941,2941,10.29409375,0.0018150929964151,(-0.03530189536093935+0.08349122769228205j),2352.6117910621983,(-0.0353018953609397+0.08349122769228282j),2352.6117910621983
2942,2942,10.29419375,0.0029313223503876,(-0.03737967948607078-0.045296507812074j),2353.41172706732,(-0.03737967948607316-0.045296507812070494j),2353.41172706732
2943,2943,10.29429375,0.0036497557269055,(-0.08440165020296447+0.139781861186845j),2354.2116630724413,(-0.08440165020296436+0.13978186118684457j),2354.2116630724413
2944,2944,10.29439375,0.0038412630257045,(-0.14971859696419326+0.04020305304449443j),2355.011599077563,(-0.14971859696419093+0.04020305304449515j),2355.011599077563
2945,2945,10.29449375,0.0052420087911219,(0.015648860035469826-0.0316791656058108j),2355.8115350826843,(0.01564886003547051-0.03167916560581471j),2355.8115350826843
2946,2946,10.29459375,0.0054394932613413,(0.01348929291580215+0.050394929025090365j),2356.611471087806,(0.01348929291579963+0.05039492902509021j),2356.611471087806
2947,2947,10.29469375,0.0056471245328712,(-0.017223551727423063+0.12527666471221008j),2357.411407092927,(-0.017223551727426047+0.12527666471221366j),2357.411407092927
2948,2948,10.29479375,0.0063743968452709,(-0.14495898663427506-0.002339377974213727j),2358.211343098049,(-0.1449589866342788-0.0023393779742120896j),2358.211343098049
2949,2949,10.29489375,0.0035399008328287,(-0.11350582359592386-0.1901588164414226j),2359.01127910317,(-0.11350582359592135-0.190158816441422j),2359.01127910317
2950,2950,10.29499375,0.0030797786926038,(0.03724285242319518-0.028721738090223242j),2359.8112151082914,(0.03724285242319614-0.028721738090219752j),2359.8112151082914
2951,2951,10.29509375,0.0030758184984579,(0.059735726125037164-0.050652650315611204j),2360.611151113413,(0.0597357261250333-0.0506526503156122j),2360.611151113413
2952,2952,10.29519375,0.0016654300500257,(-0.025249651911036574-0.012321193796027318j),2361.4110871185344,(-0.02524965191103807-0.012321193796028298j),2361.4110871185344
2953,2953,10.29529375,0.0030263384479699,(-0.010173523850153098-0.03387983106035813j),2362.211023123656,(-0.01017352385015551-0.03387983106035787j),2362.211023123656
2954,2954,10.29539375,0.002382328831378,(0.14102311281552554-0.0052839454293288814j),2363.0109591287774,(0.1410231128155262-0.005283945429330203j),2363.0109591287774
2955,2955,10.29549375,0.0050721259628559,(-0.021843499982516716-0.00356427165046856j),2363.810895133899,(-0.02184349998252081-0.0035642716504691546j),2363.810895133899
2956,2956,10.29559375,0.0071344411784181,(-0.08126483448800108-0.01188792243981079j),2364.6108311390203,(-0.08126483448800066-0.011887922439808116j),2364.6108311390203
2957,2957,10.29569375,0.0064442646310848,(0.014540230105255837-0.033197676723444404j),2365.410767144142,(0.01454023010525662-0.03319767672344302j),2365.410767144142
2958,2958,10.29579375,0.0077976838041818,(0.002345657412318565-0.01747411895136536j),2366.2107031492637,(0.0023456574123166653-0.017474118951365053j),2366.2107031492633
2959,2959,10.29589375,0.0073580886944054,(0.0891345716226178-0.004389360613695586j),2367.0106391543845,(0.08913457162261773-0.004389360613694271j),2367.0106391543845
2960,2960,10.29599375,0.0081113874006155,(0.02769148345112536+0.02117099300226684j),2367.8105751595062,(0.027691483451125876+0.021170993002267074j),2367.8105751595062
2961,2961,10.29609375,0.0086104366842877,(0.11769990802345312-0.1100150811458795j),2368.6105111646275,(0.117699908023459-0.11001508114587846j),2368.6105111646275
2962,2962,10.29619375,0.0060771566126607,(-0.13510409871089327-0.12939643070353601j),2369.410447169749,(-0.13510409871089227-0.1293964307035325j),2369.410447169749
2963,2963,10.29629375,0.0063427521611617,(0.1301449239805858-0.0132096117806133j),2370.2103831748705,(0.13014492398058636-0.013209611780609656j),2370.2103831748705
2964,2964,10.29639375,0.0052986428848187,(0.018512594672669684+0.07509601968067359j),2371.010319179992,(0.01851259467266693+0.07509601968067214j),2371.010319179992
2965,2965,10.29649375,0.0048629636365288,(0.03330126747013922-0.02485200256106297j),2371.8102551851134,(0.033301267470140866-0.024852002561063156j),2371.8102551851134
2966,2966,10.29659375,0.0054562283461744,(-0.09762463888486093+0.019290149018385952j),2372.610191190235,(-0.09762463888486374+0.01929014901838761j),2372.610191190235
2967,2967,10.29669375,0.0043161624579344,(0.07819025205868137+0.03811750765575562j),2373.4101271953564,(0.07819025205868256+0.03811750765575582j),2373.4101271953564
2968,2968,10.29679375,0.0062624044035682,(-0.1203334309811125+0.05669215867557326j),2374.2100632004776,(-0.12033343098111225+0.05669215867557706j),2374.2100632004776
2969,2969,10.29689375,0.0078783700644658,(0.026843329626759338-0.047674861086174136j),2375.0099992056,(0.02684332962675929-0.04767486108617658j),2375.0099992055993
2970,2970,10.29699375,0.0080672623844842,(0.031087679438106298+6.332714981490371e-05j),2375.8099352107206,(0.031087679438105215+6.332714981621863e-05j),2375.8099352107206
2971,2971,10.29709375,0.0098797509177295,(0.08687064389822793-0.11746984975333302j),2376.6098712158423,(0.08687064389822576-0.11746984975333363j),2376.6098712158423
2972,2972,10.29719375,0.0097292672826703,(0.06886707899500721-0.11988942726113787j),2377.409807220964,(0.06886707899500534-0.11988942726114017j),2377.4098072209636
2973,2973,10.29729375,0.0107325574928989,(-0.02415137903516855+0.039595513099279556j),2378.2097432260853,(-0.024151379035168917+0.039595513099280756j),2378.2097432260853
2974,2974,10.29739375,0.0094622294262007,(-0.04346632098163795-0.06531881913238007j),2379.0096792312065,(-0.0434663209816365-0.06531881913238007j),2379.0096792312065
2975,2975,10.29749375,0.0080060966654384,(-0.10007838193063248-0.021072627877315408j),2379.809615236328,(-0.10007838193063315-0.021072627877312754j),2379.809615236328
2976,2976,10.29759375,0.0072134804727806,(0.048742416166662826-0.1060140163552562j),2380.609551241449,(0.048742416166659364-0.10601401635525802j),2380.6095512414495
2977,2977,10.29769375,0.006616690621098,(0.10745705602942134+0.10693575661386513j),2381.4094872465707,(0.10745705602942068+0.10693575661386852j),2381.4094872465707
2978,2978,10.29779375,0.0061607288317872,(0.08991398659472336-0.13859833766844243j),2382.2094232516924,(0.08991398659472127-0.1385983376684404j),2382.2094232516924
2979,2979,10.29789375,0.0067610311927004,(0.03779337039698082+0.12125632870649267j),2383.0093592568137,(0.03779337039698039+0.12125632870649075j),2383.0093592568137
2980,2980,10.29799375,0.0063454116909879,(0.06752860917771561-0.038214193497729185j),2383.8092952619354,(0.06752860917772036-0.03821419349772738j),2383.8092952619354
2981,2981,10.29809375,0.0079181169390981,(0.1575835761388751+0.09878925961904114j),2384.6092312670567,(0.15758357613887386+0.09878925961904148j),2384.6092312670567
2982,2982,10.29819375,0.0068778234526531,(-0.032240993207846375+0.08862752481971062j),2385.4091672721784,(-0.03224099320784328+0.08862752481971005j),2385.4091672721784
2983,2983,10.29829375,0.0076466907202289,(0.06354083446871928+0.10119937925542165j),2386.2091032773,(0.06354083446871969+0.10119937925542526j),2386.2091032772996
2984,2984,10.29839375,0.0091084095365284,(-0.040136511101471144-0.1273316607527773j),2387.0090392824213,(-0.04013651110147278-0.12733166075277752j),2387.0090392824213
2985,2985,10.29849375,0.0097290826991802,(-0.0515968861859735+0.08564673878818409j),2387.8089752875426,(-0.05159688618597071+0.08564673878818171j),2387.8089752875426
2986,2986,10.29859375,0.0086567857595456,(-0.014045582194675228-0.06952996785776534j),2388.608911292664,(-0.014045582194673483-0.06952996785775864j),2388.608911292664
2987,2987,10.29869375,0.0079336244242734,(0.018628021939745578+0.019603408253690734j),2389.408847297785,(0.01862802193974502+0.019603408253690096j),2389.4088472977855
2988,2988,10.29879375,0.008091776701566,(-0.07724100090700427+0.09581797298899909j),2390.208783302907,(-0.0772410009070071+0.09581797298899769j),2390.208783302907
2989,2989,10.29889375,0.0084778869003823,(-0.01128210131613712+0.08583711180707801j),2391.0087193080285,(-0.011282101316141234+0.08583711180708023j),2391.0087193080285
2990,2990,10.29899375,0.0069535890832082,(0.05325283127167939-0.15373554033142803j),2391.8086553131498,(0.053252831271681476-0.15373554033143155j),2391.8086553131498
2991,2991,10.29909375,0.0064610157441049,(-0.08804260705932723-0.11281599577939352j),2392.6085913182715,(-0.08804260705932729-0.1128159957793932j),2392.6085913182715
2992,2992,10.29919375,0.0061864761299369,(0.04531318448678571-0.12911382109089065j),2393.4085273233927,(0.04531318448678654-0.12911382109089323j),2393.4085273233927
2993,2993,10.29929375,0.0072297648310707,(-0.03703224326200709+0.1892756708714154j),2394.2084633285144,(-0.03703224326201177+0.18927567087141461j),2394.2084633285144
2994,2994,10.29939375,0.0075065505343026,(0.07263843812653847-0.12742215160171982j),2395.008399333636,(0.07263843812653896-0.12742215160171738j),2395.0083993336357
2995,2995,10.29949375,0.0067444219120205,(0.06927597822676611+0.16670727042231978j),2395.808335338757,(0.06927597822676483+0.1667072704223197j),2395.808335338757
2996,2996,10.29959375,0.0055334557527981,(0.06103978271699558-0.19379398506257675j),2396.608271343878,(0.06103978271699445-0.1937939850625721j),2396.6082713438786
2997,2997,10.29969375,0.0032069791421136,(-0.10609137778062591+0.0712205983132243j),2397.408207349,(-0.10609137778062898+0.07122059831322591j),2397.408207349
2998,2998,10.29979375,0.0057653765049685,(-0.12263720952404088-0.013986987907558559j),2398.2081433541216,(-0.12263720952403932-0.013986987907562493j),2398.2081433541216
2999,2999,10.29989375,0.0046307893246791,(-0.02098267272735547-0.005360347070086166j),2399.008079359243,(-0.020982672727353786-0.005360347070088544j),2399.008079359243
3000,3000,10.29999375,0.0028384423512167,(0.04401043224322819-0.06535962766162087j),2399.808015364365,(0.04401043224323155-0.06535962766161926j),2399.8080153643646
3001,3001,10.30009375,0.004659985569418,(-0.05739836507629324+0.13705758155235098j),2400.607951369486,(-0.057398365076290564+0.13705758155235237j),2400.607951369486
3002,3002,10.30019375,0.0063185077801027,(0.013858856071134882+0.059953068191161724j),2401.407887374607,(0.013858856071136419+0.0599530681911599j),2401.407887374607
3003,3003,10.300293750000002,0.0067484297791991,(-0.0007620534938911488-0.029152975533730974j),2402.207823379729,(-0.0007620534938904723-0.029152975533725055j),2402.207823379729
3004,3004,10.30039375,0.0052395730815768,(-0.07733329234508124-0.10236534145319404j),2403.00775938485,(-0.0773332923450822-0.1023653414531928j),2403.00775938485
3005,3005,10.30049375,0.005716607799429,(0.21789830941176386-0.025125847654989084j),2403.807695389972,(0.21789830941175892-0.025125847654989084j),2403.8076953899717
3006,3006,10.30059375,0.0045492076645544,(-0.06326621394514918+0.2461911145754215j),2404.607631395093,(-0.06326621394515057+0.24619111457541826j),2404.607631395093
3007,3007,10.30069375,0.0021709055177321,(0.17137030847049262+0.1431609862985792j),2405.4075674002147,(0.1713703084704944+0.14316098629857993j),2405.4075674002147
3008,3008,10.30079375,0.0012793006621609,(-0.0888771795895778+0.08240296228434912j),2406.207503405336,(-0.08887717958957496+0.08240296228434693j),2406.207503405336
3009,3009,10.30089375,0.0006512619774783,(0.05248806249651168-0.04472360567625387j),2407.0074394104577,(0.05248806249651235-0.044723605676252276j),2407.0074394104577
3010,3010,10.30099375,0.0002786864454983,(0.12989504133266142+0.08693095146597334j),2407.807375415579,(0.12989504133265897+0.08693095146597225j),2407.807375415579
3011,3011,10.30109375,0.0021183287241378,(-0.06557785766119541+0.09242823499948827j),2408.6073114207,(-0.06557785766119816+0.09242823499948682j),2408.6073114207
3012,3012,10.30119375,0.0027509336100552,(0.02142721508119004+0.11590664258521657j),2409.407247425822,(0.021427215081188847+0.11590664258521882j),2409.407247425822
3013,3013,10.30129375,0.0045967420700866,(-0.14804054906009173+0.030234724713782815j),2410.207183430943,(-0.1480405490600932+0.030234724713784883j),2410.207183430943
3014,3014,10.30139375,0.0058327505158835,(0.005157392642367059-0.020869242623565987j),2411.007119436065,(0.005157392642366228-0.020869242623560668j),2411.007119436065
3015,3015,10.30149375,0.0055548712846209,(0.22246277187830227+0.07579713016765952j),2411.807055441186,(0.22246277187829944+0.07579713016766185j),2411.807055441186
3016,3016,10.30159375,0.006483528292726,(-0.010055649547903618+0.11914449438961044j),2412.606991446308,(-0.010055649547902654+0.11914449438960914j),2412.606991446308
3017,3017,10.30169375,0.0049470546054802,(0.02591991040976067+0.0015914457725673872j),2413.406927451429,(0.025919910409758305+0.0015914457725662717j),2413.406927451429
3018,3018,10.30179375,0.0037824275444835,(0.11503827095250506-0.017599182252488216j),2414.2068634565508,(0.11503827095250117-0.017599182252491335j),2414.2068634565508
3019,3019,10.30189375,0.0024947166916655,(0.03635548781147367-0.06956255142622432j),2415.006799461672,(0.036355487811472666-0.06956255142622932j),2415.006799461672
3020,3020,10.30199375,0.000326367479798,(-0.043596124332926076+0.06588786545446691j),2415.8067354667933,(-0.04359612433292816+0.06588786545446795j),2415.8067354667933
3021,3021,10.30209375,0.0019217801955685,(-0.08201819385634056+0.045315314845774154j),2416.606671471915,(-0.08201819385634336+0.045315314845777874j),2416.606671471915
3022,3022,10.30219375,0.0013414400018097,(0.011023778448101231-0.015866728139377454j),2417.406607477036,(0.01102377844810096-0.01586672813937428j),2417.4066074770362
3023,3023,10.30229375,0.0009492589278637,(0.1795973210750343-0.04471303104004342j),2418.206543482158,(0.17959732107503448-0.044713031040044336j),2418.206543482158
3024,3024,10.30239375,0.0016739434219533,(0.04635853441670475-0.06817220902101015j),2419.006479487279,(0.04635853441670286-0.068172209021008j),2419.006479487279
3025,3025,10.30249375,0.0017251652680342,(0.15795062589852454-0.044635639343301475j),2419.806415492401,(0.15795062589852235-0.04463563934330279j),2419.806415492401
3026,3026,10.302593750000002,0.0039107186465181,(0.02075188645225983+0.009225934249131117j),2420.606351497522,(0.020751886452261427+0.009225934249134274j),2420.606351497522
3027,3027,10.30269375,0.0033209076859019,(0.0014029361421602155-0.06032451810187531j),2421.406287502644,(0.001402936142166189-0.060324518101875835j),2421.406287502644
3028,3028,10.30279375,0.0046564918421287,(-0.022910089293281876-0.050577975514937416j),2422.206223507765,(-0.02291008929328236-0.050577975514938874j),2422.206223507765
3029,3029,10.30289375,0.0052346860585684,(0.13332570664679413-0.16779243604950037j),2423.0061595128864,(0.13332570664678842-0.16779243604949895j),2423.0061595128864
3030,3030,10.30299375,0.0057983798803738,(0.024849701931142484+0.2741475937991578j),2423.806095518008,(0.024849701931146773+0.274147593799156j),2423.806095518008
3031,3031,10.30309375,0.0062500053359101,(-0.06933111506130546-0.08121252306163453j),2424.6060315231293,(-0.06933111506130318-0.08121252306163537j),2424.6060315231293
3032,3032,10.30319375,0.0054052336023993,(-0.0740441795952787-0.14516582511001644j),2425.405967528251,(-0.07404417959527759-0.14516582511001644j),2425.405967528251
3033,3033,10.30329375,0.0040886442294135,(-0.002555614174581113+0.017186405756286705j),2426.2059035333723,(-0.002555614174581931+0.01718640575628629j),2426.2059035333723
3034,3034,10.30339375,0.0036074292171035,(-0.038207473099819256+0.04336107444451835j),2427.005839538494,(-0.03820747309981997+0.04336107444451969j),2427.005839538494
3035,3035,10.30349375,0.0035643397716803,(0.058472207543676845+0.17291249292718472j),2427.8057755436157,(0.0584722075436785+0.17291249292718236j),2427.8057755436153
3036,3036,10.30359375,0.0025808767841124,(0.0277649970336424+0.12698475743023735j),2428.605711548737,(0.02776499703364249+0.12698475743024096j),2428.605711548737
3037,3037,10.30369375,0.0032543648589744,(-0.02657412233671156+0.02330322903979655j),2429.405647553858,(-0.02657412233670962+0.023303229039798024j),2429.405647553858
3038,3038,10.30379375,0.0039138929873203,(-0.04271720665709213-0.11426855254334252j),2430.2055835589795,(-0.04271720665709329-0.11426855254334403j),2430.2055835589795
3039,3039,10.30389375,0.0050368269188212,(-0.026782746615867766+0.0935901276799569j),2431.005519564101,(-0.026782746615868974+0.09359012767995539j),2431.005519564101
3040,3040,10.30399375,0.0058900997132514,(-0.19050860536962674-0.14886443799624574j),2431.8054555692224,(-0.1905086053696249-0.14886443799624455j),2431.8054555692224
3041,3041,10.30409375,0.0072179643103232,(0.1634738819573244+0.0840681684809751j),2432.605391574344,(0.16347388195732374+0.08406816848097831j),2432.605391574344
3042,3042,10.30419375,0.0082266507097978,(-0.24005419072903117+0.33008028816818624j),2433.4053275794654,(-0.24005419072903283+0.3300802881681859j),2433.4053275794654
3043,3043,10.30429375,0.0084736510904341,(-0.06067794165537735-0.23786500135779076j),2434.205263584587,(-0.060677941655377585-0.23786500135778887j),2434.205263584587
3044,3044,10.30439375,0.0080977798713949,(0.0785808367222748-0.0876269366468538j),2435.0051995897084,(0.07858083672227187-0.0876269366468504j),2435.0051995897084
3045,3045,10.30449375,0.0084276718762629,(-0.06326966969527681-0.0278538458789376j),2435.80513559483,(-0.06326966969527323-0.027853845878936797j),2435.80513559483
3046,3046,10.30459375,0.0068467792836729,(-0.1144112509078174-0.04040541815793419j),2436.6050715999518,(-0.11441125090781441-0.040405418157931014j),2436.6050715999513
3047,3047,10.30469375,0.006742621342335,(-0.05156684269556995-0.06025718060724735j),2437.405007605073,(-0.051566842695572435-0.060257180607250306j),2437.4050076050726
3048,3048,10.30479375,0.0056666465461432,(-0.23913914606257747+0.3001212896485102j),2438.2049436101943,(-0.2391391460625757+0.3001212896485089j),2438.2049436101943
3049,3049,10.304893750000002,0.005330688143573,(0.027248300313858796-0.13191165902896948j),2439.0048796153155,(0.027248300313861162-0.131911659028966j),2439.0048796153155
3050,3050,10.30499375,0.005118342436928,(0.04098805061280699-0.12889090933045538j),2439.804815620437,(0.04098805061280493-0.12889090933045777j),2439.8048156204372
3051,3051,10.30509375,0.0048835130836719,(0.0230601090961821+0.08856741625962916j),2440.6047516255585,(0.02306010909617936+0.08856741625962922j),2440.6047516255585
3052,3052,10.30519375,0.007205416451338,(0.08670121326446699-0.08982476594800079j),2441.40468763068,(0.08670121326446592-0.08982476594800409j),2441.40468763068
3053,3053,10.30529375,0.007008285615474,(0.051502756350039786-0.051267882123736515j),2442.204623635801,(0.05150275635003649-0.05126788212373553j),2442.2046236358015
3054,3054,10.30539375,0.0089397717843782,(0.03711455614128651-0.03217136671066603j),2443.004559640923,(0.0371145561412867-0.03217136671066914j),2443.004559640923
3055,3055,10.30549375,0.0093493881250757,(-0.03241730975589896-0.04075821569516767j),2443.8044956460444,(-0.03241730975590158-0.04075821569516896j),2443.8044956460444
3056,3056,10.30559375,0.0089268115957955,(-0.07299084668538783+0.058230152601834666j),2444.6044316511657,(-0.07299084668538962+0.058230152601834353j),2444.6044316511657
3057,3057,10.30569375,0.0099082797508486,(-0.07815603756345646-0.19377285395596255j),2445.4043676562874,(-0.07815603756345413-0.1937728539559604j),2445.4043676562874
3058,3058,10.30579375,0.0090473500533931,(0.1621515652628943+0.0707243365327996j),2446.2043036614086,(0.16215156526289498+0.0707243365327929j),2446.2043036614086
3059,3059,10.30589375,0.0087634973263107,(-0.005581417984023344-0.07363974511090868j),2447.0042396665303,(-0.0055814179840233975-0.07363974511090775j),2447.0042396665303
3060,3060,10.30599375,0.0076148747014074,(-0.015029272326153654+0.1630896952052077j),2447.804175671652,(-0.015029272326152227+0.1630896952052099j),2447.8041756716516
3061,3061,10.30609375,0.0065458929650161,(-0.0418376069748731+0.000640590836340561j),2448.6041116767733,(-0.04183760697487108+0.0006405908363395346j),2448.6041116767733
3062,3062,10.30619375,0.0060267479700787,(0.010983811346427431+0.03800544229779565j),2449.4040476818946,(0.010983811346430707+0.03800544229779365j),2449.4040476818946
3063,3063,10.30629375,0.0055062314438523,(-0.2851410704430852-0.22537996740889493j),2450.2039836870163,(-0.2851410704430882-0.22537996740889527j),2450.2039836870163
3064,3064,10.306393750000002,0.0063871087277264,(-0.2405558902131863+0.040216206719289035j),2451.003919692137,(-0.24055589021318655+0.04021620671928954j),2451.0039196921375
3065,3065,10.30649375,0.0061453354310697,(0.10529420255758822-0.3022240963697701j),2451.8038556972588,(0.1052942025575852-0.3022240963697675j),2451.8038556972588
3066,3066,10.30659375,0.0064459857020951,(0.017790380771794907-0.07221640000430456j),2452.6037917023805,(0.01779038077179494-0.07221640000429967j),2452.6037917023805
3067,3067,10.30669375,0.0080863344745859,(0.11420047268353248+0.025296503848275323j),2453.4037277075017,(0.11420047268352862+0.025296503848276294j),2453.4037277075017
3068,3068,10.30679375,0.0080567511667995,(-0.0034998648031396157+0.12308258621959495j),2454.2036637126234,(-0.0034998648031428735+0.12308258621959331j),2454.2036637126234
3069,3069,10.30689375,0.0095106585711938,(-0.00949708793906144+0.07107532917698252j),2455.0035997177447,(-0.009497087939061713+0.07107532917698176j),2455.0035997177447
3070,3070,10.30699375,0.0094016359944041,(-0.13638295267567868+0.11958832025197108j),2455.8035357228664,(-0.13638295267567982+0.11958832025196808j),2455.8035357228664
3071,3071,10.30709375,0.0092564037554812,(0.06455672020330835-0.09234035236022275j),2456.603471727988,(0.06455672020330994-0.09234035236022436j),2456.6034717279877
3072,3072,10.30719375,0.0096844278797129,(-0.07329040354360555+0.12649515775040868j),2457.403407733109,(-0.07329040354360408+0.126495157750408j),2457.403407733109
3073,3073,10.30729375,0.0085480513676724,(-0.10686533658906917+0.20267225148624332j),2458.2033437382306,(-0.10686533658906908+0.2026722514862405j),2458.2033437382306
3074,3074,10.30739375,0.0065657853398911,(-0.3706786991438307-0.18852325182210267j),2459.003279743352,(-0.37067869914382895-0.18852325182210494j),2459.003279743352
3075,3075,10.30749375,0.005701742507408,(0.023466403634148012-0.014992903809293714j),2459.8032157484736,(0.02346640363414427-0.014992903809292127j),2459.8032157484736
3076,3076,10.30759375,0.0054630121775655,(0.07924455066210226-0.2217233199726998j),2460.603151753595,(0.07924455066210313-0.2217233199726983j),2460.603151753595
3077,3077,10.30769375,0.0058140575493024,(-0.09253080026604568+0.15194265809186847j),2461.4030877587165,(-0.092530800266043+0.15194265809186522j),2461.4030877587165
3078,3078,10.30779375,0.0053893497266546,(0.014159391630485366-0.04989473689906835j),2462.203023763838,(0.014159391630484672-0.049894736899062736j),2462.203023763838
3079,3079,10.30789375,0.0054036370621262,(-0.02381549718274+0.056941550587137985j),2463.0029597689595,(-0.023815497182738406+0.05694155058713447j),2463.0029597689595
3080,3080,10.30799375,0.0060277534599194,(0.07268730591160658-0.055378821253362104j),2463.8028957740808,(0.07268730591160763-0.05537882125336138j),2463.8028957740808
3081,3081,10.30809375,0.0059252340379688,(-0.10543772322091688+0.09957702779851683j),2464.602831779202,(-0.10543772322091405+0.09957702779851463j),2464.602831779202
3082,3082,10.30819375,0.0056430332791352,(0.033633372815979654-0.2469174760864301j),2465.402767784324,(0.033633372815980125-0.2469174760864279j),2465.4027677843237
3083,3083,10.30829375,0.0061690510948516,(-0.17360837876613505-0.0040549843613536946j),2466.202703789445,(-0.17360837876613405-0.004054984361354j),2466.202703789445
3084,3084,10.30839375,0.0048411951537941,(0.09125136481382846-0.2994771223469555j),2467.0026397945667,(0.09125136481382787-0.2994771223469529j),2467.0026397945667
3085,3085,10.30849375,0.0059418978543347,(0.08377337199955603-0.07749938363021118j),2467.802575799688,(0.08377337199955476-0.0774993836302128j),2467.802575799688
3086,3086,10.30859375,0.0053166736568974,(0.12180178111352252-0.07443205549088566j),2468.6025118048096,(0.12180178111352397-0.07443205549088375j),2468.6025118048096
3087,3087,10.308693750000002,0.0055064025818669,(-0.11245522840457729-0.12081900049634967j),2469.402447809931,(-0.11245522840457944-0.12081900049635122j),2469.402447809931
3088,3088,10.30879375,0.0050939100002679,(0.14911227202161043-0.05900693499301652j),2470.2023838150526,(0.14911227202161162-0.059006934993019046j),2470.2023838150526
3089,3089,10.30889375,0.0041452866941524,(-0.22339884381284517+0.06623385814326835j),2471.002319820174,(-0.2233988438128457+0.06623385814326677j),2471.002319820174
3090,3090,10.30899375,0.0038056921427725,(0.07580202372564115-0.20690939336694425j),2471.802255825295,(0.0758020237256408-0.2069093933669432j),2471.802255825295
3091,3091,10.30909375,0.0025779914895054,(0.13228979912600866-0.024393600829884392j),2472.602191830417,(0.13228979912600825-0.024393600829883053j),2472.602191830417
3092,3092,10.30919375,0.002216851967685,(0.30461693850945054+0.18556582098825292j),2473.402127835538,(0.30461693850944804+0.18556582098824803j),2473.402127835538
3093,3093,10.30929375,0.0022754138961719,(-0.11533357822177923+0.2034573683331125j),2474.20206384066,(-0.11533357822177834+0.20345736833311212j),2474.20206384066
3094,3094,10.30939375,0.001746232623201,(0.06982985621140525+0.04722520148911202j),2475.001999845781,(0.06982985621140439+0.047225201489110843j),2475.001999845781
3095,3095,10.30949375,0.0021331832541342,(-0.043266927626569474-0.20017503373754753j),2475.8019358509027,(-0.04326692762657097-0.20017503373754977j),2475.8019358509027
3096,3096,10.30959375,0.0032588199374055,(-0.06727480193584615-0.0460258000565506j),2476.601871856024,(-0.06727480193584623-0.04602580005655262j),2476.601871856024
3097,3097,10.30969375,0.0038831290838024,(0.08257339163697736-0.016220538460064174j),2477.4018078611457,(0.08257339163697988-0.016220538460061724j),2477.4018078611457
3098,3098,10.30979375,0.0043965122801486,(0.0991016861675871+0.11891149117801877j),2478.201743866267,(0.09910168616758597+0.11891149117801678j),2478.201743866267
3099,3099,10.30989375,0.0046925318824496,(0.10093693451812108+0.18538155589811034j),2479.001679871388,(0.10093693451812062+0.18538155589811103j),2479.001679871388
3100,3100,10.30999375,0.0045839807061745,(-0.2261497561044804+0.11086582370790679j),2479.80161587651,(-0.22614975610448068+0.11086582370790646j),2479.80161587651
3101,3101,10.31009375,0.0038843596637955,(0.01799513454432736-0.013252869004614053j),2480.601551881631,(0.01799513454432786-0.013252869004616242j),2480.601551881631
3102,3102,10.31019375,0.0025559507781915,(-0.04254517513857567-0.20890685249975627j),2481.401487886753,(-0.04254517513857818-0.20890685249975713j),2481.401487886753
3103,3103,10.31029375,0.0027892897845236,(0.06959993971344558-0.057560845825546623j),2482.201423891874,(0.06959993971344751-0.057560845825543265j),2482.201423891874
3104,3104,10.31039375,0.0022628038513524,(-0.09052930255644848+0.22929193646173024j),2483.001359896996,(-0.09052930255644738+0.22929193646173662j),2483.001359896996
3105,3105,10.31049375,0.0021612189547138,(-0.10283659799541131-0.10604593338128508j),2483.801295902117,(-0.10283659799541348-0.1060459333812862j),2483.801295902117
3106,3106,10.31059375,0.0015590096389806,(-0.1268523299829362+0.10748307945608794j),2484.601231907239,(-0.12685232998293566+0.10748307945608974j),2484.601231907239
3107,3107,10.31069375,0.0015818228671643,(-0.026110820845399136+0.015374323907230593j),2485.40116791236,(-0.026110820845399334+0.015374323907229693j),2485.40116791236
3108,3108,10.31079375,0.0018901426947102,(0.1669747816734203+0.11543520334963404j),2486.2011039174813,(0.16697478167342367+0.11543520334963367j),2486.2011039174813
3109,3109,10.31089375,0.0028803274187803,(0.05150180577484856+0.0019597338107428426j),2487.001039922603,(0.05150180577484702+0.0019597338107422355j),2487.001039922603
3110,3110,10.310993750000002,0.0031163832310709,(-0.04744122995191776-0.0736366973728929j),2487.8009759277243,(-0.047441229951917255-0.07363669737289848j),2487.8009759277243
3111,3111,10.31109375,0.0030588767522947,(0.1788741068759712-0.11174547448469978j),2488.600911932846,(0.1788741068759698-0.11174547448470198j),2488.600911932846
3112,3112,10.31119375,0.0036526366281208,(0.09079164656130492+0.09678937560268355j),2489.4008479379672,(0.09079164656130466+0.09678937560268326j),2489.4008479379672
3113,3113,10.31129375,0.0042206741379429,(0.1347673943902303-0.07141323538459061j),2490.200783943089,(0.13476739439023186-0.07141323538459282j),2490.200783943089
3114,3114,10.31139375,0.0047915610984057,(-0.18533368735667238+0.32641394344385166j),2491.00071994821,(-0.18533368735667194+0.3264139434438542j),2491.00071994821
3115,3115,10.31149375,0.0043411254061286,(-0.06239423192221836-0.2010249523366123j),2491.800655953332,(-0.06239423192221699-0.2010249523366077j),2491.800655953332
3116,3116,10.31159375,0.0061073734503479,(-0.11652005065097656+0.045585976647967805j),2492.600591958453,(-0.11652005065097462+0.045585976647970594j),2492.600591958453
3117,3117,10.31169375,0.004072916088148,(-0.037071820277511616-0.1213220533939112j),2493.4005279635744,(-0.037071820277512386-0.12132205339390664j),2493.4005279635744
3118,3118,10.31179375,0.0054950048490587,(0.06434239562180348-0.03580877829195711j),2494.200463968696,(0.06434239562180444-0.03580877829195597j),2494.200463968696
3119,3119,10.31189375,0.0045997786783948,(0.11870633102949263+0.055876014992144306j),2495.0003999738174,(0.11870633102949295+0.05587601499214613j),2495.0003999738174
3120,3120,10.31199375,0.0051888549143528,(0.161366193103739+0.2158739127949245j),2495.800335978939,(0.1613661931037415+0.21587391279492552j),2495.800335978939
3121,3121,10.31209375,0.0049919345738814,(0.004708168581842462-0.16178844129664532j),2496.6002719840603,(0.004708168581841574-0.16178844129664605j),2496.6002719840603
3122,3122,10.31219375,0.0042375860955049,(0.10170575623032808+0.013329370571167086j),2497.400207989182,(0.10170575623032599+0.013329370571165428j),2497.400207989182
3123,3123,10.31229375,0.0050757431079086,(-0.02784924592590941-0.05564825416408628j),2498.2001439943037,(-0.027849245925912154-0.05564825416408835j),2498.2001439943033
3124,3124,10.31239375,0.0042152827728272,(-0.1366752563339298+0.17168192449413924j),2499.000079999425,(-0.13667525633392819+0.17168192449413716j),2499.000079999425
3125,3125,10.312493750000002,0.0048958962825747,(0.013914800745028575-0.004284564883386001j),2499.8000160045463,(0.013914800745029605-0.004284564883384804j),2499.8000160045463
3126,3126,10.31259375,0.006098381958645,(-0.13652549142204864+0.06521235151962244j),2500.5999520096675,(-0.13652549142204887+0.06521235151962369j),2500.5999520096675
3127,3127,10.31269375,0.0064544618311806,(-0.03462777849059735-0.009815575210178836j),2501.399888014789,(-0.03462777849059739-0.00981557521017943j),2501.399888014789
3128,3128,10.31279375,0.0077544834617551,(-0.06292246317576683-0.028811951664213943j),2502.1998240199105,(-0.0629224631757691-0.028811951664211848j),2502.1998240199105
3129,3129,10.31289375,0.00782124294921,(0.12982942770303094-0.0585666769614387j),2502.999760025032,(0.12982942770302996-0.05856667696143581j),2502.999760025032
3130,3130,10.31299375,0.0086498511775377,(-0.06886137590090965-0.023124743760542295j),2503.7996960301534,(-0.06886137590090816-0.023124743760541522j),2503.7996960301534
3131,3131,10.31309375,0.0091677941134692,(0.0827384734234387-0.12059499328349622j),2504.599632035275,(0.08273847342343821-0.12059499328349708j),2504.599632035275
3132,3132,10.31319375,0.0081333449093366,(-0.1063976991302163-0.012075465688991524j),2505.3995680403964,(-0.10639769913021577-0.012075465688991809j),2505.3995680403964
3133,3133,10.31329375,0.0074294720933784,(0.01034522188265416-0.16554583270277046j),2506.199504045518,(0.010345221882651676-0.1655458327027703j),2506.199504045518
3134,3134,10.31339375,0.0056426501872502,(0.10119046656400375-0.03247316511234447j),2506.99944005064,(0.10119046656400203-0.03247316511234222j),2506.9994400506394
3135,3135,10.31349375,0.006073860756518,(0.10183441082860961+0.057454656537483384j),2507.7993760557606,(0.1018344108286087+0.05745465653748546j),2507.7993760557606
3136,3136,10.31359375,0.0050930284694703,(-0.08511068694487009-0.013229022063052279j),2508.5993120608823,(-0.08511068694486762-0.013229022063055353j),2508.5993120608823
3137,3137,10.31369375,0.0057108246160184,(-0.12648377351697315+0.07769620695995058j),2509.399248066004,(-0.12648377351697293+0.07769620695995269j),2509.3992480660036
3138,3138,10.31379375,0.0067466471346058,(0.033123680555246476-0.14840146689406564j),2510.1991840711253,(0.03312368055524716-0.1484014668940635j),2510.1991840711253
3139,3139,10.31389375,0.0075791296616742,(0.1412529219364423-0.01205180749914369j),2510.9991200762465,(0.14125292193643946-0.012051807499143793j),2510.9991200762465
3140,3140,10.31399375,0.0088578128382168,(0.02552515022962431-0.000801272828860982j),2511.799056081368,(0.025525150229625024-0.0008012728288613394j),2511.7990560813682
3141,3141,10.31409375,0.0086318773445686,(-0.14763829203451756-0.1841407777059639j),2512.598992086489,(-0.147638292034517-0.18414077770596757j),2512.5989920864895
3142,3142,10.31419375,0.0090695982326908,(0.07007495204191296+0.04865255207759996j),2513.398928091611,(0.07007495204190534+0.04865255207760098j),2513.398928091611
3143,3143,10.31429375,0.0090544000579498,(-0.042519998549044064+0.27637747490746034j),2514.1988640967324,(-0.04251999854904513+0.27637747490746023j),2514.1988640967324
3144,3144,10.31439375,0.0089893314279002,(-0.14076776733395785-0.025358872646240697j),2514.9988001018537,(-0.1407677673339548-0.025358872646240933j),2514.9988001018537
3145,3145,10.31449375,0.0086978321238741,(-0.04958660469283286-0.0541420424589794j),2515.7987361069754,(-0.04958660469283474-0.054142042458981424j),2515.7987361069754
3146,3146,10.31459375,0.0073477632939055,(-0.0794590449322875-0.04257127796585536j),2516.5986721120967,(-0.0794590449322886-0.04257127796585493j),2516.5986721120967
3147,3147,10.31469375,0.0078878954262647,(-0.10067914108405296+0.06214066094304324j),2517.3986081172184,(-0.10067914108405528+0.06214066094304638j),2517.3986081172184
3148,3148,10.314793750000002,0.0070410965580904,(0.04510814953145437-0.25812424740674955j),2518.19854412234,(0.04510814953145614-0.258124247406751j),2518.1985441223396
3149,3149,10.31489375,0.0068408693827623,(-0.05340348677443135+0.020536387361111106j),2518.9984801274613,(-0.05340348677442957+0.020536387361108736j),2518.9984801274613
3150,3150,10.31499375,0.005442792440612,(0.14024105064996684-0.003374761046767441j),2519.7984161325826,(0.14024105064996784-0.0033747610467647488j),2519.7984161325826
3151,3151,10.31509375,0.0066662056883489,(0.0411461796770957+0.018773433552188357j),2520.598352137704,(0.04114617967709216+0.018773433552188697j),2520.598352137704
3152,3152,10.31519375,0.0081958336591604,(0.008099243213821486-0.029660856090431682j),2521.398288142825,(0.008099243213824332-0.02966085609043005j),2521.3982881428255
3153,3153,10.31529375,0.0080285167551286,(0.1643703838465157-0.002290366625729623j),2522.198224147947,(0.16437038384651334-0.002290366625735285j),2522.198224147947
3154,3154,10.31539375,0.0078978285729608,(-0.17360543085149172-0.03773861676325807j),2522.9981601530685,(-0.17360543085149113-0.037738616763261124j),2522.9981601530685
3155,3155,10.31549375,0.0092778620198236,(0.04569223499142925-0.022800548950420413j),2523.7980961581898,(0.04569223499143022-0.022800548950417353j),2523.7980961581898
3156,3156,10.31559375,0.0093280053465218,(-0.07693672236852879+0.3154729047403837j),2524.5980321633115,(-0.07693672236852984+0.3154729047403834j),2524.5980321633115
3157,3157,10.31569375,0.009013516134095,(-0.11060512620933749-0.013685490816711839j),2525.3979681684327,(-0.11060512620933781-0.013685490816706246j),2525.3979681684327
3158,3158,10.31579375,0.0081075925583571,(0.10250364708025395-0.17251295994317176j),2526.1979041735544,(0.10250364708025209-0.17251295994316876j),2526.1979041735544
3159,3159,10.31589375,0.0070770816491995,(-0.041919717165583306+0.009074958727573225j),2526.997840178676,(-0.04191971716558272+0.00907495872757464j),2526.9978401786757
3160,3160,10.31599375,0.007159558235301,(-0.12269766729767892-0.012699923193843742j),2527.797776183797,(-0.12269766729767759-0.012699923193846462j),2527.797776183797
3161,3161,10.31609375,0.0052343835854177,(0.05382952518865078-0.13107880428379082j),2528.597712188918,(0.05382952518865185-0.13107880428379268j),2528.5977121889186
3162,3162,10.31619375,0.0059190790368971,(0.056021533373974+0.022957937792203204j),2529.39764819404,(0.05602153337397634+0.022957937792200615j),2529.39764819404
3163,3163,10.316293750000002,0.005037625899374,(-0.1205384300832574+0.06429116826885753j),2530.1975841991616,(-0.12053843008325899+0.06429116826886208j),2530.1975841991616
3164,3164,10.31639375,0.0046227781053934,(0.12872881613866521+0.06095294082616598j),2530.997520204283,(0.12872881613867032+0.060952940826166695j),2530.997520204283
3165,3165,10.31649375,0.0046781530658882,(0.1309569894594758-0.046146279382587786j),2531.797456209405,(0.13095698945947487-0.046146279382586586j),2531.7974562094046
3166,3166,10.31659375,0.0036395077820821,(0.13597017844848908-0.04032377914739111j),2532.597392214526,(0.13597017844848686-0.040323779147390916j),2532.597392214526
3167,3167,10.31669375,0.0045111735314068,(0.07665215288178583-0.10309372373262055j),2533.3973282196475,(0.0766521528817852-0.10309372373262288j),2533.3973282196475
3168,3168,10.31679375,0.0042826783328279,(0.15314620271989854+0.07252830865188728j),2534.197264224769,(0.15314620271989937+0.07252830865188682j),2534.197264224769
3169,3169,10.31689375,0.0055378422657669,(-0.0945824478354384+0.13638025510444962j),2534.99720022989,(-0.0945824478354403+0.1363802551044442j),2534.99720022989
3170,3170,10.31699375,0.0056590840891146,(0.10930226038989722+0.06343269033014123j),2535.797136235012,(0.10930226038989947+0.06343269033013636j),2535.7971362350117
3171,3171,10.317093750000002,0.0065018206648561,(-0.07887236460440945+0.1026298424265233j),2536.597072240133,(-0.07887236460441022+0.10262984242652523j),2536.597072240133
3172,3172,10.31719375,0.005097484640303,(-0.006873308761109489-0.012167176702487528j),2537.3970082452547,(-0.006873308761109351-0.012167176702485401j),2537.3970082452547
3173,3173,10.31729375,0.0059649207038176,(-0.2684156279118912+0.1613257584352538j),2538.196944250376,(-0.26841562791189266+0.16132575843524927j),2538.196944250376
3174,3174,10.31739375,0.0038053624415315,(0.10539542191301521-0.054342490641569784j),2538.9968802554977,(0.10539542191301425-0.054342490641562644j),2538.9968802554977
3175,3175,10.31749375,0.0031702896888489,(-0.11874128543810102+0.13408416059221553j),2539.796816260619,(-0.11874128543809923+0.1340841605922165j),2539.796816260619
3176,3176,10.31759375,0.0030562533001639,(-0.09408812969938296+0.06600300114560192j),2540.5967522657406,(-0.09408812969938474+0.06600300114560204j),2540.5967522657406
3177,3177,10.31769375,0.0020006709000155,(0.019850191627694823+0.12660057140487788j),2541.396688270862,(0.019850191627696925+0.12660057140487493j),2541.396688270862
3178,3178,10.31779375,0.0013945727459363,(0.019363939130849175-0.004961214882017549j),2542.196624275983,(0.01936393913084716-0.0049612148820172815j),2542.196624275983
3179,3179,10.31789375,0.0009328306034581,(-0.0018672810606917677-0.03322239629387944j),2542.996560281105,(-0.0018672810606926733-0.03322239629387535j),2542.996560281105
3180,3180,10.31799375,0.0022037915750904,(0.078588795161845-0.028487250556042624j),2543.796496286226,(0.07858879516184336-0.028487250556039925j),2543.796496286226
3181,3181,10.31809375,0.0033332950336503,(-0.11879778393782638-0.10569566752287021j),2544.596432291348,(-0.11879778393782701-0.10569566752287289j),2544.596432291348
3182,3182,10.31819375,0.0038923427737471,(-0.02904936349642907-0.07769018307048983j),2545.396368296469,(-0.029049363496424598-0.07769018307049032j),2545.396368296469
3183,3183,10.31829375,0.0040938926937809,(0.1090344869559836+0.04554618586336515j),2546.1963043015908,(0.1090344869559827+0.04554618586336369j),2546.1963043015908
3184,3184,10.31839375,0.0044202692992095,(-0.07428738819400119-0.05222585675529305j),2546.996240306712,(-0.07428738819400091-0.052225856755293815j),2546.996240306712
3185,3185,10.31849375,0.0038809099679431,(-0.07219600607862191+0.007739086742718241j),2547.7961763118337,(-0.07219600607862288+0.0077390867427198995j),2547.7961763118337
3186,3186,10.318593750000002,0.0035926300650114,(0.019929321697267098-0.1385481436266018j),2548.596112316955,(0.019929321697268132-0.13854814362660342j),2548.596112316955
3187,3187,10.31869375,0.0025090805059441,(-0.017806735612641112+0.0002424137164463143j),2549.396048322076,(-0.01780673561264097+0.0002424137164463697j),2549.3960483220762
3188,3188,10.31879375,0.0023500370968646,(0.14217584847003714+0.05111417681492581j),2550.195984327198,(0.1421758484700381+0.05111417681492782j),2550.195984327198
3189,3189,10.31889375,0.0027008633366107,(-0.010879149432301026-0.03785697096144033j),2550.995920332319,(-0.010879149432297822-0.03785697096144203j),2550.995920332319
3190,3190,10.31899375,0.0028341937636257,(-0.12129236583181364+0.09376932612930663j),2551.795856337441,(-0.12129236583181197+0.09376932612930707j),2551.795856337441
3191,3191,10.31909375,0.0023294191146569,(-0.018489621657009202-0.09051954253029738j),2552.595792342562,(-0.018489621657011228-0.0905195425302968j),2552.595792342562
3192,3192,10.31919375,0.002641902688873,(-0.04145942523535372+0.08170294873010925j),2553.395728347684,(-0.041459425235352065+0.08170294873011044j),2553.395728347684
3193,3193,10.31929375,0.0026719264925262,(0.0969613930166093+0.14942376579292166j),2554.195664352805,(0.09696139301660996+0.14942376579292618j),2554.195664352805
3194,3194,10.31939375,0.0027678665441342,(-0.019067543127346084-0.22015887526078068j),2554.995600357927,(-0.019067543127343753-0.2201588752607821j),2554.995600357927
3195,3195,10.31949375,0.0033043729152162,(0.11970232286698412+0.03147227754402126j),2555.795536363048,(0.11970232286698552+0.031472277544025824j),2555.795536363048
3196,3196,10.31959375,0.0041539426676776,(0.01649186749912448+0.03031023252285694j),2556.5954723681693,(0.016491867499127816+0.030310232522857587j),2556.5954723681693
3197,3197,10.31969375,0.0046863599161187,(0.07868677737093624+0.05331723359273989j),2557.395408373291,(0.07868677737093756+0.05331723359273649j),2557.395408373291
3198,3198,10.31979375,0.0046192145207611,(-0.14966241944443676+0.05861122449970062j),2558.1953443784123,(-0.14966241944443465+0.058611224499702j),2558.1953443784123
3199,3199,10.31989375,0.004624012538162,(0.050828042082930056+0.014209611276818936j),2558.995280383534,(0.05082804208293107+0.014209611276818735j),2558.995280383534
3200,3200,10.31999375,0.0054437954360348,(-0.06530984688221365+0.02588373901180493j),2559.7952163886557,(-0.06530984688221639+0.0258837390118043j),2559.7952163886553
3201,3201,10.32009375,0.0056786972429051,(-0.03333528334962102+0.007067896194153791j),2560.595152393777,(-0.033335283349621006+0.007067896194155969j),2560.595152393777
3202,3202,10.32019375,0.0058068165049596,(0.07833058633863837+0.04740163069204658j),2561.395088398898,(0.07833058633863638+0.04740163069204446j),2561.395088398898
3203,3203,10.32029375,0.0047501034479548,(0.029799564058700996-0.08583099676059644j),2562.19502440402,(0.029799564058701242-0.08583099676059552j),2562.19502440402
3204,3204,10.32039375,0.0048081725648085,(0.016340764088136134+0.08223434158173923j),2562.994960409141,(0.01634076408813131+0.08223434158174j),2562.994960409141
3205,3205,10.32049375,0.0048777788646721,(-0.02899427235366647-0.04279568706428007j),2563.7948964142624,(-0.028994272353668787-0.04279568706428146j),2563.7948964142624
3206,3206,10.32059375,0.0045564669511157,(-0.19616263732385206+0.10445448903572326j),2564.594832419384,(-0.19616263732384964+0.10445448903571974j),2564.594832419384
3207,3207,10.32069375,0.0034975488268179,(0.019753113106909692-0.1582805572043861j),2565.3947684245054,(0.019753113106910802-0.15828055720438822j),2565.3947684245054
3208,3208,10.32079375,0.0036472618109781,(0.13992968006760714+0.0017458054199276374j),2566.194704429627,(0.13992968006761225+0.0017458054199260276j),2566.194704429627
3209,3209,10.320893750000002,0.0044762687739903,(-0.12207238670240425+0.0686502460640645j),2566.9946404347484,(-0.12207238670240143+0.06865024606406449j),2566.9946404347484
3210,3210,10.32099375,0.0061405490863651,(0.05118398144196337-0.0029623546306709325j),2567.79457643987,(0.05118398144196519-0.002962354630669968j),2567.79457643987
3211,3211,10.32109375,0.0061437239204294,(-0.10549295465363256+0.08878829262567185j),2568.594512444992,(-0.1054929546536303+0.08878829262567421j),2568.5945124449913
3212,3212,10.32119375,0.0081584088609127,(-0.03818880772022111-0.0002240395784275477j),2569.394448450113,(-0.0381888077202254-0.00022403957843089226j),2569.394448450113
3213,3213,10.32129375,0.0085624698749705,(0.04305237346062858-0.013054156567015137j),2570.1943844552343,(0.0430523734606333-0.013054156567015793j),2570.1943844552343
3214,3214,10.32139375,0.0088841507875159,(0.12389302900111358-0.16947537770324667j),2570.9943204603555,(0.12389302900111271-0.16947537770324797j),2570.9943204603555
3215,3215,10.32149375,0.0088636483401098,(0.12434234553955031-0.010008506166468062j),2571.794256465477,(0.12434234553954818-0.010008506166470775j),2571.7942564654772
3216,3216,10.32159375,0.0082258387832869,(-0.05284886153609328+0.09353211836917034j),2572.5941924705985,(-0.05284886153609574+0.09353211836916815j),2572.5941924705985
3217,3217,10.32169375,0.0091167758446813,(0.031679043171261266+0.03050216264945104j),2573.39412847572,(0.03167904317126147+0.030502162649448977j),2573.39412847572
3218,3218,10.32179375,0.007679578084822,(0.12034968347746619+0.05739174787249725j),2574.194064480841,(0.12034968347746507+0.05739174787249758j),2574.1940644808415
3219,3219,10.32189375,0.0062651409834239,(0.005854861412883275+0.014574351350279326j),2574.994000485963,(0.0058548614128842704+0.014574351350280389j),2574.994000485963
3220,3220,10.32199375,0.0060697635168181,(0.04715009155022158+0.08467888541809432j),2575.7939364910844,(0.0471500915502229+0.08467888541809578j),2575.7939364910844
3221,3221,10.32209375,0.005473043231871,(-0.08476484747987881-0.08164561763351631j),2576.5938724962057,(-0.08476484747987711-0.08164561763351652j),2576.5938724962057
3222,3222,10.32219375,0.0072791440002618,(-0.03913220683228736+0.07588685983299229j),2577.3938085013274,(-0.039132206832287283+0.07588685983298947j),2577.3938085013274
3223,3223,10.32229375,0.0076869769379166,(-0.07193821639361529-0.0800925945845748j),2578.1937445064486,(-0.07193821639361637-0.08009259458457256j),2578.1937445064486
3224,3224,10.322393750000002,0.0090845366232474,(-0.12844892092912252+0.05127409943159689j),2578.9936805115703,(-0.12844892092912033+0.051274099431594j),2578.9936805115703
3225,3225,10.32249375,0.0092549045604995,(0.0539906466095416+0.09778716268641381j),2579.793616516692,(0.05399064660953908+0.09778716268640995j),2579.7936165166916
3226,3226,10.32259375,0.0096797958182896,(-0.05565527859179897-0.0054510691979468675j),2580.5935525218133,(-0.05565527859179733-0.00545106919794563j),2580.5935525218133
3227,3227,10.32269375,0.0100162066748817,(-0.021990334119647896-0.04241046465393243j),2581.3934885269346,(-0.021990334119650384-0.04241046465393569j),2581.3934885269346
3228,3228,10.32279375,0.0093841150087134,(0.06955683496547865-0.09918902208095144j),2582.1934245320563,(0.06955683496547813-0.09918902208095075j),2582.1934245320563
3229,3229,10.32289375,0.0086575029773316,(-0.0158652149827233-0.03141054838970735j),2582.993360537177,(-0.01586521498272409-0.03141054838970964j),2582.9933605371775
3230,3230,10.32299375,0.007432457942496,(-0.038088602747736094+0.006932735196111585j),2583.793296542299,(-0.03808860274773999+0.006932735196110199j),2583.793296542299
3231,3231,10.32309375,0.0063148568498711,(0.09256237443301489-0.10812467096082487j),2584.5932325474205,(0.09256237443301346-0.10812467096082264j),2584.5932325474205
3232,3232,10.323193750000002,0.0046819985335893,(0.06852767732201823+0.009977126601464877j),2585.3931685525417,(0.06852767732201819+0.00997712660147014j),2585.3931685525417
3233,3233,10.32329375,0.0051425487842711,(0.04238105396447663+0.09841411091482957j),2586.1931045576634,(0.042381053964479984+0.09841411091483251j),2586.1931045576634
3234,3234,10.32339375,0.0065867346203957,(0.05589200246697709-0.01597934071037805j),2586.9930405627847,(0.05589200246697912-0.015979340710374507j),2586.9930405627847
3235,3235,10.32349375,0.0074351829825328,(-0.02636887700521596+0.038724364939069465j),2587.7929765679064,(-0.026368877005213655+0.03872436493906874j),2587.7929765679064
3236,3236,10.32359375,0.0081961336957441,(0.03667162647935532-0.07752805769847854j),2588.592912573028,(0.03667162647935582-0.07752805769848274j),2588.5929125730277
3237,3237,10.32369375,0.009020452251453,(0.0966747970678064-0.014267649793561314j),2589.3928485781494,(0.09667479706780666-0.014267649793562813j),2589.3928485781494
3238,3238,10.32379375,0.0088455845355834,(-0.006038869861958165-0.00686282977092209j),2590.1927845832706,(-0.006038869861960724-0.006862829770924885j),2590.1927845832706
3239,3239,10.32389375,0.0088130590912919,(0.04618767656778816+0.025699836006004326j),2590.992720588392,(0.04618767656778448+0.025699836006005086j),2590.992720588392
3240,3240,10.32399375,0.007544288780578,(-0.02454830084026055-0.01046114069713323j),2591.7926565935136,(-0.02454830084026024-0.010461140697132918j),2591.7926565935136
3241,3241,10.32409375,0.0070721019268024,(-0.002474652244119704-0.0017192077668148798j),2592.592592598635,(-0.0024746522441196433-0.0017192077668136702j),2592.592592598635
3242,3242,10.32419375,0.0060172975087672,(-0.04017214496855068-0.04707440912572255j),2593.3925286037565,(-0.04017214496855231-0.04707440912572173j),2593.3925286037565
3243,3243,10.32429375,0.0047863613981172,(0.10121056186644278+0.00895740462685371j),2594.192464608878,(0.10121056186644056+0.008957404626854806j),2594.192464608878
3244,3244,10.32439375,0.0057367561347817,(0.07741662714584485+0.0014160636516425754j),2594.9924006139995,(0.07741662714584409+0.0014160636516451566j),2594.9924006139995
3245,3245,10.32449375,0.0059704235439577,(-0.05988730833081812-0.04503126757370685j),2595.7923366191208,(-0.05988730833081508-0.045031267573706124j),2595.7923366191208
3246,3246,10.32459375,0.0064851004056935,(0.02501467427117731+0.10646312325501515j),2596.5922726242425,(0.025014674271173286+0.10646312325501396j),2596.5922726242425
3247,3247,10.324693750000002,0.0061529363445246,(-0.09142219898322139-0.009008723458351381j),2597.392208629364,(-0.09142219898322007-0.009008723458354212j),2597.3922086293637
3248,3248,10.32479375,0.0054095254023333,(0.0841973393654546-0.03246192554037767j),2598.192144634485,(0.0841973393654524-0.0324619255403781j),2598.192144634485
3249,3249,10.32489375,0.0054791268599664,(0.10102994211120239+0.21717010822033816j),2598.9920806396067,(0.10102994211120322+0.21717010822034066j),2598.9920806396067
3250,3250,10.32499375,0.0047974642805544,(-0.08958071783687771-0.05062984032251845j),2599.792016644728,(-0.08958071783687907-0.05062984032251969j),2599.792016644728
3251,3251,10.32509375,0.0044820551009195,(0.092669472541437-0.014585323701486949j),2600.5919526498496,(0.09266947254143752-0.014585323701487012j),2600.5919526498496
3252,3252,10.32519375,0.0037104973331792,(-0.04145197938250551-0.10960701670713299j),2601.391888654971,(-0.041451979382504806-0.10960701670713743j),2601.391888654971
3253,3253,10.32529375,0.0030625893416628,(0.03327280910639074+0.005157511211698364j),2602.1918246600926,(0.03327280910639286+0.00515751121169899j),2602.1918246600926
3254,3254,10.32539375,0.0033877377560899,(0.006929607715382075+0.034069351838923366j),2602.991760665214,(0.006929607715382628+0.034069351838928466j),2602.991760665214
3255,3255,10.32549375,0.0032906069223998,(-0.1988365532643704-0.10646048853539025j),2603.791696670336,(-0.19883655326436805-0.10646048853538685j),2603.7916966703356
3256,3256,10.32559375,0.0039258619430306,(-0.021574353231276017+0.19293586720684602j),2604.591632675457,(-0.021574353231277876+0.19293586720684078j),2604.591632675457
3257,3257,10.32569375,0.0045632466349189,(0.006309752424958473-0.2266988679390497j),2605.391568680578,(0.006309752424956655-0.22669886793905183j),2605.391568680578
3258,3258,10.32579375,0.0051094197978185,(-0.027601491197632347+0.08949553091125279j),2606.1915046857,(-0.02760149119763452+0.08949553091125853j),2606.1915046857
3259,3259,10.32589375,0.0054355131878943,(0.011176972831453476+0.14595611393377514j),2606.991440690821,(0.011176972831456043+0.14595611393377525j),2606.991440690821
3260,3260,10.32599375,0.00472025439053,(-2.0922398399871728e-05+0.04296652026439861j),2607.7913766959427,(-2.092239839985785e-05+0.04296652026439647j),2607.7913766959427
3261,3261,10.32609375,0.003907605668266,(-0.13658409799821708+0.05410846582569219j),2608.591312701064,(-0.13658409799821866+0.05410846582569409j),2608.591312701064
3262,3262,10.32619375,0.0024682480760955,(-0.10858757996379641-0.12073919951955434j),2609.3912487061857,(-0.10858757996379946-0.12073919951954983j),2609.3912487061857
3263,3263,10.32629375,0.0023792086181058,(0.038666230855006894-0.11363047818200653j),2610.191184711307,(0.03866623085500417-0.11363047818200367j),2610.191184711307
3264,3264,10.32639375,0.0017609636947805,(-0.026879360055517096-0.0031129880968671416j),2610.9911207164287,(-0.026879360055515923-0.0031129880968696223j),2610.9911207164287
3265,3265,10.32649375,0.0017460294308724,(0.0034986473307146194+0.04677558405926876j),2611.79105672155,(0.003498647330715105+0.046775584059268585j),2611.79105672155
3266,3266,10.32659375,0.0028002222427382,(0.054810850334528906-0.016048026759105688j),2612.590992726671,(0.05481085033452596-0.016048026759109688j),2612.590992726671
3267,3267,10.32669375,0.0035667875811858,(-0.08282109115220543+0.03595600964803687j),2613.390928731793,(-0.0828210911522053+0.03595600964803132j),2613.390928731793
3268,3268,10.32679375,0.0041588459927622,(0.017541021752993328-0.06053046465535818j),2614.190864736914,(0.017541021752993366-0.06053046465535886j),2614.190864736914
3269,3269,10.32689375,0.0045602954332349,(-0.07531742069556191+0.08034257552774475j),2614.990800742036,(-0.07531742069556624+0.08034257552774489j),2614.990800742036
3270,3270,10.326993750000002,0.0046811285344871,(-0.013506391081113626-0.047061191808143596j),2615.790736747157,(-0.013506391081115399-0.04706119180814585j),2615.790736747157
3271,3271,10.32709375,0.0042545183975378,(-0.0722081509377779-0.020866672996937938j),2616.590672752279,(-0.0722081509377762-0.020866672996939367j),2616.590672752279
3272,3272,10.32719375,0.0035608980643552,(0.005137850823952896-0.034624176557121376j),2617.3906087574,(0.005137850823951245-0.03462417655711971j),2617.3906087574
3273,3273,10.32729375,0.0022843396954894,(0.02482880143406755+0.006858577967573113j),2618.1905447625218,(0.024828801434067245+0.0068585779675675775j),2618.1905447625218
3274,3274,10.32739375,0.0022517187884166,(-0.08513657800419908-0.017179171825429995j),2618.990480767643,(-0.0851365780041954-0.01717917182542876j),2618.990480767643
3275,3275,10.32749375,0.0017564311789742,(0.01735738595820116+0.02064406182094988j),2619.7904167727643,(0.017357385958201965+0.02064406182094901j),2619.7904167727643
3276,3276,10.32759375,0.0027647418984818,(0.04480915860544563-0.0169316769034905j),2620.590352777886,(0.044809158605450046-0.016931676903489158j),2620.590352777886
3277,3277,10.32769375,0.0040303941601446,(-0.052167682701052376+0.015149458443354438j),2621.3902887830072,(-0.052167682701054825+0.015149458443355295j),2621.3902887830072
3278,3278,10.32779375,0.0041238634504118,(-0.030365358261288385+0.0329517374579406j),2622.190224788129,(-0.03036535826128867+0.0329517374579416j),2622.190224788129
3279,3279,10.32789375,0.0054137484657163,(-0.07462332647631173+0.01739456126525347j),2622.99016079325,(-0.07462332647631198+0.017394561265254814j),2622.99016079325
3280,3280,10.32799375,0.0047108246073395,(-0.05461433307458351-0.04613501846192019j),2623.790096798372,(-0.054614333074582494-0.04613501846192465j),2623.790096798372
3281,3281,10.32809375,0.0047304766893265,(-0.019671235685469746+0.019174020218677826j),2624.590032803493,(-0.019671235685468545+0.019174020218675394j),2624.590032803493
3282,3282,10.32819375,0.0045153068719782,(-0.06328186330757075-0.045714400640373146j),2625.389968808615,(-0.06328186330757042-0.04571440064037354j),2625.389968808615
3283,3283,10.32829375,0.0029532128214743,(-0.02102436460995767+0.013332159068634926j),2626.189904813736,(-0.02102436460995383+0.013332159068636471j),2626.189904813736
3284,3284,10.32839375,0.0041629196158285,(-0.01838261560164257-0.010607511937108589j),2626.9898408188574,(-0.01838261560164118-0.010607511937109274j),2626.9898408188574
3285,3285,10.328493750000002,0.0041303534307835,(0.04771103236917992+0.09489249148090848j),2627.789776823979,(0.0477110323691816+0.09489249148090498j),2627.789776823979
3286,3286,10.32859375,0.0048934193834836,(-0.033422186414152774+0.14857669662309217j),2628.5897128291003,(-0.03342218641415228+0.14857669662309j),2628.5897128291003
3287,3287,10.32869375,0.0055911865506652,(-0.11507707215350688+0.003803135012006069j),2629.389648834222,(-0.11507707215351261+0.0038031350120060897j),2629.389648834222
3288,3288,10.32879375,0.0061057596508363,(-0.023310815640249134-0.017062101496319426j),2630.1895848393438,(-0.023310815640245515-0.017062101496318677j),2630.1895848393433
3289,3289,10.32889375,0.0075092126899335,(0.03377635369770529-0.21831083567640674j),2630.989520844465,(0.03377635369770644-0.21831083567640538j),2630.989520844465
3290,3290,10.32899375,0.0071950543941633,(0.026310330624649533+0.01525465738504072j),2631.7894568495863,(0.026310330624649218+0.015254657385042988j),2631.7894568495863
3291,3291,10.32909375,0.007167050530719,(-0.05681166087860894-0.04595246805288654j),2632.5893928547075,(-0.05681166087860945-0.04595246805288545j),2632.5893928547075
3292,3292,10.32919375,0.0062858897821688,(-0.07190162592907114-0.05726632937215104j),2633.389328859829,(-0.071901625929068-0.057266329372147054j),2633.389328859829
3293,3293,10.32929375,0.005517648124129,(-0.0030341402875089605-0.018069145017754012j),2634.1892648649505,(-0.0030341402875121073-0.018069145017753144j),2634.1892648649505
3294,3294,10.32939375,0.0051453851217923,(0.04735924428802197+0.0013987515921282945j),2634.989200870072,(0.04735924428801903+0.0013987515921267102j),2634.989200870072
3295,3295,10.32949375,0.0048500733729421,(0.02416518265310363-0.057423530378342004j),2635.789136875193,(0.024165182653099585-0.05742353037834326j),2635.7891368751934
3296,3296,10.32959375,0.0052095749589064,(0.04754608769288887+0.04942245296317339j),2636.589072880315,(0.047546087692889615+0.04942245296317174j),2636.589072880315
3297,3297,10.32969375,0.0055685987427039,(0.019628349775129-0.033401666247940984j),2637.3890088854364,(0.019628349775132035-0.03340166624794122j),2637.3890088854364
3298,3298,10.32979375,0.0072311933508417,(0.08854366352087807-0.0720336494706777j),2638.188944890558,(0.08854366352087495-0.07203364947067709j),2638.188944890558
3299,3299,10.32989375,0.0079212542374366,(0.1378547015209624+0.011647889538890274j),2638.98888089568,(0.13785470152096496+0.011647889538887853j),2638.9888808956794
3300,3300,10.32999375,0.0084170976497566,(-0.058240108343650274+0.040322995859139774j),2639.7888169008006,(-0.05824010834365296+0.040322995859141605j),2639.7888169008006
3301,3301,10.33009375,0.0100498307593724,(0.09231441255247548+0.0012631495308249169j),2640.5887529059223,(0.09231441255247799+0.0012631495308256524j),2640.5887529059223
3302,3302,10.33019375,0.009139389677036,(-0.05267242487275058-0.04465907325237804j),2641.388688911044,(-0.05267242487274768-0.0446590732523783j),2641.3886889110436
3303,3303,10.33029375,0.0084333244514235,(0.11916361077619197+0.02181841313883473j),2642.1886249161653,(0.11916361077619607+0.021818413138837332j),2642.1886249161653
3304,3304,10.33039375,0.0069632598677324,(0.15818589353515775+0.05559998498993461j),2642.9885609212865,(0.15818589353515622+0.05559998498993642j),2642.9885609212865
3305,3305,10.33049375,0.0067625060667076,(-0.07124811204378811+0.08455778325408488j),2643.788496926408,(-0.07124811204378896+0.08455778325408854j),2643.7884969264082
3306,3306,10.33059375,0.0056061551178729,(0.026470536062266528+0.0328623893180658j),2644.588432931529,(0.026470536062265758+0.0328623893180664j),2644.5884329315295
3307,3307,10.33069375,0.0053325177266465,(-0.0028285500752196213+0.045087566655668904j),2645.388368936651,(-0.0028285500752213664+0.0450875666556703j),2645.388368936651
3308,3308,10.330793750000002,0.0073184437313109,(0.04717116609701972+0.021957390209727527j),2646.1883049417725,(0.04717116609701961+0.021957390209727087j),2646.1883049417725
3309,3309,10.33089375,0.0082580055293161,(-0.15891223034595484-0.041514505813252535j),2646.9882409468937,(-0.15891223034595486-0.04151450581325271j),2646.9882409468937
3310,3310,10.33099375,0.0086838954566344,(0.1356645729343993-0.03727788543715839j),2647.7881769520154,(0.135664572934401-0.03727788543715774j),2647.7881769520154
3311,3311,10.33109375,0.0090376787450642,(-0.005329905097106822-0.02255062916476609j),2648.5881129571367,(-0.005329905097105698-0.022550629164764913j),2648.5881129571367
3312,3312,10.33119375,0.0092273106910975,(-0.04126018034779179+0.08848705137989689j),2649.3880489622584,(-0.04126018034779301+0.08848705137990147j),2649.3880489622584
3313,3313,10.33129375,0.0089985960260516,(0.06539729617604481-0.00979942047826341j),2650.18798496738,(0.06539729617604566-0.009799420478262034j),2650.1879849673796
3314,3314,10.33139375,0.0089084683109254,(-0.06851118302172764+0.009884648353461398j),2650.9879209725013,(-0.06851118302172775+0.009884648353458828j),2650.9879209725013
3315,3315,10.33149375,0.0077377318915427,(-0.0566003891503943-0.08336301770263181j),2651.7878569776226,(-0.056600389150398125-0.08336301770262941j),2651.7878569776226
3316,3316,10.33159375,0.007228865118484,(0.03778473285464983+0.04596725341517155j),2652.5877929827443,(0.03778473285464923+0.04596725341517571j),2652.5877929827443
3317,3317,10.33169375,0.0067221396940961,(0.09166012961845607+0.04254212666649436j),2653.3877289878656,(0.09166012961845427+0.042542126666495775j),2653.3877289878656
3318,3318,10.33179375,0.0068863365691571,(0.0406976407271311-0.02880743485876618j),2654.187664992987,(0.04069764072712747-0.02880743485876891j),2654.187664992987
3319,3319,10.33189375,0.0067959864594456,(0.16469527206133344+0.05007949496488262j),2654.9876009981085,(0.16469527206133439+0.05007949496488255j),2654.9876009981085
3320,3320,10.33199375,0.0072258148634741,(-0.0434712773961589-0.00020848312739361885j),2655.7875370032298,(-0.04347127739616191-0.00020848312739428151j),2655.7875370032298
3321,3321,10.33209375,0.0081027693915767,(0.02911367249044447+0.05344341498406072j),2656.5874730083515,(0.029113672490443564+0.053443414984060994j),2656.5874730083515
3322,3322,10.33219375,0.0081888595222826,(-0.03546717126119968+0.04031169461708521j),2657.3874090134727,(-0.03546717126119987+0.040311694617084774j),2657.3874090134727
3323,3323,10.33229375,0.0073236095505963,(0.07483746058793081-0.03098231299218977j),2658.1873450185944,(0.07483746058792792-0.030982312992191726j),2658.1873450185944
3324,3324,10.33239375,0.0085369215343545,(-0.033667065051658514+0.05605132879439369j),2658.987281023716,(-0.03366706505166165+0.056051328794392404j),2658.9872810237157
3325,3325,10.33249375,0.0078876393853455,(0.037342631948981096-0.013184118749929127j),2659.7872170288374,(0.03734263194898303-0.013184118749928576j),2659.7872170288374
3326,3326,10.33259375,0.0061165125212067,(-0.10423603490338537+0.1413708365659761j),2660.5871530339587,(-0.10423603490338632+0.141370836565975j),2660.5871530339587
3327,3327,10.33269375,0.0053307559583744,(0.005241143173866026+0.11877807236446807j),2661.38708903908,(0.0052411431738658525+0.11877807236447038j),2661.38708903908
3328,3328,10.33279375,0.0044884171813144,(-0.03305964574581701+0.060213686379915934j),2662.1870250442016,(-0.03305964574581598+0.06021368637991697j),2662.1870250442016
3329,3329,10.33289375,0.0062986907518588,(0.05847924884842486+0.04394062829014793j),2662.986961049323,(0.05847924884842635+0.04394062829015017j),2662.986961049323
3330,3330,10.33299375,0.0055914653376473,(-0.09374030930143964-0.011081122545273532j),2663.7868970544446,(-0.09374030930143996-0.011081122545277178j),2663.7868970544446
3331,3331,10.333093750000002,0.0064251601763889,(0.05836421003726101-0.028448667994074205j),2664.586833059566,(0.05836421003726146-0.02844866799407718j),2664.586833059566
3332,3332,10.33319375,0.0064061102214442,(-0.11775494110209353-0.025924414994847496j),2665.3867690646875,(-0.11775494110209009-0.025924414994844443j),2665.3867690646875
3333,3333,10.33329375,0.0057750810592474,(-0.029639249013649664-0.023688934785391847j),2666.186705069809,(-0.029639249013649553-0.023688934785391663j),2666.186705069809
3334,3334,10.33339375,0.0060539643055107,(-0.09548535772073755-0.04722233826627934j),2666.9866410749305,(-0.09548535772073868-0.04722233826627896j),2666.9866410749305
3335,3335,10.33349375,0.003860185686402,(-0.10572845018548868-0.028540095644714818j),2667.786577080052,(-0.10572845018548802-0.028540095644717135j),2667.7865770800518
3336,3336,10.33359375,0.0039815274603646,(0.21184030124654718+0.029788112385996435j),2668.586513085173,(0.21184030124654563+0.029788112385998003j),2668.586513085173
3337,3337,10.33369375,0.002832634590187,(-0.13016076940654608+0.040005279740209614j),2669.3864490902947,(-0.13016076940654392+0.040005279740208025j),2669.3864490902947
3338,3338,10.33379375,0.0029941273869106,(0.1557502735884243+0.16997037261091474j),2670.186385095416,(0.15575027358842586+0.1699703726109164j),2670.186385095416
3339,3339,10.33389375,0.0034533561221039,(-0.0631062385145197-0.09377423037937699j),2670.9863211005377,(-0.06310623851452189-0.09377423037937196j),2670.9863211005377
3340,3340,10.33399375,0.0035102383271823,(0.1518782373018663+0.030113579914581745j),2671.786257105659,(0.15187823730186348+0.030113579914578772j),2671.786257105659
3341,3341,10.33409375,0.003937979366344,(0.014760037019859486-0.011477537119088319j),2672.5861931107806,(0.01476003701986006-0.011477537119084528j),2672.5861931107806
3342,3342,10.33419375,0.0043999542212777,(-0.04452434688028825-0.03133925297700154j),2673.386129115902,(-0.04452434688028949-0.03133925297699727j),2673.386129115902
3343,3343,10.33429375,0.0034504183349525,(0.005832488617559493-0.025416365866743326j),2674.186065121024,(0.005832488617555928-0.02541636586674605j),2674.1860651210236
3344,3344,10.33439375,0.0032889288214444,(-0.06469101774407436-0.016958438471877977j),2674.986001126145,(-0.0646910177440784-0.016958438471875288j),2674.986001126145
3345,3345,10.33449375,0.003354689570157,(0.011543207440065931-0.1622738060754304j),2675.785937131266,(0.011543207440070213-0.162273806075431j),2675.785937131266
3346,3346,10.334593750000002,0.002070578313455,(0.02649735983517426-0.09103216940237818j),2676.585873136388,(0.026497359835172637-0.09103216940237335j),2676.585873136388
3347,3347,10.33469375,0.0020637719148451,(0.12301397573199598-0.008110258761108081j),2677.385809141509,(0.12301397573199227-0.008110258761108317j),2677.385809141509
3348,3348,10.33479375,0.0020072448977931,(-0.19681263928737347+0.08674365163786221j),2678.185745146631,(-0.19681263928737075+0.08674365163786356j),2678.185745146631
3349,3349,10.33489375,0.0022454863176723,(-0.1188531471723728-0.03987408940546299j),2678.985681151752,(-0.11885314717237008-0.039874089405461076j),2678.985681151752
3350,3350,10.33499375,0.0027352379332424,(-0.026606865598572078+0.04016124780996051j),2679.7856171568737,(-0.02660686559857081+0.04016124780996083j),2679.7856171568737
3351,3351,10.33509375,0.0022964567815239,(-0.008945201485993936-0.02356454747227146j),2680.585553161995,(-0.008945201485995232-0.02356454747227441j),2680.585553161995
3352,3352,10.33519375,0.0026698629083429,(-0.011348211065724898-0.013568577840808978j),2681.3854891671167,(-0.011348211065725151-0.013568577840806947j),2681.3854891671167
3353,3353,10.33529375,0.0036574187284114,(0.020002887675327777+0.021866026338860867j),2682.185425172238,(0.02000288767532709+0.021866026338862508j),2682.185425172238
3354,3354,10.33539375,0.0037859475689184,(-0.02493766094044953-0.02108153303167176j),2682.985361177359,(-0.02493766094045183-0.02108153303167456j),2682.985361177359
3355,3355,10.33549375,0.0044644038054877,(-0.038222487879779395+0.038835096982613934j),2683.785297182481,(-0.038222487879777965+0.0388350969826172j),2683.785297182481
3356,3356,10.33559375,0.0042406058434449,(0.00445986176715445-0.14700840609698212j),2684.585233187602,(0.004459861767155463-0.1470084060969821j),2684.585233187602
3357,3357,10.33569375,0.0043041982177486,(0.048457348507993964+0.030849562822555895j),2685.385169192724,(0.048457348507987705+0.030849562822554185j),2685.385169192724
3358,3358,10.33579375,0.0034065391306509,(-0.02166542870693251-0.005929483500358556j),2686.185105197845,(-0.021665428706934397-0.00592948350036387j),2686.185105197845
3359,3359,10.33589375,0.0015244890122705,(0.15326000494999853-0.01966466768990702j),2686.985041202967,(0.15326000495000008-0.019664667689906795j),2686.985041202967
3360,3360,10.33599375,0.0014578458651909,(-0.06717694444202238+0.019303945082049957j),2687.784977208088,(-0.06717694444202177+0.019303945082048763j),2687.784977208088
3361,3361,10.33609375,0.0024327020003841,(-0.02132776457658852+0.04401113903229504j),2688.5849132132093,(-0.021327764576587853+0.0440111390322923j),2688.5849132132093
3362,3362,10.33619375,0.0033182291404198,(-0.03391102912072875-0.07772166076151121j),2689.384849218331,(-0.033911029120726376-0.07772166076151182j),2689.384849218331
3363,3363,10.33629375,0.0046865333563375,(-0.04783160888536529+0.17306230185432597j),2690.1847852234523,(-0.04783160888536245+0.17306230185432275j),2690.1847852234523
3364,3364,10.33639375,0.0060471172886585,(0.050462574783685106-0.03027341103973632j),2690.984721228574,(0.050462574783688104-0.03027341103973607j),2690.984721228574
3365,3365,10.33649375,0.0070773694199035,(0.05422704226194148+0.0545411249707867j),2691.7846572336957,(0.05422704226194215+0.05454112497078866j),2691.7846572336953
3366,3366,10.33659375,0.0072020993172289,(-0.1251775144297771+0.053771117805560834j),2692.584593238817,(-0.12517751442977887+0.05377111780556155j),2692.584593238817
3367,3367,10.33669375,0.0060454280829407,(0.0948880762018357-0.07894388047918754j),2693.3845292439382,(0.09488807620183679-0.0789438804791869j),2693.3845292439382
3368,3368,10.33679375,0.0056323689152623,(0.025230163066918575+0.05158436647597566j),2694.18446524906,(0.025230163066921354+0.051584366475979186j),2694.18446524906
3369,3369,10.336893750000002,0.0037552357850559,(-0.00015342339449949446-0.01920979567282916j),2694.984401254181,(-0.0001534233945055842-0.019209795672830043j),2694.984401254181
3370,3370,10.33699375,0.0029518422556685,(-0.01617661453677063-0.06779496083357171j),2695.7843372593024,(-0.016176614536774027-0.06779496083357167j),2695.7843372593024
3371,3371,10.33709375,0.0027763379037528,(0.05975936930496305-0.02510479315415541j),2696.584273264424,(0.059759369304958905-0.025104793154157742j),2696.584273264424
3372,3372,10.33719375,0.0036277179154502,(-0.03189554898626594+0.06846782586217759j),2697.3842092695454,(-0.03189554898626412+0.06846782586217814j),2697.3842092695454
3373,3373,10.33729375,0.0051983912865569,(-4.475744093403384e-05-0.0007708945114278953j),2698.184145274667,(-4.475744093243193e-05-0.0007708945114280308j),2698.184145274667
3374,3374,10.33739375,0.006675555499929,(-0.011409977661530601-0.015421731239924191j),2698.9840812797884,(-0.011409977661528747-0.015421731239924566j),2698.9840812797884
3375,3375,10.33749375,0.0070337513613426,(-0.11192859553022814+0.03717876099807052j),2699.78401728491,(-0.11192859553023228+0.03717876099807436j),2699.78401728491
3376,3376,10.33759375,0.0076778771497569,(-0.020765974284316646-0.006797068964788485j),2700.583953290032,(-0.020765974284314523-0.006797068964787344j),2700.5839532900313
3377,3377,10.33769375,0.0084207500005577,(-0.03006696866178894-0.08433814368453649j),2701.383889295153,(-0.03006696866179211-0.08433814368453735j),2701.383889295153
3378,3378,10.33779375,0.0077512267625441,(0.0436796370852904-0.022901251885074272j),2702.1838253002743,(0.0436796370852906-0.022901251885074317j),2702.1838253002743
3379,3379,10.33789375,0.0066154903310239,(-0.042619204974491974-0.010732984829273822j),2702.9837613053955,(-0.042619204974490996-0.010732984829272946j),2702.9837613053955
3380,3380,10.33799375,0.0056431814783477,(0.10289855128897614+0.015281263094682848j),2703.7836973105173,(0.10289855128897671+0.015281263094684815j),2703.7836973105173
3381,3381,10.33809375,0.0062513962925084,(-0.05594771848985271+0.10023897260161523j),2704.5836333156385,(-0.055947718489851896+0.10023897260161282j),2704.5836333156385
3382,3382,10.33819375,0.0061153688941488,(0.12243839361200833+0.027476175968432933j),2705.38356932076,(0.12243839361200279+0.027476175968430792j),2705.38356932076
3383,3383,10.33829375,0.0061753227779673,(-0.09820817022018466+0.006413111032244065j),2706.183505325881,(-0.09820817022018177+0.0064131110322441735j),2706.1835053258815
3384,3384,10.338393750000002,0.0060834457305955,(-0.07747528524873294-0.1107235669633965j),2706.983441331003,(-0.0774752852487329-0.1107235669633963j),2706.983441331003
3385,3385,10.33849375,0.0062899443058689,(0.06887651170883333-0.11128688824496032j),2707.7833773361244,(0.06887651170883365-0.11128688824496018j),2707.7833773361244
3386,3386,10.33859375,0.0068284040054249,(0.067409181457833+0.0676314305535227j),2708.583313341246,(0.06740918145783305+0.06763143055352261j),2708.583313341246
3387,3387,10.33869375,0.0067777026997372,(0.06059706549231294-0.0009262114335486307j),2709.3832493463674,(0.060597065492315416-0.0009262114335482977j),2709.3832493463674
3388,3388,10.33879375,0.0081906564632123,(-0.1193739933041209-0.07305493882873915j),2710.1831853514886,(-0.11937399330411957-0.07305493882874242j),2710.1831853514886
3389,3389,10.33889375,0.0084369851130758,(0.09122988042271615+0.0512892299932412j),2710.9831213566104,(0.09122988042271842+0.05128922999324349j),2710.9831213566104
3390,3390,10.33899375,0.00816220204789,(-0.012122276022538979-0.08602837693286851j),2711.783057361732,(-0.012122276022539187-0.08602837693286389j),2711.7830573617316
3391,3391,10.33909375,0.0081684830901606,(0.06261136295041246+0.04446096154078746j),2712.5829933668533,(0.06261136295041458+0.044460961540786194j),2712.5829933668533
3392,3392,10.339193750000002,0.0079735062384214,(-0.0015074059740512805+0.047983409294209516j),2713.3829293719746,(-0.001507405974051107+0.04798340929421248j),2713.3829293719746
3393,3393,10.33929375,0.0074506456885694,(0.025411508360316967+0.001957138820995682j),2714.1828653770963,(0.02541150836031541+0.001957138820996248j),2714.1828653770963
3394,3394,10.33939375,0.0070694268052351,(-0.03144775183382509-0.05111807155494467j),2714.982801382217,(-0.03144775183382625-0.05111807155494639j),2714.9828013822175
3395,3395,10.33949375,0.0076927219874495,(0.09206773485552831+0.08516256548475311j),2715.7827373873392,(0.09206773485552835+0.08516256548475559j),2715.7827373873392
3396,3396,10.33959375,0.0074207377864638,(0.022113968519817954+0.002311050828535678j),2716.5826733924605,(0.022113968519817482+0.0023110508285382092j),2716.5826733924605
3397,3397,10.33969375,0.0076070361405349,(-0.05608964291813443-0.06703583011936942j),2717.3826093975817,(-0.05608964291813355-0.06703583011936817j),2717.3826093975817
3398,3398,10.33979375,0.0075537094163992,(0.03943840081218444-0.052060390094682024j),2718.1825454027035,(0.039438400812186254-0.05206039009468112j),2718.1825454027035
3399,3399,10.33989375,0.0073555423243689,(0.03207174066400912-0.06254045145973854j),2718.9824814078247,(0.03207174066400503-0.06254045145973641j),2718.9824814078247
3400,3400,10.33999375,0.0071297427550497,(0.013917708425866973-0.0356277895831396j),2719.7824174129464,(0.013917708425866296-0.03562778958314296j),2719.7824174129464
3401,3401,10.34009375,0.0079555323858746,(-0.06089262346455381+0.017460977508979212j),2720.582353418068,(-0.06089262346455438+0.0174609775089763j),2720.5823534180677
3402,3402,10.34019375,0.0086872439982014,(0.008047809550669086-0.050252181334235486j),2721.3822894231894,(0.008047809550670148-0.050252181334237304j),2721.3822894231894
3403,3403,10.34029375,0.0079312888425247,(-0.017150585890702293+0.04130976360820415j),2722.18222542831,(-0.01715058589070223+0.04130976360820618j),2722.1822254283106
3404,3404,10.34039375,0.0073051999423423,(-0.04540848341012761-0.09169339195347623j),2722.9821614334323,(-0.045408483410128216-0.09169339195347412j),2722.9821614334323
3405,3405,10.34049375,0.0078154309625039,(0.012435910489431294-0.07168852474893125j),2723.7820974385536,(0.012435910489435185-0.07168852474893037j),2723.7820974385536
3406,3406,10.34059375,0.008209571923674,(0.08645409418272552+0.12919167543991059j),2724.582033443675,(0.08645409418272257+0.12919167543990825j),2724.582033443675
3407,3407,10.340693750000002,0.0080873374019581,(-0.11660389301057962+0.07756082725322933j),2725.381969448797,(-0.11660389301057794+0.07756082725322909j),2725.3819694487966
3408,3408,10.34079375,0.0075378334675863,(-0.06945336385206477+0.07420617015599759j),2726.181905453918,(-0.06945336385206576+0.07420617015599566j),2726.181905453918
3409,3409,10.34089375,0.0072132800697664,(0.03104175513477091+0.058797401151317395j),2726.9818414590395,(0.031041755134773145+0.058797401151318075j),2726.9818414590395
3410,3410,10.34099375,0.0069930950607148,(-0.14407619445840736-0.1623136496394564j),2727.7817774641608,(-0.14407619445840714-0.16231364963945621j),2727.7817774641608
3411,3411,10.34109375,0.0062563683519671,(0.05559315036986079+0.010012874352411157j),2728.5817134692825,(0.05559315036985958+0.010012874352411688j),2728.5817134692825
3412,3412,10.34119375,0.0062412900675684,(-0.05376259788375596-0.024481427772727528j),2729.381649474404,(-0.05376259788375716-0.02448142777272645j),2729.3816494744037
3413,3413,10.34129375,0.0058145848694721,(0.0771685376217676+0.03369059442060556j),2730.181585479525,(0.07716853762176666+0.033690594420609066j),2730.1815854795254
3414,3414,10.34139375,0.0055726385970199,(-0.023151281138083304+0.017668924234501452j),2730.9815214846467,(-0.023151281138083603+0.017668924234500567j),2730.9815214846467
3415,3415,10.34149375,0.0054994355498029,(0.005582124451892281-0.11761174723760207j),2731.781457489768,(0.005582124451892902-0.11761174723760418j),2731.781457489768
3416,3416,10.34159375,0.0051526705301075,(-0.012902233014489135+0.1008200273607495j),2732.5813934948897,(-0.012902233014490413+0.10082002736074719j),2732.5813934948897
3417,3417,10.34169375,0.0050328881434799,(-0.09558640002520263-0.008192536655943794j),2733.381329500011,(-0.09558640002520141-0.008192536655943211j),2733.381329500011
3418,3418,10.34179375,0.0052811554518323,(-0.009813755385825098-0.07842700102731526j),2734.1812655051326,(-0.009813755385825853-0.07842700102731719j),2734.1812655051326
3419,3419,10.34189375,0.0057457406403022,(0.05611621644488884-0.08713194282856221j),2734.981201510254,(0.056116216444884404-0.08713194282856514j),2734.981201510254
3420,3420,10.34199375,0.0052608184288704,(-0.05479228220153128-0.07912749896771801j),2735.781137515376,(-0.054792282201531955-0.07912749896771853j),2735.7811375153756
3421,3421,10.34209375,0.0051645299474319,(0.004494221177985317-0.034939343890799224j),2736.581073520497,(0.004494221177986642-0.03493934389080158j),2736.581073520497
3422,3422,10.34219375,0.0047583124815384,(0.05004765642571894+0.11970875779637279j),2737.3810095256185,(0.05004765642571909+0.119708757796371j),2737.3810095256185
3423,3423,10.34229375,0.0041093141209486,(0.0628781496500901-0.09314280876011229j),2738.18094553074,(0.06287814965009007-0.09314280876011284j),2738.18094553074
3424,3424,10.34239375,0.0026225431364271,(-0.01306679359479724+0.061409423426726215j),2738.980881535861,(-0.01306679359480261+0.061409423426722384j),2738.980881535861
3425,3425,10.34249375,0.0022350315563684,(0.12150866454693485-0.055527169859028995j),2739.7808175409828,(0.12150866454693644-0.05552716985902519j),2739.7808175409828
3426,3426,10.34259375,0.0019180869273026,(-0.04372164936663907+0.08033413587982566j),2740.580753546104,(-0.0437216493666369+0.08033413587982846j),2740.580753546104
3427,3427,10.34269375,0.0023544617123208,(0.11587757370686094-0.08036709191701549j),2741.3806895512257,(0.11587757370686197-0.0803670919170161j),2741.3806895512257
3428,3428,10.34279375,0.0017708458713858,(0.14122167860865656-0.07191531076674768j),2742.180625556347,(0.14122167860865967-0.07191531076674829j),2742.180625556347
3429,3429,10.34289375,0.0035832827764801,(-0.022903435645440496+0.0297100089727188j),2742.9805615614687,(-0.022903435645440284+0.029710008972719894j),2742.9805615614687
3430,3430,10.342993750000002,0.0039401374976555,(0.005449299697112702+0.06667672624930163j),2743.78049756659,(0.00544929969711079+0.06667672624930075j),2743.78049756659
3431,3431,10.34309375,0.0041349349876706,(-0.035790946285202366+0.028082446299146316j),2744.580433571711,(-0.03579094628520218+0.028082446299147842j),2744.580433571711
3432,3432,10.34319375,0.0044920473881989,(-0.03379988018381107-0.011264547653979906j),2745.380369576833,(-0.03379988018381569-0.011264547653980226j),2745.380369576833
3433,3433,10.34329375,0.0040564074497939,(0.03434529188152188-0.016874116361800928j),2746.180305581954,(0.034345291881518386-0.016874116361800896j),2746.180305581954
3434,3434,10.34339375,0.0041290911747556,(-0.14687244762899937+0.04305446920226796j),2746.980241587076,(-0.14687244762899643+0.04305446920227152j),2746.980241587076
3435,3435,10.34349375,0.0028762112080567,(-0.08746427412781715-0.08779949132124734j),2747.780177592197,(-0.08746427412781921-0.08779949132124557j),2747.780177592197
3436,3436,10.34359375,0.0022694787372492,(-0.11134470098127305+0.02283010455505578j),2748.580113597319,(-0.11134470098127437+0.022830104555054766j),2748.580113597319
3437,3437,10.34369375,0.0022882808139423,(-0.07903264143059889-0.134689842395659j),2749.38004960244,(-0.07903264143059996-0.1346898423956621j),2749.38004960244
3438,3438,10.34379375,0.002192020702713,(0.06266723177312847-0.061485175775573414j),2750.179985607562,(0.06266723177313122-0.06148517577557176j),2750.179985607562
3439,3439,10.34389375,0.0021092751072192,(0.02547488401246429-0.021122711244711642j),2750.979921612683,(0.025474884012463568-0.02112271124470682j),2750.979921612683
3440,3440,10.34399375,0.0026244183997655,(0.058409948065186915-0.05222523026120758j),2751.7798576178043,(0.05840994806518736-0.0522252302612068j),2751.7798576178043
3441,3441,10.34409375,0.0025078322825294,(-0.02108631183958092-0.03394759228954432j),2752.579793622926,(-0.02108631183958099-0.03394759228954203j),2752.579793622926
3442,3442,10.34419375,0.0033800473568652,(0.07593036937164299-0.09456634632664562j),2753.3797296280472,(0.07593036937164023-0.09456634632664179j),2753.3797296280472
3443,3443,10.34429375,0.0031812426264119,(-0.0024837601554258543+0.20047850669724054j),2754.179665633169,(-0.00248376015542727+0.20047850669724385j),2754.179665633169
3444,3444,10.34439375,0.0032555255072093,(-0.11542378805620412-0.06826298234146028j),2754.97960163829,(-0.1154237880562013-0.06826298234146258j),2754.97960163829
3445,3445,10.344493750000002,0.0042355960405631,(-0.024317053797961143-0.040535077384786j),2755.779537643412,(-0.024317053797966382-0.040535077384788676j),2755.779537643412
3446,3446,10.34459375,0.0041493477540034,(0.03921370414886006-0.016613474851475223j),2756.579473648533,(0.03921370414885776-0.016613474851473076j),2756.579473648533
3447,3447,10.34469375,0.0056455836447014,(0.06581736923043346+0.001220325874426575j),2757.379409653655,(0.06581736923043821+0.0012203258744277398j),2757.379409653655
3448,3448,10.34479375,0.0045920344218278,(0.012053728181206848-0.014143851856742759j),2758.179345658776,(0.012053728181208605-0.014143851856742246j),2758.179345658776
3449,3449,10.34489375,0.0047538761761358,(0.11029236652065491+0.06003148276395308j),2758.9792816638974,(0.11029236652065684+0.06003148276395369j),2758.9792816638974
3450,3450,10.34499375,0.0045226439720891,(-0.02724326326891871+0.06582838531440355j),2759.779217669019,(-0.027243263268917958+0.06582838531440913j),2759.779217669019
3451,3451,10.34509375,0.0036721912803372,(-0.0472307775834557+0.03418030910999395j),2760.5791536741403,(-0.04723077758346001+0.034180309109994034j),2760.5791536741403
3452,3452,10.34519375,0.0037221922899858,(-0.0026698580821232602-0.06467479798245661j),2761.379089679262,(-0.002669858082124492-0.06467479798246024j),2761.379089679262
3453,3453,10.345293750000002,0.0028471469216806,(0.07885869117709049-0.08491145104866377j),2762.1790256843838,(0.0788586911770926-0.08491145104866941j),2762.1790256843833
3454,3454,10.34539375,0.0040077776754654,(0.04988632765876959-0.0076285942466929255j),2762.978961689505,(0.049886327658768576-0.007628594246691586j),2762.978961689505
3455,3455,10.34549375,0.0043227868122657,(0.03350137547490642+0.020317804513635972j),2763.7788976946263,(0.03350137547490664+0.020317804513637603j),2763.7788976946263
3456,3456,10.34559375,0.0056987975442543,(0.045804732321132656-0.09663673424897896j),2764.578833699748,(0.04580473232113062-0.09663673424897833j),2764.578833699748
3457,3457,10.34569375,0.0065085227501371,(-0.02231658370298162+0.10295612736961304j),2765.378769704869,(-0.02231658370297968+0.10295612736961257j),2765.3787697048692
3458,3458,10.34579375,0.0066494975489746,(0.0360718019504806-0.059549155906548766j),2766.1787057099905,(0.036071801950481104-0.05954915590654698j),2766.1787057099905
3459,3459,10.34589375,0.0065833289753617,(0.013225143498176651+0.029056589831082974j),2766.978641715112,(0.01322514349817487+0.02905658983108217j),2766.978641715112
3460,3460,10.34599375,0.0052223162027064,(-0.009437662091403785+0.003751782153838233j),2767.778577720233,(-0.009437662091402912+0.003751782153838564j),2767.7785777202334
3461,3461,10.34609375,0.005790517838606,(0.001768390636192125-0.038822613283353645j),2768.578513725355,(0.001768390636192406-0.038822613283350224j),2768.578513725355
3462,3462,10.34619375,0.0060724587527611,(0.04716206129948842+0.024027205262619918j),2769.3784497304764,(0.047162061299487947+0.02402720526261809j),2769.3784497304764
3463,3463,10.34629375,0.0067787133092451,(0.055971423455101116-0.036657394942508116j),2770.178385735598,(0.05597142345510208-0.0366573949425049j),2770.178385735598
3464,3464,10.34639375,0.0063396463907159,(0.04674262857687295+0.040436321283378436j),2770.97832174072,(0.04674262857687288+0.04043632128337388j),2770.9783217407194
3465,3465,10.34649375,0.0073311789183325,(-0.009041903676611512+0.003083750978864541j),2771.778257745841,(-0.009041903676613769+0.003083750978866218j),2771.778257745841
3466,3466,10.34659375,0.0082585033191037,(0.023577525211268546-0.011511464205448008j),2772.5781937509623,(0.02357752521126771-0.011511464205448501j),2772.5781937509623
3467,3467,10.34669375,0.0075343265885646,(0.135986395616633+0.08615822746209584j),2773.378129756084,(0.13598639561663278+0.08615822746210064j),2773.3781297560836
3468,3468,10.346793750000002,0.0082301922785049,(-0.0083120020788569-0.03471628524139432j),2774.1780657612053,(-0.008312002078856772-0.034716285241394744j),2774.1780657612053
3469,3469,10.34689375,0.0062145188276401,(-0.09240452604337739+0.026398578474090086j),2774.9780017663265,(-0.09240452604337748+0.02639857847409273j),2774.9780017663265
3470,3470,10.34699375,0.0075345988689928,(-0.05148383725790545-0.01667097470618066j),2775.7779377714483,(-0.05148383725790799-0.016670974706180012j),2775.7779377714483
3471,3471,10.34709375,0.0065660675394036,(-0.02307201707619344-0.0781520812082537j),2776.577873776569,(-0.02307201707618922-0.07815208120825531j),2776.5778737765695
3472,3472,10.34719375,0.00724094071937,(0.03550646371446569+0.04771302369767607j),2777.377809781691,(0.03550646371446555+0.04771302369767577j),2777.377809781691
3473,3473,10.34729375,0.0076601608555372,(0.05465097357012248-0.057276430375040085j),2778.1777457868125,(0.05465097357012261-0.057276430375040835j),2778.1777457868125
3474,3474,10.34739375,0.0075834427583488,(-0.031701535567469796+0.03905841515157519j),2778.977681791934,(-0.031701535567472204+0.039058415151578145j),2778.977681791934
3475,3475,10.34749375,0.0096089551789792,(0.05089826208190398-0.02898011410516371j),2779.7776177970554,(0.05089826208189978-0.028980114105164986j),2779.7776177970554
3476,3476,10.34759375,0.0079691890907342,(0.04018880056449811+0.02501040532642388j),2780.5775538021767,(0.04018880056449899+0.0250104053264308j),2780.5775538021767
3477,3477,10.34769375,0.0077073463082116,(0.047740189704608194-0.10242208026718329j),2781.3774898072984,(0.04774018970460783-0.10242208026718556j),2781.3774898072984
3478,3478,10.34779375,0.0070249776103479,(0.0629736907059392+0.054325252194788974j),2782.17742581242,(0.062973690705934+0.05432525219478873j),2782.1774258124196
3479,3479,10.34789375,0.0071992901603599,(-0.04481726745528239-0.022518573049061616j),2782.9773618175414,(-0.04481726745528217-0.02251857304905652j),2782.9773618175414
3480,3480,10.34799375,0.0071253418897977,(-0.012688356275556735+0.1207044827534625j),2783.7772978226626,(-0.012688356275557554+0.12070448275346038j),2783.7772978226626
3481,3481,10.34809375,0.0069587647614526,(0.11003498644149677+0.07347127018834973j),2784.5772338277843,(0.11003498644149746+0.073471270188346j),2784.5772338277843
3482,3482,10.34819375,0.0069827516898435,(-0.014694034941629429+0.0142268474254236j),2785.3771698329056,(-0.014694034941627233+0.014226847425419187j),2785.3771698329056
3483,3483,10.34829375,0.0075766805781322,(-0.0368560741470562+0.07998380194678732j),2786.1771058380277,(-0.03685607414705519+0.07998380194678897j),2786.1771058380273
3484,3484,10.34839375,0.0084738904445437,(0.0620959363492876+0.052179856672326955j),2786.9770418431485,(0.06209593634928545+0.052179856672326864j),2786.9770418431485
3485,3485,10.34849375,0.0086809685491298,(-0.1110606094579244+0.01284453972071797j),2787.77697784827,(-0.11106060945792598+0.012844539720717542j),2787.77697784827
3486,3486,10.34859375,0.0082756369450231,(0.10666916109113049+0.06571162564430809j),2788.5769138533915,(0.10666916109113278+0.06571162564430488j),2788.5769138533915
3487,3487,10.34869375,0.0083541814435626,(-0.08255909453804297-0.10354184094428445j),2789.3768498585127,(-0.08255909453804323-0.10354184094428417j),2789.3768498585127
3488,3488,10.34879375,0.0087401208085886,(-0.0016079604501094938-0.0005697396245610427j),2790.1767858636344,(-0.0016079604501130166-0.0005697396245655643j),2790.1767858636344
3489,3489,10.34889375,0.0078760208786121,(0.019584215696162678+0.037476128301615105j),2790.976721868756,(0.019584215696163518+0.037476128301613024j),2790.9767218687557
3490,3490,10.34899375,0.0070248814488961,(0.03831989419475905+0.07854647844583737j),2791.7766578738774,(0.038319894194755996+0.07854647844583974j),2791.7766578738774
3491,3491,10.349093750000002,0.0060003434697948,(-0.018765322075636925-0.002639060881371329j),2792.5765938789987,(-0.018765322075633542-0.0026390608813740756j),2792.5765938789987
3492,3492,10.34919375,0.0062836854995551,(-0.006382086258120964-0.06618402583971708j),2793.3765298841204,(-0.006382086258117682-0.06618402583971816j),2793.3765298841204
3493,3493,10.34929375,0.0059045964674061,(0.023099799628962+0.07795030500491615j),2794.1764658892416,(0.023099799628965398+0.07795030500491303j),2794.1764658892416
3494,3494,10.34939375,0.0063718311069781,(-0.00714728321502292-0.11768733966950753j),2794.976401894363,(-0.007147283215024058-0.1176873396695083j),2794.976401894363
3495,3495,10.34949375,0.0061235954911097,(0.049576385728780245-0.058766790530378775j),2795.7763378994846,(0.04957638572878328-0.05876679053038075j),2795.7763378994846
3496,3496,10.34959375,0.0071835921541439,(-0.03342850226341736+0.010353216538900638j),2796.576273904606,(-0.03342850226341947+0.010353216538900084j),2796.576273904606
3497,3497,10.34969375,0.0067405469374788,(-0.0030959926612301944+0.04324339708743893j),2797.3762099097275,(-0.0030959926612310514+0.04324339708744088j),2797.3762099097275
3498,3498,10.34979375,0.0068145302146533,(-0.1305790988152113-0.045758779162411736j),2798.176145914849,(-0.13057909881521243-0.045758779162412826j),2798.176145914849
3499,3499,10.34989375,0.0067881525531676,(0.015226955359831016-0.024165387795004812j),2798.9760819199705,(0.015226955359831956-0.02416538779500427j),2798.9760819199705
3500,3500,10.34999375,0.0055593528797987,(-0.1452064517307967-0.04663962170909455j),2799.776017925092,(-0.14520645173079264-0.04663962170909452j),2799.7760179250918
3501,3501,10.35009375,0.0044717022477697,(0.006201887905729628-0.025108149056393417j),2800.575953930213,(0.006201887905732072-0.025108149056388814j),2800.575953930213
3502,3502,10.35019375,0.0026358971522819,(0.03149655763528123+0.05429238962159894j),2801.3758899353347,(0.03149655763528286+0.05429238962159759j),2801.3758899353347
3503,3503,10.35029375,0.0035755824802432,(0.030564445995569865-0.11920660651652797j),2802.175825940456,(0.03056444599556713-0.11920660651653245j),2802.175825940456
3504,3504,10.35039375,0.005119885025279,(0.022642833939403664+0.07654520935804882j),2802.9757619455777,(0.022642833939401905+0.07654520935805022j),2802.9757619455777
3505,3505,10.35049375,0.0041381176500348,(-0.11730452537552763+0.025252691358339553j),2803.775697950699,(-0.11730452537553035+0.025252691358339456j),2803.775697950699
3506,3506,10.35059375,0.0046199866867359,(-0.019711229700764506+7.554647803434053e-06j),2804.5756339558206,(-0.019711229700766397+7.554647804067227e-06j),2804.5756339558206
3507,3507,10.35069375,0.0051552390290907,(0.0032450821168414985-0.008407299392181048j),2805.375569960942,(0.0032450821168433586-0.008407299392181034j),2805.375569960942
3508,3508,10.35079375,0.0057005289196515,(-0.02206514861345358+0.049062344616683407j),2806.175505966064,(-0.02206514861345519+0.0490623446166828j),2806.1755059660636
3509,3509,10.35089375,0.0052343163263869,(0.01828363745046087-0.07245192058494616j),2806.975441971185,(0.018283637450455303-0.07245192058494647j),2806.975441971185
3510,3510,10.35099375,0.0030047661310915,(-0.009455081619188267-0.043923392778398324j),2807.775377976306,(-0.009455081619190812-0.04392339277840096j),2807.775377976306
3511,3511,10.35109375,0.0022403240861075,(0.07433483275070486+0.026021129570264638j),2808.575313981428,(0.07433483275070565+0.026021129570263708j),2808.575313981428
3512,3512,10.35119375,0.0009506532630995,(-0.06491210326868498-0.005180797015076143j),2809.375249986549,(-0.0649121032686795-0.005180797015073298j),2809.375249986549
3513,3513,10.35129375,0.001835777283448,(-0.11596522746323595+0.04511005459979535j),2810.175185991671,(-0.11596522746323325+0.0451100545997931j),2810.175185991671
3514,3514,10.35139375,0.003505417280228,(-0.06562230673336478-0.07016052035050223j),2810.975121996792,(-0.0656223067333625-0.0701605203505033j),2810.975121996792
3515,3515,10.35149375,0.004834204413517,(-0.0009038617256104742-0.018694991427709164j),2811.7750580019137,(-0.0009038617256095002-0.01869499142770829j),2811.7750580019137
3516,3516,10.35159375,0.0061558751473199,(0.012691703062740355+0.02970453606997702j),2812.574994007035,(0.012691703062738584+0.02970453606997786j),2812.574994007035
3517,3517,10.35169375,0.0050837893339609,(0.04315519228056948-0.08133717358781024j),2813.3749300121567,(0.0431551922805692-0.08133717358781177j),2813.3749300121567
3518,3518,10.35179375,0.0038064649540809,(-0.00566387124009163-0.022767253739193413j),2814.174866017278,(-0.005663871240089286-0.022767253739190054j),2814.174866017278
3519,3519,10.35189375,0.0022007382154564,(0.024370529270077993-0.019840899822684874j),2814.974802022399,(0.024370529270080155-0.019840899822680343j),2814.974802022399
3520,3520,10.35199375,0.0023733389620115,(-0.01703956552075939+0.054859076626695535j),2815.774738027521,(-0.017039565520758162+0.054859076626698325j),2815.774738027521
3521,3521,10.35209375,0.0015258575914883,(-0.0015603453921318334-0.017960005526493725j),2816.574674032642,(-0.0015603453921282703-0.017960005526491105j),2816.574674032642
3522,3522,10.35219375,0.0017792364806685,(0.08104496484846485-0.04456451499172061j),2817.374610037764,(0.08104496484846335-0.044564514991719185j),2817.374610037764
3523,3523,10.35229375,0.001978738180808,(0.05388533936974115-0.06137914166981162j),2818.174546042885,(0.05388533936974202-0.061379141669812454j),2818.174546042885
3524,3524,10.35239375,0.0038365159690413,(0.03751746301989176+0.008556339178691752j),2818.974482048007,(0.037517463019891+0.008556339178694018j),2818.974482048007
3525,3525,10.35249375,0.0029567789914642,(0.03800568608415578+0.0003430909868112125j),2819.774418053128,(0.03800568608415849+0.0003430909868166309j),2819.774418053128
3526,3526,10.35259375,0.0040199398083807,(0.05582052442375576+0.038220311162653176j),2820.57435405825,(0.055820524423752814+0.03822031116265649j),2820.57435405825
3527,3527,10.35269375,0.0051694879867126,(-0.017337405160077975+0.04177333527480587j),2821.374290063371,(-0.01733740516007621+0.041773335274808816j),2821.374290063371
3528,3528,10.35279375,0.0056336373056477,(-0.0400013419044809+0.016024935572432092j),2822.1742260684923,(-0.0400013419044785+0.016024935572429736j),2822.1742260684923
3529,3529,10.35289375,0.0037951788627974,(0.023226749855698788-0.02363758072928974j),2822.974162073614,(0.023226749855696532-0.023637580729286532j),2822.974162073614
3530,3530,10.35299375,0.0035085751628449,(0.0735097797627053+0.0742085488439753j),2823.7740980787357,(0.07350977976270331+0.07420854884397128j),2823.7740980787353
3531,3531,10.35309375,0.0029254812440606,(-0.026109464654610726-0.036098536921280885j),2824.574034083857,(-0.02610946465461332-0.0360985369212807j),2824.574034083857
3532,3532,10.35319375,0.0021916873831544,(0.007902095393855918-0.016927300555331082j),2825.3739700889782,(0.007902095393857054-0.01692730055532676j),2825.3739700889782
3533,3533,10.35329375,0.0030229905114544,(0.02276038418267174+0.023218691081262257j),2826.1739060941,(0.02276038418267223+0.023218691081263097j),2826.1739060941
3534,3534,10.35339375,0.004227999498147,(-0.04875385148756174+0.0032077091145453675j),2826.973842099221,(-0.04875385148756089+0.003207709114542495j),2826.973842099221
3535,3535,10.35349375,0.0045663626808453,(0.09075353145272899+0.07740026212898393j),2827.773778104343,(0.09075353145272827+0.0774002621289858j),2827.773778104343
3536,3536,10.35359375,0.0046586954825728,(-0.011799022164607691-0.009816995936553972j),2828.573714109464,(-0.01179902216460902-0.009816995936553927j),2828.573714109464
3537,3537,10.35369375,0.0048635855902139,(-0.020686054691035675+0.14236750865547548j),2829.3736501145854,(-0.02068605469103639+0.14236750865547526j),2829.3736501145854
3538,3538,10.35379375,0.0058243209223662,(-0.10628719539213306+0.08064573643872733j),2830.173586119707,(-0.10628719539213088+0.0806457364387281j),2830.173586119707
3539,3539,10.35389375,0.005843691373567,(0.002279583148844157-0.00037194020780568127j),2830.9735221248284,(0.0022795831488452343-0.00037194020780954753j),2830.9735221248284
3540,3540,10.35399375,0.0062428666082574,(-0.04084887738323435-0.0178595921862604j),2831.77345812995,(-0.04084887738323333-0.017859592186261118j),2831.77345812995
3541,3541,10.35409375,0.0053179353244244,(-0.01992098637798632+0.030612220119445567j),2832.573394135072,(-0.019920986377990606+0.030612220119444866j),2832.5733941350713
3542,3542,10.35419375,0.0052578879539753,(-0.028557424354946147-0.08217059805219565j),2833.373330140193,(-0.02855742435494687-0.0821705980521941j),2833.373330140193
3543,3543,10.35429375,0.0051179150633041,(0.09703515022827981+0.0035700664761910417j),2834.1732661453143,(0.09703515022827922+0.0035700664761897996j),2834.1732661453143
3544,3544,10.35439375,0.0049231367590082,(0.04503248119919499+0.12278680633283305j),2834.973202150436,(0.045032481199195895+0.12278680633283574j),2834.973202150436
3545,3545,10.35449375,0.0046313899628417,(0.09747989676635839-0.10289475890835814j),2835.7731381555573,(0.0974798967663554-0.10289475890836025j),2835.7731381555573
3546,3546,10.35459375,0.0057974533642537,(-0.013897093094908929+0.012038678991337336j),2836.5730741606785,(-0.013897093094909788+0.012038678991335938j),2836.5730741606785
3547,3547,10.35469375,0.0080019890819971,(0.008988164129746828-0.09485285201985445j),2837.3730101658,(0.008988164129746734-0.09485285201985563j),2837.3730101658
3548,3548,10.35479375,0.0091805508410086,(0.1456908815198421+0.06346633001967628j),2838.172946170921,(0.14569088151983858+0.06346633001967435j),2838.1729461709215
3549,3549,10.35489375,0.0092226141620876,(0.06517045984209865-0.1309759078880009j),2838.972882176043,(0.06517045984209682-0.1309759078879997j),2838.972882176043
3550,3550,10.35499375,0.0086790565719195,(0.10125432524517361+0.09840748491054328j),2839.7728181811644,(0.10125432524517283+0.09840748491054455j),2839.7728181811644
3551,3551,10.35509375,0.0083107820308096,(0.02569082559000746-0.023356088428155532j),2840.572754186286,(0.025690825590005816-0.02335608842815365j),2840.572754186286
3552,3552,10.35519375,0.0077169743871935,(0.033153740369833665-0.04669053225860313j),2841.3726901914074,(0.03315374036983162-0.04669053225860363j),2841.3726901914074
3553,3553,10.35529375,0.0065020823176677,(-0.03062655431379116+0.13257894849261326j),2842.172626196529,(-0.030626554313790307+0.13257894849261298j),2842.172626196529
3554,3554,10.35539375,0.0063119873264007,(0.009571385999888302-0.05002113425048064j),2842.9725622016504,(0.009571385999888046-0.05002113425048393j),2842.9725622016504
3555,3555,10.35549375,0.0058094279054596,(-0.01857935332528963-0.0577595574816437j),2843.772498206772,(-0.01857935332529103-0.057759557481643346j),2843.7724982067716
3556,3556,10.35559375,0.0060142794889551,(0.04573279719045054+0.02796433802949238j),2844.5724342118933,(0.045732797190451174+0.027964338029491307j),2844.5724342118933
3557,3557,10.35569375,0.0068287593428851,(-0.006467125661944569-0.08091778281453212j),2845.3723702170146,(-0.006467125661942533-0.08091778281453607j),2845.3723702170146
3558,3558,10.35579375,0.0071317515889761,(-0.023394839764942704+0.05139356721361844j),2846.1723062221363,(-0.023394839764941493+0.051393567213617625j),2846.1723062221363
3559,3559,10.35589375,0.0099517015069242,(-0.014121555121572506-0.07294909969519343j),2846.972242227257,(-0.014121555121575806-0.07294909969518909j),2846.9722422272575
3560,3560,10.35599375,0.0099706423588742,(-0.08706009339612661+0.053867450132667444j),2847.7721782323792,(-0.08706009339612591+0.05386745013266804j),2847.7721782323792
3561,3561,10.35609375,0.0092681720537299,(0.12115502273602238-0.052483665909501286j),2848.5721142375005,(0.1211550227360226-0.05248366590950163j),2848.5721142375005
3562,3562,10.35619375,0.0085957367039945,(-0.04720328147952062+0.05958626492369586j),2849.372050242622,(-0.04720328147951992+0.059586264923698354j),2849.372050242622
3563,3563,10.35629375,0.0079857969569869,(-0.0017323015636130563-0.02531182044824783j),2850.1719862477435,(-0.0017323015636127041-0.025311820448251j),2850.1719862477435
3564,3564,10.35639375,0.0078659745513038,(-0.09487750785165806+0.012979881227052879j),2850.9719222528647,(-0.09487750785165823+0.012979881227053161j),2850.9719222528647
3565,3565,10.35649375,0.0059409020524497,(0.02359549756547013+0.009283017945567278j),2851.7718582579864,(0.02359549756546418+0.009283017945565793j),2851.7718582579864
3566,3566,10.35659375,0.0066034032951374,(-0.054087069979291746-0.015169692338916428j),2852.571794263108,(-0.05408706997929298-0.01516969233891205j),2852.5717942631077
3567,3567,10.35669375,0.0072817256751799,(0.06594297677461008+0.0655193036090192j),2853.3717302682294,(0.0659429767746054+0.0655193036090225j),2853.3717302682294
3568,3568,10.35679375,0.00730850404832,(-0.013306376396172423+0.013762936356097301j),2854.17166627335,(-0.013306376396171153+0.013762936356099572j),2854.1716662733506
3569,3569,10.35689375,0.0078298786813661,(0.0510359268909108-0.015719667466229336j),2854.9716022784723,(0.05103592689091005-0.015719667466227244j),2854.9716022784723
3570,3570,10.35699375,0.0080635055653947,(-0.13398035670389855+0.07865583367024442j),2855.7715382835936,(-0.13398035670390496+0.07865583367024293j),2855.7715382835936
3571,3571,10.35709375,0.0091038252220949,(-0.003594165095978919+0.012562402701073536j),2856.571474288715,(-0.003594165095975148+0.012562402701072273j),2856.571474288715
3572,3572,10.35719375,0.0084042197492661,(0.05670144276646255+0.039362536188409396j),2857.371410293837,(0.05670144276646376+0.039362536188410145j),2857.3714102938366
3573,3573,10.35729375,0.007529098974845,(-0.08501820006619551+0.029493189633908134j),2858.171346298958,(-0.08501820006619623+0.029493189633906482j),2858.171346298958
3574,3574,10.35739375,0.0067630718377185,(0.08976322501287114-0.005437470750326676j),2858.9712823040795,(0.08976322501286593-0.005437470750326072j),2858.9712823040795
3575,3575,10.35749375,0.0051689161708766,(-0.046270703357381274+0.028264772563478827j),2859.771218309201,(-0.04627070335738455+0.028264772563481595j),2859.771218309201
3576,3576,10.35759375,0.005385308769807,(-0.023632637700957776-0.021295399962414245j),2860.5711543143225,(-0.023632637700955562-0.02129539996241294j),2860.5711543143225
3577,3577,10.35769375,0.0050449395520499,(0.02043243468957066+0.04821143791367739j),2861.371090319444,(0.020432434689570823+0.04821143791367999j),2861.3710903194437
3578,3578,10.35779375,0.0060794644443516,(-0.05504032886620277+0.0458524736454039j),2862.171026324565,(-0.05504032886620267+0.04585247364540466j),2862.1710263245654
3579,3579,10.35789375,0.0074733680695553,(0.03386120507893608+0.0659865190421456j),2862.9709623296867,(0.03386120507894187+0.06598651904214657j),2862.9709623296867
3580,3580,10.35799375,0.0084296070101339,(0.06362539925064523-0.003088982480583785j),2863.770898334808,(0.06362539925064883-0.003088982480581915j),2863.770898334808
3581,3581,10.35809375,0.0082290190497954,(-0.03982603436937013-0.010200930586288832j),2864.5708343399297,(-0.039826034369366436-0.010200930586289403j),2864.5708343399297
3582,3582,10.35819375,0.0070628645631599,(0.004938919673795433-0.02218788978038416j),2865.370770345051,(0.004938919673797015-0.022187889780389033j),2865.370770345051
3583,3583,10.35829375,0.0067880041573058,(-0.016943867005570427+0.033606416566849207j),2866.1707063501726,(-0.016943867005567503+0.03360641656684744j),2866.1707063501726
3584,3584,10.35839375,0.0058616904675716,(-0.01515789318785427+0.04321904237104572j),2866.970642355294,(-0.015157893187855823+0.04321904237104799j),2866.970642355294
3585,3585,10.35849375,0.0028590267312909,(0.018543476427029783+0.00035285197737635124j),2867.770578360416,(0.018543476427029384+0.00035285197737175596j),2867.7705783604156
3586,3586,10.35859375,0.0025552280629883,(0.0020124218329815296-0.005005337913406852j),2868.570514365537,(0.0020124218329832886-0.005005337913403312j),2868.570514365537
3587,3587,10.35869375,0.0023917420993523,(0.03512237066297023-0.12904714022077252j),2869.3704503706585,(0.035122370662970685-0.1290471402207728j),2869.3704503706585
3588,3588,10.35879375,0.0039055461250171,(-0.028739915169398486+0.08199521384822003j),2870.17038637578,(-0.028739915169399045+0.08199521384821663j),2870.17038637578
3589,3589,10.35889375,0.0061214743611765,(-0.009955297527068235+0.04942562134978543j),2870.970322380901,(-0.009955297527066781+0.04942562134978173j),2870.970322380901
3590,3590,10.35899375,0.0055103093170641,(-0.009407747180138676-0.12408232656071844j),2871.7702583860228,(-0.009407747180139097-0.12408232656071724j),2871.7702583860228
3591,3591,10.35909375,0.0063274365457346,(0.07839075244158271-0.09365644082679749j),2872.570194391144,(0.07839075244158296-0.09365644082680247j),2872.570194391144
3592,3592,10.35919375,0.0051775758695582,(-0.0028379524775982382+0.040129627520040144j),2873.3701303962657,(-0.0028379524775975166+0.04012962752004271j),2873.3701303962657
3593,3593,10.35929375,0.0031448067454519,(0.022141492733932552+0.023340485182826068j),2874.170066401387,(0.022141492733938384+0.023340485182827584j),2874.170066401387
3594,3594,10.35939375,0.0040433854045884,(0.026552218410125533-0.09160830027634134j),2874.9700024065087,(0.02655221841012487-0.09160830027634154j),2874.9700024065087
3595,3595,10.35949375,0.0006321212732514,(-0.006856950882130993-0.012033354691875971j),2875.76993841163,(-0.006856950882131302-0.012033354691875034j),2875.76993841163
3596,3596,10.35959375,0.0015503787519847,(-0.046387292152726814-0.015278805990349911j),2876.569874416752,(-0.046387292152725454-0.015278805990351196j),2876.5698744167516
3597,3597,10.35969375,0.00117245505401,(-0.02253713988319323-0.0018438437714873605j),2877.369810421873,(-0.02253713988319489-0.0018438437714860482j),2877.369810421873
3598,3598,10.35979375,0.0021794747596102,(0.0073974947426580576+0.08020655003109836j),2878.169746426994,(0.007397494742659669+0.08020655003109649j),2878.169746426994
3599,3599,10.35989375,0.0042159931835232,(-0.062204527959391014-0.03274055421078556j),2878.969682432116,(-0.06220452795939221-0.03274055421078375j),2878.969682432116
3600,3600,10.35999375,0.0029251692125039,(0.02413324653004214-0.027801930703666877j),2879.769618437237,(0.024133246530045616-0.027801930703663984j),2879.769618437237
3601,3601,10.36009375,0.0044126039947467,(0.0513293952877541-0.011401428315572934j),2880.569554442359,(0.051329395287756215-0.011401428315572542j),2880.569554442359
3602,3602,10.36019375,0.003723988651678,(-0.0014586510756772943+0.01882409558640254j),2881.36949044748,(-0.0014586510756732602+0.018824095586400885j),2881.36949044748
3603,3603,10.36029375,0.0035790790947975,(0.05652465622980932-0.03570524118841365j),2882.169426452602,(0.05652465622980946-0.03570524118841597j),2882.169426452602
3604,3604,10.36039375,0.0029851842846721,(0.013079370533852485+0.008410831415691636j),2882.969362457723,(0.013079370533856046+0.008410831415687882j),2882.969362457723
3605,3605,10.36049375,0.0012096553548099,(0.0376190118819546-0.05525920378370355j),2883.7692984628447,(0.037619011881955-0.0552592037837058j),2883.7692984628447
3606,3606,10.36059375,0.0008708766946641,(-0.054596524499120024+0.023709600378889428j),2884.569234467966,(-0.05459652449911811+0.02370960037888859j),2884.569234467966
3607,3607,10.36069375,0.0032141750705862,(-0.035442508722777315-0.022594859762961376j),2885.3691704730877,(-0.035442508722778904-0.022594859762964416j),2885.3691704730873
3608,3608,10.36079375,0.0034818710458832,(0.015756561575312734+0.00971067510196219j),2886.169106478209,(0.015756561575315013+0.009710675101958268j),2886.169106478209
3609,3609,10.36089375,0.0042154130672674,(0.047542691588525095+0.0345301623181537j),2886.96904248333,(0.04754269158852288+0.03453016231815707j),2886.96904248333
3610,3610,10.36099375,0.0035200681248597,(0.020449489146313903-0.03419297420485273j),2887.768978488452,(0.02044948914631084-0.034192974204850124j),2887.768978488452
3611,3611,10.36109375,0.0046590471291164,(-0.014110126317160522+0.0827475024782236j),2888.568914493573,(-0.014110126317160606+0.08274750247822321j),2888.568914493573
3612,3612,10.36119375,0.0058248012454186,(-0.03645938092831506+0.004007863375376692j),2889.368850498695,(-0.03645938092831672+0.00400786337537324j),2889.368850498695
3613,3613,10.36129375,0.0053937474233528,(-0.027469065412558145-0.03238461284018292j),2890.168786503816,(-0.027469065412555414-0.03238461284018481j),2890.168786503816
3614,3614,10.36139375,0.0039016484470168,(-0.030375411237296736+0.06073609189793825j),2890.968722508938,(-0.03037541123729595+0.06073609189793683j),2890.968722508938
3615,3615,10.36149375,0.0038742781263642,(-0.04490777000009837-0.055054477304787394j),2891.768658514059,(-0.044907770000098414-0.05505447730478274j),2891.768658514059
3616,3616,10.36159375,0.0030576984003488,(-0.04143085963463085-0.03262028193495753j),2892.5685945191804,(-0.041430859634628725-0.03262028193495869j),2892.5685945191804
3617,3617,10.36169375,0.0042395479317584,(0.040252194674176234-0.060326167243048415j),2893.368530524302,(0.04025219467417666-0.06032616724304694j),2893.368530524302
3618,3618,10.36179375,0.004403481742496,(0.01579158290357484+0.025722915190223416j),2894.1684665294238,(0.01579158290357388+0.02572291519022286j),2894.1684665294233
3619,3619,10.36189375,0.0051407248533771,(0.034846819966364115-0.04169967328381526j),2894.968402534545,(0.0348468199663639-0.04169967328381806j),2894.968402534545
3620,3620,10.36199375,0.0045455988318498,(-0.055465278405173915+0.053629663050812564j),2895.7683385396663,(-0.05546527840517632+0.05362966305080909j),2895.7683385396663
3621,3621,10.36209375,0.0043553570729914,(-0.010688174049454796+0.002809526564782498j),2896.568274544788,(-0.010688174049454395+0.002809526564778233j),2896.568274544788
3622,3622,10.36219375,0.0060535504161214,(0.0422310414924172+0.03433555163893503j),2897.368210549909,(0.04223104149241544+0.03433555163893221j),2897.3682105499092
3623,3623,10.36229375,0.0054975568097533,(-0.06982256915570215-0.0695853183377567j),2898.168146555031,(-0.06982256915570362-0.0695853183377603j),2898.168146555031
3624,3624,10.36239375,0.0063534458287051,(0.06203091432076249+0.053373760525914304j),2898.968082560152,(0.06203091432076242+0.0533737605259121j),2898.968082560152
3625,3625,10.36249375,0.0069960659368497,(-0.03713137249498222+0.0850025812759776j),2899.768018565273,(-0.03713137249498036+0.08500258127598123j),2899.7680185652735
3626,3626,10.36259375,0.0065357638822458,(-0.11263587216870583+0.031023144544204025j),2900.567954570395,(-0.11263587216870458+0.031023144544197294j),2900.567954570395
3627,3627,10.36269375,0.0061358432435966,(0.020247010709679866-0.03381307466146536j),2901.3678905755164,(0.020247010709680668-0.03381307466146432j),2901.3678905755164
3628,3628,10.36279375,0.0058641414898054,(0.058779320751382425-0.020529075523871114j),2902.167826580638,(0.05877932075138388-0.020529075523868696j),2902.167826580638
3629,3629,10.36289375,0.0067711703990704,(-0.07405097242059304-0.07606314592328735j),2902.9677625857594,(-0.07405097242059314-0.07606314592328517j),2902.9677625857594
3630,3630,10.36299375,0.0073020688205289,(0.010004708236414743+0.037327777879809294j),2903.767698590881,(0.010004708236415812+0.03732777787981248j),2903.767698590881
3631,3631,10.36309375,0.007257103282214,(0.028618908793932574+0.03774081655455561j),2904.5676345960023,(0.028618908793935718+0.03774081655455781j),2904.5676345960023
3632,3632,10.36319375,0.0078635317179941,(0.03683615232932795+0.04974837729997174j),2905.367570601124,(0.0368361523293257+0.04974837729997268j),2905.367570601124
3633,3633,10.36329375,0.0065537445571741,(-0.07718034522071107+0.06673600500671564j),2906.1675066062453,(-0.0771803452207147+0.06673600500671877j),2906.1675066062453
3634,3634,10.36339375,0.0075366325868577,(-0.05458573748598639-0.0029213783510692506j),2906.9674426113666,(-0.05458573748598934-0.0029213783510717156j),2906.9674426113666
3635,3635,10.36349375,0.0079335814829788,(-0.048059357408073516-0.04870915461368575j),2907.7673786164883,(-0.048059357408074856-0.048709154613683955j),2907.7673786164883
3636,3636,10.36359375,0.0066122474527111,(0.03645553589982191+0.019483200347920684j),2908.567314621609,(0.0364555358998243+0.01948320034792094j),2908.5673146216095
3637,3637,10.36369375,0.0061302207569405,(-0.049994722186008894+0.0062725797451157785j),2909.367250626731,(-0.049994722186006854+0.006272579745114502j),2909.367250626731
3638,3638,10.36379375,0.0055438588234062,(0.018757219987595507-0.05180556752615609j),2910.1671866318525,(0.0187572199875962-0.05180556752615517j),2910.1671866318525
3639,3639,10.36389375,0.0080776329433588,(-0.047040705846146+0.004929841135334043j),2910.967122636974,(-0.04704070584614495+0.00492984113533422j),2910.967122636974
3640,3640,10.36399375,0.0081491251584243,(-0.004204085162132231-0.06482317853763384j),2911.7670586420954,(-0.00420408516213544-0.06482317853763232j),2911.7670586420954
3641,3641,10.36409375,0.0084192724682424,(0.05891487338846373+0.06741814448341088j),2912.5669946472167,(0.058914873388459764+0.06741814448340996j),2912.5669946472167
3642,3642,10.36419375,0.0076724276784716,(-0.05808552602054591-0.0749523340941995j),2913.3669306523384,(-0.05808552602054728-0.07495233409419932j),2913.3669306523384
3643,3643,10.36429375,0.007886023266468,(0.018228013240918637-0.016224485088311924j),2914.16686665746,(0.01822801324091918-0.016224485088308132j),2914.1668666574597
3644,3644,10.36439375,0.008361732264903,(-0.007779058694518823+0.0656376421261924j),2914.9668026625814,(-0.007779058694520485+0.0656376421261936j),2914.9668026625814
3645,3645,10.36449375,0.0077204319604765,(0.03354852176569562-0.00823386051046762j),2915.7667386677026,(0.03354852176569463-0.008233860510465058j),2915.7667386677026
3646,3646,10.36459375,0.0074956863614351,(0.028768340934225492-0.020302919758512318j),2916.5666746728243,(0.028768340934226196-0.020302919758513782j),2916.5666746728243
3647,3647,10.36469375,0.0073932784496837,(-0.0328842114159451+0.02688166260336305j),2917.3666106779456,(-0.032884211415944754+0.026881662603364925j),2917.3666106779456
3648,3648,10.36479375,0.007668914294069,(0.04833943258335513-0.019190317189342554j),2918.1665466830677,(0.04833943258335809-0.01919031718934167j),2918.1665466830673
3649,3649,10.36489375,0.0075844710946916,(-0.009235073487408513-0.033439766964956916j),2918.9664826881885,(-0.009235073487409364-0.03343976696495666j),2918.9664826881885
3650,3650,10.36499375,0.0070392615719491,(0.0859446192374227+0.05936662466517908j),2919.76641869331,(0.08594461923742144+0.05936662466517991j),2919.76641869331
3651,3651,10.36509375,0.0075327338950908,(-0.0280557578417325+0.04083073551343443j),2920.5663546984315,(-0.028055757841733493+0.040830735513440464j),2920.5663546984315
3652,3652,10.36519375,0.0075424502988923,(0.06081172849271274+0.04579323804174973j),2921.3662907035527,(0.060811728492711666+0.04579323804174942j),2921.3662907035527
3653,3653,10.36529375,0.0079831369331426,(0.029905564092913988+0.025490188435178293j),2922.1662267086745,(0.02990556409291481+0.025490188435177943j),2922.1662267086745
3654,3654,10.36539375,0.0082647573073732,(-0.00490000011464976+0.024069861945848394j),2922.966162713796,(-0.004900000114650663+0.02406986194584989j),2922.9661627137957
3655,3655,10.36549375,0.0079096765037669,(0.018884348760151166-0.01913886675309996j),2923.7660987189174,(0.018884348760152266-0.019138866753099344j),2923.7660987189174
3656,3656,10.36559375,0.0085295972534118,(-0.008479196309913211+0.020046764148580393j),2924.5660347240387,(-0.00847919630991369+0.020046764148582436j),2924.5660347240387
3657,3657,10.36569375,0.0085436459044237,(-0.08241246712106672+0.0703714330116375j),2925.3659707291604,(-0.08241246712106941+0.07037143301164017j),2925.3659707291604
3658,3658,10.36579375,0.007596783524857,(0.008401200666518609-0.08262363452818283j),2926.1659067342816,(0.008401200666522217-0.08262363452817777j),2926.1659067342816
3659,3659,10.36589375,0.0067972200039346,(-0.06647252390937532+0.0818198052612972j),2926.965842739403,(-0.06647252390937482+0.08181980526129523j),2926.965842739403
3660,3660,10.36599375,0.0050720843564917,(0.024028991729307836-0.0016716505513677256j),2927.7657787445246,(0.024028991729306354-0.0016716505513685656j),2927.7657787445246
3661,3661,10.36609375,0.0043502534378803,(-0.00426338449785775+0.05906509786933721j),2928.565714749646,(-0.004263384497856838+0.05906509786933842j),2928.565714749646
3662,3662,10.36619375,0.0048679259698521,(0.006828029351872267+0.03546733285204651j),2929.365650754768,(0.00682802935187087+0.035467332852047354j),2929.3656507547676
3663,3663,10.36629375,0.0053347148339162,(-0.06596044061684896-0.01248620384136032j),2930.165586759889,(-0.06596044061685455-0.012486203841359806j),2930.165586759889
3664,3664,10.36639375,0.0057272255336017,(-0.017872729460079458+0.06268118189562495j),2930.9655227650105,(-0.017872729460079034+0.06268118189562542j),2930.9655227650105
3665,3665,10.36649375,0.0056029997731722,(0.01667325907344836+0.048829431825282675j),2931.765458770132,(0.016673259073450745+0.048829431825281794j),2931.7654587701318
3666,3666,10.36659375,0.0064067799709541,(0.02028249533770165-0.0008825094224849872j),2932.565394775253,(0.020282495337704366-0.000882509422486015j),2932.5653947752535
3667,3667,10.36669375,0.0079136453351563,(-0.05759166380669326+0.024341723860222243j),2933.3653307803747,(-0.05759166380668794+0.024341723860220005j),2933.3653307803747
3668,3668,10.36679375,0.0057259873750594,(-0.025675115914615063-0.11580471016017238j),2934.165266785496,(-0.02567511591461187-0.11580471016017141j),2934.165266785496
3669,3669,10.36689375,0.0057206890942408,(-0.028946000825106004+0.03808979360442113j),2934.9652027906177,(-0.02894600082510909+0.038089793604418186j),2934.9652027906177
3670,3670,10.36699375,0.0034647912518294,(-0.04130635701351854+0.017301646808487264j),2935.765138795739,(-0.041306357013516856+0.017301646808485317j),2935.765138795739
3671,3671,10.36709375,0.0029833090933765,(-0.10327257195073672+0.012881338317943239j),2936.5650748008607,(-0.10327257195074085+0.012881338317942484j),2936.5650748008607
3672,3672,10.36719375,0.0027222072175529,(0.004743997484191392-0.07625083296490973j),2937.365010805982,(0.004743997484189032-0.07625083296491154j),2937.365010805982
3673,3673,10.36729375,0.0031010883951302,(-0.004214187466019186+0.004103138563260902j),2938.164946811104,(-0.004214187466018521+0.0041031385632566844j),2938.1649468111036
3674,3674,10.36739375,0.0045258006861686,(-0.0754623478446568+0.015684348703392064j),2938.964882816225,(-0.07546234784465716+0.01568434870338984j),2938.964882816225
3675,3675,10.36749375,0.0044954879171695,(-0.014391398175373993+0.010453289598924321j),2939.7648188213466,(-0.014391398175372636+0.010453289598926977j),2939.7648188213466
3676,3676,10.36759375,0.0044202329004801,(-0.004009594416613929-0.006329586021253707j),2940.564754826468,(-0.004009594416615371-0.006329586021248144j),2940.564754826468
3677,3677,10.36769375,0.0050247730174587,(-0.039722033859984095-0.0060915763486957195j),2941.364690831589,(-0.03972203385998268-0.006091576348694102j),2941.364690831589
3678,3678,10.36779375,0.004088821753463,(-0.04229741238406247-0.054373769420078405j),2942.164626836711,(-0.042297412384063406-0.05437376942007757j),2942.164626836711
3679,3679,10.36789375,0.0031055429855685,(0.08572952141953202+0.0017582130622404574j),2942.964562841832,(0.08572952141952841+0.001758213062243108j),2942.964562841832
3680,3680,10.36799375,0.0020515537764654,(-0.02385431963169124-0.0010318070815759656j),2943.7644988469538,(-0.023854319631695393-0.0010318070815740054j),2943.7644988469538
3681,3681,10.36809375,0.0022728189616669,(0.0021901029447539758-0.10474606981774898j),2944.564434852075,(0.0021901029447550374-0.10474606981775193j),2944.564434852075
3682,3682,10.36819375,0.0022273320588399,(0.09086400788370519-0.05484345971367601j),2945.3643708571967,(0.09086400788370681-0.054843459713673735j),2945.3643708571967
3683,3683,10.36829375,0.0015669534117684,(-0.04485449251480068-0.07430431612970852j),2946.164306862318,(-0.04485449251480379-0.07430431612970854j),2946.164306862318
3684,3684,10.36839375,0.0021030310814103,(0.04621193325710835-0.0167033470258639j),2946.96424286744,(0.04621193325710686-0.016703347025864974j),2946.9642428674397
3685,3685,10.36849375,0.0027762371854406,(0.030387605297354736-0.017340911426071064j),2947.764178872561,(0.030387605297357387-0.01734091142607247j),2947.764178872561
3686,3686,10.36859375,0.0037711948557096,(0.00661428572217586+0.0367253128911126j),2948.564114877682,(0.0066142857221727375+0.036725312891113276j),2948.564114877682
3687,3687,10.36869375,0.0043055749696154,(-0.07581935302654066+0.09409031277182438j),2949.364050882804,(-0.07581935302654315+0.09409031277182162j),2949.364050882804
3688,3688,10.36879375,0.0035227609236934,(0.022692068076046137+0.04271620604304203j),2950.163986887925,(0.02269206807604833+0.042716206043040765j),2950.163986887925
3689,3689,10.36889375,0.0035412646059519,(0.004742794089521954+0.06696109552757823j),2950.963922893047,(0.00474279408951853+0.06696109552757624j),2950.963922893047
3690,3690,10.36899375,0.0034593683583386,(0.014247284415231792-0.008323413986393817j),2951.763858898168,(0.014247284415235787-0.008323413986399832j),2951.763858898168
3691,3691,10.36909375,0.0031700094659817,(-0.04371725996470127-0.009063171025677493j),2952.56379490329,(-0.043717259964703395-0.009063171025677025j),2952.56379490329
3692,3692,10.36919375,0.0036424630921248,(-0.02126822457447094+0.08221435782022224j),2953.363730908411,(-0.02126822457446458+0.08221435782021994j),2953.363730908411
3693,3693,10.36929375,0.0034039794778202,(-0.05428732555165629-0.041365879658427585j),2954.163666913533,(-0.054287325551658556-0.04136587965842985j),2954.163666913533
3694,3694,10.36939375,0.0041498333292963,(0.02201537062721918+0.0022756672650765418j),2954.963602918654,(0.022015370627220043+0.0022756672650755703j),2954.963602918654
3695,3695,10.36949375,0.0050029221149885,(0.04269641103774745-0.05977377637356857j),2955.7635389237757,(0.042696411037747004-0.059773776373570994j),2955.7635389237753
3696,3696,10.36959375,0.0051549715721395,(-0.027368447560385954+0.08351123256069545j),2956.563474928897,(-0.027368447560386606+0.08351123256069527j),2956.563474928897
3697,3697,10.36969375,0.0053146701829328,(0.033168352049243885+0.04959974421850015j),2957.3634109340182,(0.0331683520492465+0.04959974421850079j),2957.3634109340182
3698,3698,10.36979375,0.0055126159110283,(-0.06021990949452522+0.06226999456397987j),2958.16334693914,(-0.060219909494525214+0.06226999456398136j),2958.16334693914
3699,3699,10.36989375,0.0059615555127496,(-0.09393347194676156+0.041981470001224895j),2958.963282944261,(-0.09393347194676062+0.04198147000122648j),2958.963282944261
3700,3700,10.36999375,0.0058506058364509,(-0.029915225208555305-0.08885585697824536j),2959.763218949383,(-0.029915225208557213-0.08885585697824314j),2959.763218949383
3701,3701,10.37009375,0.0036708984371523,(0.04216655370398209-0.0031649423036196056j),2960.563154954504,(0.042166553703983416-0.003164942303621146j),2960.563154954504
3702,3702,10.37019375,0.0040983558842563,(0.003867057346640595-0.06313618094085012j),2961.363090959626,(0.0038670573466405636-0.06313618094085235j),2961.363090959626
3703,3703,10.37029375,0.0040826185873796,(0.14506689084257524+0.05496067674410674j),2962.163026964747,(0.1450668908425761+0.05496067674410923j),2962.163026964747
3704,3704,10.37039375,0.0059438904628749,(-0.04389923190574612-0.01635922590739836j),2962.9629629698684,(-0.043899231905747425-0.016359225907397298j),2962.9629629698684
3705,3705,10.37049375,0.004773495338443,(0.04710858121811047-0.032453867721801j),2963.76289897499,(0.04710858121811354-0.03245386772180279j),2963.76289897499
3706,3706,10.37059375,0.0050788646547363,(-0.028341609105151478-0.01615818614382621j),2964.562834980112,(-0.02834160910515171-0.016158186143819944j),2964.5628349801113
3707,3707,10.37069375,0.0064327124804077,(0.09408970826459236-0.04877875196799206j),2965.362770985233,(0.09408970826459002-0.04877875196799583j),2965.362770985233
3708,3708,10.37079375,0.007393765634339,(0.003917090026518435-0.08330553823315887j),2966.1627069903543,(0.00391709002651534-0.08330553823315894j),2966.1627069903543
3709,3709,10.37089375,0.0069651260915783,(0.04316750714476376+0.1252240732640523j),2966.962642995476,(0.04316750714476314+0.12522407326405255j),2966.962642995476
3710,3710,10.37099375,0.0066344550708546,(-0.05452689199244307+0.04872125596250674j),2967.7625790005973,(-0.05452689199244532+0.048721255962509466j),2967.7625790005973
3711,3711,10.37109375,0.0063094364365462,(0.037015848898392024-0.026162546500702624j),2968.5625150057185,(0.03701584889839297-0.026162546500706894j),2968.5625150057185
3712,3712,10.37119375,0.0069050012973337,(-0.02871067762334128+0.00922207129972313j),2969.36245101084,(-0.028710677623341826+0.009222071299722997j),2969.3624510108402
3713,3713,10.37129375,0.0065776354591816,(-0.0634310145566408-0.04932049022414241j),2970.162387015961,(-0.06343101455663942-0.04932049022413837j),2970.1623870159615
3714,3714,10.37139375,0.0066191903524356,(-0.00017943111901654735+0.03211583082714276j),2970.962323021083,(-0.00017943111901226258+0.032115830827138786j),2970.962323021083
3715,3715,10.37149375,0.005598185066349,(-0.007841523031558328+0.011445444911690729j),2971.7622590262044,(-0.007841523031553641+0.011445444911695362j),2971.7622590262044
3716,3716,10.37159375,0.0061518634041259,(-0.016814785823816993-0.013987143481786524j),2972.562195031326,(-0.016814785823816326-0.013987143481785771j),2972.562195031326
3717,3717,10.37169375,0.0063852775313163,(0.019302287377833703-0.03354848455277761j),2973.3621310364474,(0.01930228737783241-0.033548484552777785j),2973.3621310364474
3718,3718,10.37179375,0.007165731345965,(0.011028098998776926+0.05892458105474807j),2974.162067041569,(0.011028098998780007+0.05892458105474665j),2974.162067041569
3719,3719,10.37189375,0.0069847092393247,(0.03125101049874224-0.04951867487196998j),2974.9620030466904,(0.03125101049874081-0.049518674871969814j),2974.9620030466904
3720,3720,10.37199375,0.0066260698005092,(-0.005237092668989397-0.05264545108764595j),2975.761939051812,(-0.005237092668989175-0.0526454510876448j),2975.7619390518116
3721,3721,10.37209375,0.0077082508167539,(-0.010311240971623331-0.039935982930889485j),2976.5618750569333,(-0.010311240971624683-0.0399359829308904j),2976.5618750569333
3722,3722,10.37219375,0.0083613879787121,(0.028735783198101876+0.022153898175507225j),2977.3618110620546,(0.02873578319810434+0.02215389817550955j),2977.3618110620546
3723,3723,10.37229375,0.0070753039464875,(0.0888245663955567-0.08758659071702081j),2978.1617470671763,(0.08882456639555386-0.08758659071702149j),2978.1617470671763
3724,3724,10.37239375,0.0078438179896749,(-0.03622225679633071-0.033899911023829186j),2978.961683072297,(-0.036222256796331995-0.03389991102382438j),2978.9616830722975
3725,3725,10.37249375,0.0068421941582608,(0.0003728035589689498+0.06171137311210126j),2979.7616190774197,(0.00037280355896742844+0.06171137311209871j),2979.7616190774193
3726,3726,10.37259375,0.0075992716243827,(-0.08751110168907344-0.0949680798238274j),2980.5615550825405,(-0.08751110168907444-0.09496807982382939j),2980.5615550825405
3727,3727,10.37269375,0.0069003949644633,(-0.019026927471132722-0.036397402810049974j),2981.361491087662,(-0.019026927471133156-0.03639740281005041j),2981.361491087662
3728,3728,10.37279375,0.0072289654419661,(-0.01883624501564394+0.037836420978631616j),2982.1614270927835,(-0.018836245015647957+0.0378364209786361j),2982.1614270927835
3729,3729,10.37289375,0.006439279961461,(-0.03117240422888962-0.03477754918876143j),2982.9613630979047,(-0.031172404228887833-0.0347775491887648j),2982.9613630979047
3730,3730,10.37299375,0.0065377304304245,(0.03336449474647751+0.03293087072046135j),2983.7612991030264,(0.033364494746481746+0.03293087072046304j),2983.7612991030264
3731,3731,10.37309375,0.0080241496360399,(0.039122793037123425+0.021692499665935012j),2984.561235108148,(0.0391227930371252+0.021692499665931408j),2984.5612351081477
3732,3732,10.37319375,0.008902480920746,(0.006911287538815569+0.05135376523277127j),2985.3611711132694,(0.006911287538814759+0.051353765232774504j),2985.3611711132694
3733,3733,10.37329375,0.0067646028464724,(-0.1390533162791497-0.050228653266601704j),2986.16110711839,(-0.1390533162791518-0.050228653266600566j),2986.1611071183906
3734,3734,10.37339375,0.0081978666161822,(-0.005027373160860087-0.010205751596841443j),2986.9610431235124,(-0.005027373160859678-0.01020575159683974j),2986.9610431235124
3735,3735,10.37349375,0.0081826863203635,(0.009581045634641626-0.01566920313200397j),2987.7609791286336,(0.0095810456346412-0.015669203132003758j),2987.7609791286336
3736,3736,10.37359375,0.0080567061283007,(-0.03348379664259528-0.04200116401082389j),2988.5609151337558,(-0.03348379664259794-0.04200116401082046j),2988.5609151337553
3737,3737,10.37369375,0.0079762836208485,(-0.07952351603884965-0.035491579258268485j),2989.360851138877,(-0.07952351603884976-0.03549157925827081j),2989.3608511388766
3738,3738,10.37379375,0.0075091427670948,(0.01369653138503561+0.013720579033672306j),2990.160787143998,(0.013696531385036658+0.013720579033670318j),2990.160787143998
3739,3739,10.37389375,0.0080655892122432,(-0.07544223462453267+0.1079507201264676j),2990.9607231491195,(-0.07544223462453498+0.10795072012646602j),2990.9607231491195
3740,3740,10.37399375,0.007069294772902,(-0.024108409347311906-0.08017762247147994j),2991.760659154241,(-0.024108409347312926-0.0801776224714819j),2991.760659154241
3741,3741,10.37409375,0.0072821412711305,(0.02411917648878985-0.07513081990741727j),2992.5605951593625,(0.024119176488785744-0.07513081990741906j),2992.5605951593625
3742,3742,10.37419375,0.0070533676165675,(0.019159983900175516-0.026278000700011885j),2993.360531164484,(0.01915998390017498-0.02627800070001457j),2993.3605311644837
3743,3743,10.37429375,0.0055459336655497,(-0.02979816304584325+0.05625228882832039j),2994.160467169605,(-0.02979816304583983+0.056252288828317315j),2994.1604671696055
3744,3744,10.37439375,0.0063782100742276,(-0.006413024777784651+0.026816177459769955j),2994.9604031747267,(-0.00641302477778539+0.02681617745977012j),2994.9604031747267
3745,3745,10.37449375,0.0060013257896182,(0.015747139687421596+0.0006578717570070265j),2995.7603391798484,(0.015747139687421533+0.0006578717570078093j),2995.7603391798484
3746,3746,10.37459375,0.0056932387365919,(0.010523197407775488+0.05955600903162726j),2996.5602751849697,(0.01052319740777422+0.05955600903162907j),2996.5602751849697
3747,3747,10.37469375,0.0062588998015159,(-0.058303600238031196-0.013936287309059929j),2997.360211190091,(-0.058303600238029614-0.01393628730906555j),2997.360211190091
3748,3748,10.37479375,0.005972427301132,(0.04149158283456887+0.02784242143332152j),2998.1601471952126,(0.0414915828345685+0.027842421433319393j),2998.1601471952126
3749,3749,10.37489375,0.0061268093940558,(0.03226462856874361-0.03964094045666718j),2998.960083200334,(0.032264628568746505-0.0396409404566656j),2998.960083200334
3750,3750,10.37499375,0.0057257867064112,(-0.020544948240475633+0.012278761597537475j),2999.760019205456,(-0.020544948240477104+0.012278761597538485j),2999.7600192054556
3751,3751,10.37509375,0.0045199139012335,(0.038330456069666785+0.005766426427082267j),3000.559955210577,(0.03833045606966743+0.005766426427077411j),3000.559955210577
3752,3752,10.37519375,0.0051106609546055,(0.012119917806894944+0.06612228174283846j),3001.3598912156986,(0.012119917806894757+0.06612228174283803j),3001.3598912156986
3753,3753,10.37529375,0.0048245267986311,(0.04575412072400008+0.05561707219024288j),3002.15982722082,(0.04575412072399802+0.05561707219024078j),3002.15982722082
3754,3754,10.37539375,0.0053076423004321,(-0.022679403567407188+0.017369741091508125j),3002.959763225941,(-0.022679403567407993+0.01736974109150852j),3002.9597632259415
3755,3755,10.37549375,0.0040483060175157,(-0.014503675171481361+0.017740840676059386j),3003.7596992310628,(-0.014503675171484005+0.017740840676056954j),3003.7596992310628
3756,3756,10.37559375,0.003738180299242,(-0.005116519164810491+0.009822462582993886j),3004.559635236184,(-0.005116519164807241+0.009822462582992676j),3004.559635236184
3757,3757,10.37569375,0.0036518492190607,(0.050618732118614895+0.024619616547562534j),3005.3595712413057,(0.05061873211861614+0.02461961654756535j),3005.3595712413057
3758,3758,10.37579375,0.0038073828458007,(0.016003414053321962+0.01785086162947514j),3006.159507246427,(0.016003414053320016+0.017850861629476265j),3006.159507246427
3759,3759,10.37589375,0.0021670193489706,(-0.03937426674334422+0.05030759239931558j),3006.9594432515487,(-0.03937426674334198+0.050307592399314566j),3006.9594432515487
3760,3760,10.37599375,0.0027625989716906,(0.07459916784528832-0.0670046397677646j),3007.75937925667,(0.074599167845288-0.06700463976776501j),3007.75937925667
3761,3761,10.37609375,0.0029451649533451,(0.006250852515506969+0.005068872517534733j),3008.559315261792,(0.006250852515503086+0.005068872517536062j),3008.5593152617917
3762,3762,10.37619375,0.0034415454543246,(-0.020156272060325803+0.02338083287944224j),3009.359251266913,(-0.020156272060326996+0.023380832879444598j),3009.359251266913
3763,3763,10.37629375,0.0030940137284286,(-0.0360968224057315+0.055357905818643915j),3010.1591872720346,(-0.036096822405731595+0.05535790581864271j),3010.1591872720346
3764,3764,10.37639375,0.0026126562488549,(-0.023205857648948523-0.048025754121127896j),3010.959123277156,(-0.023205857648949293-0.048025754121131636j),3010.959123277156
3765,3765,10.37649375,0.0034104427029979,(-0.02820186432853282+0.02275105136527918j),3011.759059282277,(-0.02820186432853454+0.022751051365280772j),3011.759059282277
3766,3766,10.37659375,0.002698743202226,(-0.03555178818793192-0.019862406317710326j),3012.558995287399,(-0.035551788187936896-0.01986240631771198j),3012.558995287399
3767,3767,10.37669375,0.0031440982287429,(-0.08284524832600132-0.04435200574203031j),3013.35893129252,(-0.08284524832599764-0.04435200574203069j),3013.35893129252
3768,3768,10.37679375,0.0037106367040987,(-0.0753198248020967-0.04091570482367718j),3014.158867297642,(-0.07531982480209437-0.04091570482367761j),3014.158867297642
3769,3769,10.37689375,0.0046042339492575,(-0.02048032154660587-0.07316354951066194j),3014.958803302763,(-0.020480321546604948-0.07316354951066202j),3014.958803302763
3770,3770,10.37699375,0.0053610910188845,(-0.0028710912405865967-0.01599443922609521j),3015.7587393078848,(-0.0028710912405855854-0.015994439226095614j),3015.7587393078848
3771,3771,10.37709375,0.0032541465102273,(-0.048227368043728736+0.03196747407358496j),3016.558675313006,(-0.04822736804373064+0.03196747407358474j),3016.558675313006
3772,3772,10.37719375,0.0041652647547474,(0.0030090520797198712-0.057845152094580285j),3017.358611318128,(0.0030090520797173316-0.057845152094577815j),3017.3586113181277
3773,3773,10.37729375,0.0041726208216312,(0.014384262692971099+0.02215122330325068j),3018.158547323249,(0.014384262692969312+0.022151223303250898j),3018.158547323249
3774,3774,10.37739375,0.002361045639892,(0.024899742440772015+0.03232544985182911j),3018.95848332837,(0.024899742440772026+0.032325449851831126j),3018.95848332837
3775,3775,10.37749375,0.0009925601437408,(-0.025707663040780624-0.03229802814651986j),3019.758419333492,(-0.025707663040786217-0.03229802814651776j),3019.758419333492
3776,3776,10.37759375,0.0019682841224978,(0.03189856114752307+0.0061391310540666625j),3020.558355338613,(0.03189856114752389+0.006139131054068745j),3020.558355338613
3777,3777,10.37769375,0.0036147916022336,(-0.06383895035219983+0.03182303441350924j),3021.358291343735,(-0.06383895035219805+0.03182303441351344j),3021.358291343735
3778,3778,10.37779375,0.0041502531378427,(0.019552120597407817+0.06487145505210622j),3022.158227348856,(0.019552120597410013+0.06487145505210543j),3022.158227348856
3779,3779,10.37789375,0.0037734106934192,(-0.18077166257470903-0.08519228946489929j),3022.958163353978,(-0.1807716625747134-0.08519228946489697j),3022.958163353978
3780,3780,10.37799375,0.0061115189473459,(-0.0918634839198885+0.00739026587449206j),3023.758099359099,(-0.09186348391988769+0.007390265874488198j),3023.758099359099
3781,3781,10.37809375,0.0063997379285923,(-0.038098476677683055-0.020292191190456037j),3024.5580353642204,(-0.038098476677681584-0.020292191190451333j),3024.5580353642204
3782,3782,10.37819375,0.0050592834599201,(-0.04853284799247941+0.05605830927640287j),3025.357971369342,(-0.04853284799247489+0.05605830927640279j),3025.357971369342
3783,3783,10.37829375,0.0040824187387541,(-0.0022910801187592663+0.015789090707361186j),3026.157907374464,(-0.002291080118755149+0.015789090707357505j),3026.1579073744633
3784,3784,10.37839375,0.003651941958902,(0.03619112455571693-0.11080698765373642j),3026.957843379585,(0.0361911245557138-0.11080698765374207j),3026.957843379585
3785,3785,10.37849375,0.0027390517653548,(-0.03417086227176961+0.06630752144359955j),3027.7577793847063,(-0.034170862271769284+0.06630752144359818j),3027.7577793847063
3786,3786,10.37859375,0.0019830740010591,(-0.014233950880666268-0.05332827824123594j),3028.557715389828,(-0.014233950880666464-0.05332827824123553j),3028.557715389828
3787,3787,10.37869375,0.0023948645616347,(0.01104984883564462-0.06973866404924786j),3029.357651394949,(0.01104984883564332-0.06973866404924882j),3029.3576513949492
3788,3788,10.37879375,0.0039986320219594,(-0.027987084835724655+0.029019250847294845j),3030.157587400071,(-0.027987084835728274+0.029019250847293763j),3030.157587400071
3789,3789,10.37889375,0.0060525899538359,(0.014153059023717284-0.0025897703130032734j),3030.957523405192,(0.014153059023716216-0.0025897703130039603j),3030.957523405192
3790,3790,10.37899375,0.0075171050757046,(0.008498702060330078+0.007163105910405524j),3031.757459410313,(0.008498702060331067+0.007163105910406607j),3031.7574594103135
3791,3791,10.37909375,0.0076293683943958,(0.05301089051319377+0.10418773898983807j),3032.557395415435,(0.053010890513192264+0.10418773898983767j),3032.557395415435
3792,3792,10.37919375,0.0086748076952358,(-0.0824426459786576-0.04533198171270501j),3033.3573314205564,(-0.08244264597865478-0.04533198171270282j),3033.3573314205564
3793,3793,10.37929375,0.0074933684846849,(0.03323319217097076-0.05168417961966016j),3034.157267425678,(0.03323319217097068-0.05168417961965923j),3034.157267425678
3794,3794,10.37939375,0.0054326110845755,(-0.010362455487965256-0.03869899386088085j),3034.9572034307994,(-0.01036245548796309-0.03869899386088477j),3034.9572034307994
3795,3795,10.37949375,0.004058681393051,(-0.08589680636577442+0.09064146111485102j),3035.757139435921,(-0.08589680636577882+0.0906414611148518j),3035.757139435921
3796,3796,10.37959375,0.0058454760868485,(0.05180038468463977-0.04501963378012865j),3036.5570754410423,(0.051800384684635915-0.04501963378012519j),3036.5570754410423
3797,3797,10.37969375,0.0063852041486359,(-0.02887085545543765-0.04165274234682932j),3037.357011446164,(-0.02887085545543306-0.04165274234682897j),3037.357011446164
3798,3798,10.37979375,0.0054710130481095,(0.029091296995991178-0.0008518727549230217j),3038.1569474512853,(0.029091296995993915-0.000851872754919606j),3038.1569474512853
3799,3799,10.37989375,0.0059156935800783,(-0.015410934755855357-0.03282869454732636j),3038.9568834564066,(-0.01541093475585734-0.032828694547327286j),3038.9568834564066
3800,3800,10.37999375,0.0074044329993144,(0.04322265830787251-0.032739483396975924j),3039.7568194615283,(0.04322265830787395-0.03273948339697348j),3039.7568194615283
3801,3801,10.38009375,0.0080620708826955,(0.006657350777470522+0.009742855094309237j),3040.556755466649,(0.006657350777471966+0.009742855094306998j),3040.5567554666495
3802,3802,10.38019375,0.0078786428752236,(0.014963105857605172-0.10049530466943749j),3041.3566914717712,(0.014963105857602743-0.10049530466943543j),3041.3566914717712
3803,3803,10.38029375,0.0061287222998162,(-0.05092859986490094-0.03866428209920153j),3042.1566274768925,(-0.050928599864907095-0.03866428209920199j),3042.1566274768925
3804,3804,10.38039375,0.0082224926434406,(0.011050207261104193-0.0037621585040931082j),3042.956563482014,(0.011050207261107852-0.003762158504093026j),3042.956563482014
3805,3805,10.38049375,0.0086793933270703,(0.033068199330612155+0.03946537905580821j),3043.7564994871354,(0.033068199330611725+0.03946537905580981j),3043.7564994871354
3806,3806,10.38059375,0.008488225825637,(0.0711504630430278+0.001815739952769041j),3044.556435492257,(0.07115046304302625+0.0018157399527709839j),3044.556435492257
3807,3807,10.38069375,0.0064631866380748,(0.036279092919036665-0.005787115579923129j),3045.3563714973784,(0.036279092919034354-0.005787115579921759j),3045.3563714973784
3808,3808,10.38079375,0.0066098641243497,(-0.11965245112990065-0.016863032218735363j),3046.1563075025,(-0.11965245112990164-0.01686303221873813j),3046.1563075024997
3809,3809,10.38089375,0.0073283704034016,(-0.010590888299368006+0.03095679307164773j),3046.9562435076214,(-0.010590888299370747+0.030956793071648458j),3046.9562435076214
3810,3810,10.38099375,0.0072948315728451,(-0.05224807490147775-0.0033201194351976278j),3047.7561795127426,(-0.052248074901480285-0.00332011943520236j),3047.7561795127426
3811,3811,10.38109375,0.0061881315463722,(0.01082163913032242+0.013180406992828565j),3048.5561155178643,(0.010821639130320245+0.013180406992822915j),3048.5561155178643
3812,3812,10.38119375,0.0077087992104967,(-0.003995720367149323-0.0207657951422597j),3049.3560515229856,(-0.003995720367148429-0.020765795142257945j),3049.3560515229856
3813,3813,10.38129375,0.0086127164294375,(-0.03170872447928477+0.137174744582885j),3050.1559875281077,(-0.03170872447928512+0.1371747445828824j),3050.1559875281073
3814,3814,10.38139375,0.0098582351631276,(0.02995877605641472-0.019642871192047606j),3050.9559235332285,(0.029958776056408443-0.019642871192044695j),3050.9559235332285
3815,3815,10.38149375,0.0095146550866096,(0.005660917765948835-0.00552017214753088j),3051.7558595383503,(0.0056609177659500175-0.005520172147530552j),3051.7558595383503
3816,3816,10.38159375,0.0097119038216751,(-0.060898981539884864+0.061154195138213116j),3052.5557955434715,(-0.060898981539883865+0.061154195138212526j),3052.5557955434715
3817,3817,10.38169375,0.0086127214420239,(-0.04097024468932982-0.047446599726876405j),3053.3557315485928,(-0.040970244689328084-0.047446599726875135j),3053.3557315485928
3818,3818,10.38179375,0.0072078244983414,(-0.02240277951622086+0.000859954269964565j),3054.1556675537145,(-0.022402779516222774+0.0008599542699624183j),3054.1556675537145
3819,3819,10.38189375,0.0066651582971337,(0.035771314310701685+0.08158239568203406j),3054.955603558836,(0.035771314310704794+0.08158239568203364j),3054.9556035588357
3820,3820,10.38199375,0.0063644989182435,(0.03564703974906516-0.040558307566754666j),3055.7555395639574,(0.03564703974906703-0.04055830756675507j),3055.7555395639574
3821,3821,10.38209375,0.0079778950294176,(-0.05168202549752743+0.026435253458244795j),3056.5554755690787,(-0.05168202549752712+0.026435253458244934j),3056.5554755690787
3822,3822,10.38219375,0.006762973977958,(0.011782863571338743-0.01419529254277778j),3057.3554115742004,(0.011782863571339093-0.014195292542770821j),3057.3554115742004
3823,3823,10.38229375,0.0064388367098558,(0.03495588583216066+0.0013068657380669209j),3058.1553475793216,(0.034955885832161845+0.0013068657380706748j),3058.1553475793216
3824,3824,10.38239375,0.0074411266854661,(0.021197511652978805-0.017934381241054263j),3058.955283584444,(0.02119751165298224-0.017934381241056226j),3058.9552835844434
3825,3825,10.38249375,0.0090216857992003,(-0.04386084096294161-0.059417842714018426j),3059.7552195895646,(-0.043860840962939705-0.05941784271401862j),3059.7552195895646
3826,3826,10.38259375,0.0081469261597772,(0.0025757513842564377+0.044351214482617536j),3060.555155594686,(0.002575751384253782+0.044351214482616926j),3060.555155594686
3827,3827,10.38269375,0.0063915850744376,(-0.007890949353801587+0.06997532461088324j),3061.355091599808,(-0.007890949353800043+0.06997532461088635j),3061.3550915998076
3828,3828,10.38279375,0.0065332679010559,(0.008392141264775667-0.01673140107557715j),3062.155027604929,(0.008392141264772533-0.01673140107557685j),3062.155027604929
3829,3829,10.38289375,0.0059717438888625,(0.06047473097871929-0.02408732584966631j),3062.9549636100505,(0.06047473097872191-0.024087325849668065j),3062.9549636100505
3830,3830,10.38299375,0.00576873414009,(0.002470932269738505+0.01420738249441297j),3063.754899615172,(0.002470932269734775+0.014207382494412722j),3063.754899615172
3831,3831,10.38309375,0.0046450399344059,(0.03193709564299635-0.041193253547231565j),3064.554835620293,(0.03193709564299869-0.04119325354723075j),3064.5548356202935
3832,3832,10.38319375,0.0050048926047488,(0.04158405318081754+0.020590601565961854j),3065.3547716254147,(0.041584053180816205+0.020590601565961292j),3065.3547716254147
3833,3833,10.38329375,0.0048145999498263,(-0.03153713386789464-0.004050329357339601j),3066.1547076305364,(-0.03153713386789428-0.0040503293573402755j),3066.1547076305364
3834,3834,10.38339375,0.0046845010702172,(-0.03000742673917404+0.061277019312297294j),3066.9546436356577,(-0.030007426739176425+0.06127701931229777j),3066.9546436356577
3835,3835,10.38349375,0.0048999355711973,(-0.0022513754743365673-0.06016170249513711j),3067.754579640779,(-0.0022513754743360304-0.06016170249513387j),3067.754579640779
3836,3836,10.38359375,0.0041977366886874,(-0.056568001761239606-0.05687422422032696j),3068.5545156459007,(-0.056568001761241285-0.05687422422032837j),3068.5545156459007
3837,3837,10.38369375,0.0048372404898469,(-0.0618195770198175-0.06217174666482012j),3069.354451651022,(-0.061819577019815386-0.06217174666481979j),3069.354451651022
3838,3838,10.38379375,0.0045375532762264,(0.008845217840462483-0.047771285237471456j),3070.154387656144,(0.008845217840461357-0.04777128523747202j),3070.1543876561436
3839,3839,10.38389375,0.0034102232322266,(0.017156790190094993-0.03624846548350379j),3070.954323661265,(0.017156790190092204-0.03624846548350443j),3070.954323661265
3840,3840,10.38399375,0.0038585849471744,(0.06489965901084424-0.0028610862110059893j),3071.7542596663866,(0.06489965901084309-0.002861086211013676j),3071.7542596663866
3841,3841,10.38409375,0.0033721218296298,(0.0003679793926968586-0.02985268653444092j),3072.554195671508,(0.00036797939269658624-0.029852686534443312j),3072.554195671508
3842,3842,10.38419375,0.0034604494899672,(-0.043570489496662014+0.027711040779334423j),3073.354131676629,(-0.043570489496662146+0.02771104077933643j),3073.3541316766295
3843,3843,10.38429375,0.0028889993095062,(0.06698488212164971+0.014963398643550611j),3074.154067681751,(0.06698488212165284+0.014963398643549475j),3074.154067681751
3844,3844,10.38439375,0.0028728373444014,(-0.05176900952665297-0.01023572729612185j),3074.954003686872,(-0.05176900952665813-0.010235727296121992j),3074.954003686872
3845,3845,10.38449375,0.003261383875221,(-0.0006175672866961732-0.0336948071560679j),3075.7539396919938,(-0.0006175672866967942-0.03369480715606964j),3075.7539396919938
3846,3846,10.38459375,0.0029816144281816,(0.029157225475375546-0.010681252949362847j),3076.553875697115,(0.029157225475376476-0.010681252949363196j),3076.553875697115
3847,3847,10.38469375,0.0039874197549062,(0.034534229789750535-0.014720750822347747j),3077.3538117022367,(0.03453422978974919-0.01472075082234979j),3077.3538117022367
3848,3848,10.38479375,0.0027993177002392,(-0.059935505864685434-0.04017166582991041j),3078.153747707358,(-0.05993550586468556-0.0401716658299099j),3078.153747707358
3849,3849,10.38489375,0.0033831806623167,(-0.011184353853670453+0.033343639352320625j),3078.95368371248,(-0.011184353853667927+0.03334363935232077j),3078.9536837124797
3850,3850,10.38499375,0.0034528356227054,(-0.028054833643780815-0.1420486941637253j),3079.753619717601,(-0.0280548336437837-0.1420486941637295j),3079.753619717601
3851,3851,10.38509375,0.0027807936145017,(0.020355342174165188+0.09290524421674545j),3080.553555722722,(0.020355342174167144+0.09290524421674323j),3080.553555722722
3852,3852,10.38519375,0.0032433120747404,(0.06951234676953315+0.03354299731298013j),3081.353491727844,(0.0695123467695333+0.033542997312985004j),3081.353491727844
3853,3853,10.38529375,0.0025145469900542,(-0.023031127328193374-0.04919676174791118j),3082.153427732965,(-0.023031127328195147-0.04919676174790725j),3082.153427732965
3854,3854,10.38539375,0.0036096941874216,(-0.08771930756163993-0.04015057239402919j),3082.953363738087,(-0.0877193075616404-0.040150572394030054j),3082.953363738087
3855,3855,10.38549375,0.0024408068335176,(0.028514414956518404+0.016909918929271746j),3083.753299743208,(0.028514414956517353+0.016909918929273612j),3083.753299743208
3856,3856,10.38559375,0.0016957849305859,(-0.0720024967367449+0.024686894026230147j),3084.55323574833,(-0.07200249673674441+0.024686894026233076j),3084.55323574833
3857,3857,10.38569375,0.0028439013592451,(0.050745701729601515-0.04323519663227198j),3085.353171753451,(0.05074570172960186-0.043235196632271315j),3085.353171753451
3858,3858,10.38579375,0.0040069801700378,(-0.045012933829126245-0.01052969962345272j),3086.153107758573,(-0.045012933829126855-0.010529699623451027j),3086.153107758573
3859,3859,10.38589375,0.0036110036733468,(0.017355350250833734-0.12486858824738734j),3086.953043763694,(0.017355350250834983-0.12486858824738772j),3086.953043763694
3860,3860,10.38599375,0.0024214495980833,(-0.020699246116152866+0.0320074532654159j),3087.7529797688157,(-0.02069924611614964+0.03200745326541286j),3087.7529797688153
3861,3861,10.38609375,0.0023840756265658,(-0.06403782926565993-0.06102578844518928j),3088.552915773937,(-0.06403782926565772-0.06102578844518857j),3088.552915773937
3862,3862,10.38619375,0.0048335693377735,(0.0410627122255981+0.0005186301310036653j),3089.3528517790583,(0.04106271222559449+0.0005186301310081722j),3089.3528517790583
3863,3863,10.38629375,0.0038320021777739,(0.015047959144926057+0.008881880778494344j),3090.15278778418,(0.015047959144926449+0.008881880778495057j),3090.15278778418
3864,3864,10.38639375,0.0033758712554851,(0.05563653528800033-0.02040008789681634j),3090.952723789301,(0.05563653528800113-0.020400087896814943j),3090.952723789301
3865,3865,10.38649375,0.0026373174256546,(-0.015253428124554488+0.02998765825931982j),3091.752659794423,(-0.015253428124554526+0.02998765825931762j),3091.752659794423
3866,3866,10.38659375,0.0040702938176035,(0.05717082153479627+0.02426973266538464j),3092.552595799544,(0.05717082153479745+0.02426973266538625j),3092.552595799544
3867,3867,10.38669375,0.0036341794133338,(-0.06496665133346465-0.006815178279472558j),3093.352531804666,(-0.0649666513334672-0.00681517827947609j),3093.352531804666
3868,3868,10.38679375,0.0045281869502447,(0.06055743909399401+0.015645169825917238j),3094.152467809787,(0.060557439093993554+0.015645169825913297j),3094.152467809787
3869,3869,10.38689375,0.0045416593651217,(-0.016403290340418455+0.008559735245830551j),3094.9524038149084,(-0.01640329034041898+0.00855973524583034j),3094.9524038149084
3870,3870,10.38699375,0.0046849199443151,(0.022953157994614032+0.02350786849851911j),3095.75233982003,(0.022953157994611288+0.02350786849852067j),3095.75233982003
3871,3871,10.38709375,0.0056813792922659,(0.021905209519861562-0.04938747477258271j),3096.552275825152,(0.021905209519862672-0.0493874747725818j),3096.5522758251514
3872,3872,10.38719375,0.0069791017683691,(0.032694112768411374+0.008019044714302325j),3097.352211830273,(0.03269411276841132+0.008019044714303451j),3097.352211830273
3873,3873,10.38729375,0.0056233551449181,(0.04951193914445366+0.02775513604856819j),3098.1521478353943,(0.0495119391444547+0.02775513604856479j),3098.1521478353943
3874,3874,10.38739375,0.0044840941456791,(-0.06973550536140184-0.009721834045074727j),3098.952083840516,(-0.06973550536140198-0.009721834045075674j),3098.952083840516
3875,3875,10.38749375,0.0055906667456665,(-0.11773990566032921+0.05960494382304186j),3099.7520198456373,(-0.11773990566032702+0.059604943823039234j),3099.7520198456373
3876,3876,10.38759375,0.0074507844785981,(-0.010191830926660973+0.06613329000769781j),3100.551955850759,(-0.01019183092666482+0.06613329000769651j),3100.551955850759
3877,3877,10.38769375,0.0073718682292528,(-0.044971248625327545+0.05207518584237102j),3101.35189185588,(-0.04497124862532566+0.05207518584237116j),3101.3518918558802
3878,3878,10.38779375,0.0067623661754887,(-0.05118817358967713-0.03261489458810329j),3102.151827861001,(-0.05118817358967723-0.032614894588103925j),3102.1518278610015
3879,3879,10.38789375,0.0074296553042332,(0.029934821734196124+0.06649316665020849j),3102.951763866123,(0.029934821734200513+0.06649316665020427j),3102.951763866123
3880,3880,10.38799375,0.0079668852456726,(-0.014865182422178227-0.058705646541373745j),3103.7516998712445,(-0.014865182422181503-0.058705646541376555j),3103.7516998712445
3881,3881,10.38809375,0.008710024092449,(-0.01607034922558264-0.012365007693769497j),3104.551635876366,(-0.016070349225582373-0.012365007693766557j),3104.551635876366
3882,3882,10.38819375,0.0077594331409915,(0.013161904980994626+0.007639853562128679j),3105.3515718814874,(0.013161904980994385+0.007639853562127556j),3105.3515718814874
3883,3883,10.38829375,0.0072409124501847,(0.03269119119523817-0.055898167883651456j),3106.151507886609,(0.03269119119523834-0.05589816788365252j),3106.151507886609
3884,3884,10.38839375,0.0058995757942218,(-0.049914225024926054+0.06358600852604597j),3106.9514438917304,(-0.04991422502492658+0.06358600852604965j),3106.9514438917304
3885,3885,10.38849375,0.0057509986376973,(-0.009138731540561988+0.04269059343375581j),3107.751379896852,(-0.009138731540564903+0.042690593433759236j),3107.751379896852
3886,3886,10.38859375,0.0057256619645192,(-0.04787379476160087-0.020186955038296615j),3108.5513159019733,(-0.04787379476159927-0.02018695503829948j),3108.5513159019733
3887,3887,10.38869375,0.0068687699737389,(0.023635534663299738+0.0010955111388457573j),3109.3512519070946,(0.02363553466329466+0.0010955111388477688j),3109.3512519070946
3888,3888,10.38879375,0.0075220630739697,(0.13588141260121506+0.03608511590250328j),3110.1511879122163,(0.13588141260121625+0.03608511590250499j),3110.1511879122163
3889,3889,10.38889375,0.0082261285357975,(-0.04762542148490402-0.0038902113816383435j),3110.9511239173376,(-0.04762542148490581-0.0038902113816424895j),3110.9511239173376
3890,3890,10.38899375,0.0087910844730623,(0.03289807484714472-0.06945667975784871j),3111.7510599224597,(0.032898074847145825-0.06945667975784767j),3111.7510599224593
3891,3891,10.38909375,0.0083310498564246,(0.040066220731290916+0.015920206277850096j),3112.5509959275805,(0.040066220731288196+0.015920206277847463j),3112.5509959275805
3892,3892,10.38919375,0.008932001063189,(0.034089204642612086-0.04539029346660919j),3113.350931932702,(0.034089204642611975-0.045390293466609014j),3113.350931932702
3893,3893,10.38929375,0.0087385406418997,(0.09331644692402608-0.02637013347460135j),3114.1508679378235,(0.09331644692402387-0.026370133474598205j),3114.1508679378235
3894,3894,10.38939375,0.0073973349800594,(0.0012978982811184554+0.08472549196523375j),3114.950803942945,(0.0012978982811172567+0.08472549196523374j),3114.950803942945
3895,3895,10.38949375,0.0069242894044809,(-0.024121132923499475-0.04105036705818888j),3115.7507399480664,(-0.02412113292349919-0.04105036705818966j),3115.7507399480664
3896,3896,10.38959375,0.0067241435499488,(-0.047049325079252205+0.08252136851883078j),3116.550675953188,(-0.04704932507924859+0.08252136851883075j),3116.5506759531877
3897,3897,10.38969375,0.0089547600737037,(-0.05737816195142359-0.07452241554810957j),3117.3506119583094,(-0.05737816195142387-0.07452241554810973j),3117.3506119583094
3898,3898,10.38979375,0.0068563286156921,(-0.04646253827678117-0.03612287025106176j),3118.1505479634307,(-0.04646253827678108-0.03612287025106434j),3118.1505479634307
3899,3899,10.38989375,0.005837537326618,(-0.028949675465344733+0.037028888995100526j),3118.9504839685524,(-0.028949675465343043+0.03702888899509853j),3118.9504839685524
3900,3900,10.38999375,0.007324803250349,(0.07615190314258263-0.051786124545490766j),3119.7504199736736,(0.07615190314258424-0.05178612454549004j),3119.7504199736736
3901,3901,10.39009375,0.0074427811422432,(-0.049912664451485324+0.04566729619121217j),3120.550355978796,(-0.049912664451486996+0.045667296191213166j),3120.5503559787953
3902,3902,10.39019375,0.0090958843745488,(0.015552740878866966-0.03609597370394486j),3121.3502919839166,(0.0155527408788687-0.0360959737039458j),3121.3502919839166
3903,3903,10.39029375,0.0073595902949278,(0.008103182054998851+0.04722635349820046j),3122.1502279890383,(0.008103182055002208+0.047226353498197655j),3122.1502279890383
3904,3904,10.39039375,0.0085667957757471,(-0.05318184384982984+0.0010607018593442458j),3122.9501639941595,(-0.0531818438498297+0.00106070185934648j),3122.9501639941595
3905,3905,10.39049375,0.0080930502202755,(-0.09211251116432909-0.0010884910749569057j),3123.750099999281,(-0.09211251116433208-0.001088491074958467j),3123.750099999281
3906,3906,10.39059375,0.0083603997468781,(0.0033617139866904617-0.04283976407291571j),3124.5500360044025,(0.0033617139866909083-0.042839764072915155j),3124.5500360044025
3907,3907,10.39069375,0.0086512288789828,(0.015707812784115826-0.0006347725281830832j),3125.349972009524,(0.01570781278412187-0.0006347725281816334j),3125.3499720095238
3908,3908,10.39079375,0.0051441833972085,(0.029358649354687242+0.053295780836439405j),3126.149908014645,(0.029358649354687003+0.05329578083644368j),3126.1499080146455
3909,3909,10.39089375,0.0058269543539975,(0.00759312277577561-0.024355365258913488j),3126.9498440197667,(0.0075931227757774986-0.024355365258913346j),3126.9498440197667
3910,3910,10.39099375,0.0055312833672005,(0.07357856300467985+0.008561477491779932j),3127.7497800248884,(0.07357856300467897+0.008561477491779062j),3127.7497800248884
3911,3911,10.39109375,0.0059945421148018,(0.030337463543644316-0.010618870266896304j),3128.5497160300097,(0.03033746354364599-0.010618870266896204j),3128.5497160300097
3912,3912,10.39119375,0.006681536986333,(-0.05053379331369981+0.043346034322185006j),3129.3496520351314,(-0.05053379331369952+0.043346034322184514j),3129.3496520351314
3913,3913,10.39129375,0.0045966748143187,(0.04323426230668978-0.04184701184432611j),3130.1495880402526,(0.04323426230668624-0.041847011844330075j),3130.1495880402526
3914,3914,10.39139375,0.0051398191758225,(0.0008131436933355792+0.019316336876441725j),3130.949524045374,(0.0008131436933348705+0.0193163368764401j),3130.949524045374
3915,3915,10.39149375,0.0057578980615457,(0.06923179911525607+0.05082886598486295j),3131.749460050496,(0.06923179911525723+0.050828865984862914j),3131.7494600504956
3916,3916,10.39159375,0.0047234029446624,(-0.018624165067622683+0.012130395966472755j),3132.549396055617,(-0.01862416506762475+0.012130395966472272j),3132.549396055617
3917,3917,10.39169375,0.0052137611470946,(0.06121854877233736-0.007752854524579987j),3133.3493320607386,(0.061218548772336026-0.007752854524581038j),3133.3493320607386
3918,3918,10.39179375,0.003138999190545,(-0.03835343350101129+0.019688370957403244j),3134.14926806586,(-0.03835343350101126+0.019688370957400537j),3134.14926806586
3919,3919,10.39189375,0.005671588919939,(0.02119670077852625+0.0005942861988095169j),3134.949204070981,(0.02119670077852428+0.0005942861988110322j),3134.9492040709815
3920,3920,10.39199375,0.003951231307873,(-0.029809068720433922-0.02564963053790194j),3135.749140076103,(-0.02980906872043683-0.025649630537904786j),3135.749140076103
3921,3921,10.39209375,0.0056170993073206,(-0.0003246197409183969-0.013771533609144234j),3136.549076081224,(-0.0003246197409189893-0.013771533609144336j),3136.549076081224
3922,3922,10.39219375,0.0049897237582553,(-0.03342730595628137-0.01964382129959557j),3137.3490120863457,(-0.03342730595628085-0.019643821299598567j),3137.3490120863457
3923,3923,10.39229375,0.0051784279610565,(0.03666165708938775+0.000686423984096244j),3138.148948091467,(0.03666165708939016+0.0006864239840966221j),3138.148948091467
3924,3924,10.39239375,0.0044869025692819,(0.011168202633196279+0.04007371566922485j),3138.9488840965887,(0.011168202633200288+0.04007371566922277j),3138.9488840965887
3925,3925,10.39249375,0.0034202514124743,(-0.02077431052694917+0.07761595739816583j),3139.74882010171,(-0.020774310526949495+0.07761595739816626j),3139.74882010171
3926,3926,10.39259375,0.0025086979461253,(0.06192940449477215-0.0038320433344658797j),3140.548756106832,(0.061929404494769004-0.0038320433344634797j),3140.5487561068317
3927,3927,10.39269375,0.002730483313184,(-0.008753718270388346-0.008398896863658937j),3141.348692111953,(-0.008753718270388702-0.008398896863660497j),3141.348692111953
3928,3928,10.39279375,0.0022264126894258,(0.036522673907961364-0.04349401492917277j),3142.1486281170746,(0.03652267390796004-0.04349401492917401j),3142.1486281170746
3929,3929,10.39289375,0.0016506276114357,(0.009350835719075197-0.03895752888822571j),3142.948564122196,(0.009350835719075783-0.03895752888823135j),3142.948564122196
3930,3930,10.39299375,0.0023683155907478,(0.04497634326173105-0.08157850196498509j),3143.748500127317,(0.04497634326173172-0.08157850196498546j),3143.748500127317
3931,3931,10.39309375,0.0038282219671396,(0.012113990250159686+0.030598842058357098j),3144.548436132439,(0.012113990250161633+0.0305988420583587j),3144.548436132439
3932,3932,10.39319375,0.004340323665182,(-0.08133119334274284-0.09430604639618274j),3145.34837213756,(-0.08133119334274022-0.09430604639618341j),3145.34837213756
3933,3933,10.39329375,0.0034308551358584,(0.025508153144023996-0.021616244784233886j),3146.148308142682,(0.02550815314402196-0.02161624478423594j),3146.148308142682
3934,3934,10.39339375,0.0035017710808734,(-0.03765556322414612+0.035307946759586914j),3146.948244147803,(-0.037655563224146746+0.03530794675958562j),3146.948244147803
3935,3935,10.39349375,0.003991146813308,(0.0179373639445229+0.01788964707495502j),3147.7481801529248,(0.017937363944520814+0.01788964707495802j),3147.7481801529248
3936,3936,10.39359375,0.0028163298567156,(0.017663083884751747+0.03040535396292237j),3148.548116158046,(0.01766308388475532+0.030405353962922974j),3148.548116158046
3937,3937,10.39369375,0.0014056526771518,(-0.06263194447807069-0.002382610543339672j),3149.348052163168,(-0.06263194447807008-0.002382610543340921j),3149.3480521631677
3938,3938,10.39379375,0.0029148291115396,(0.01856719476495041+0.06586165624275181j),3150.147988168289,(0.018567194764953637+0.06586165624275124j),3150.147988168289
3939,3939,10.39389375,0.0049243343056086,(-0.052415627082296905-0.04662775029256609j),3150.9479241734102,(-0.05241562708229364-0.046627750292566494j),3150.9479241734102
3940,3940,10.39399375,0.0038894633273984,(-0.04519440300750629-0.011808789972421256j),3151.747860178532,(-0.04519440300750485-0.011808789972423062j),3151.747860178532
3941,3941,10.39409375,0.0027109095542299,(-0.023247911282716242-0.028338932952298605j),3152.547796183653,(-0.023247911282714584-0.02833893295229685j),3152.547796183653
3942,3942,10.39419375,0.0032102253748501,(-0.016434633611605385-0.01812018380121393j),3153.347732188775,(-0.016434633611605968-0.018120183801214915j),3153.347732188775
3943,3943,10.39429375,0.0048729875494823,(0.01890702776043681-0.03730993438561742j),3154.147668193896,(0.018907027760434313-0.037309934385617485j),3154.147668193896
3944,3944,10.39439375,0.0020750940295593,(0.016864216807043746+0.029156755249799226j),3154.947604199018,(0.016864216807044134+0.02915675524980038j),3154.947604199018
3945,3945,10.39449375,0.0021000384697961,(-0.031017041826881277-0.04779899378921593j),3155.747540204139,(-0.031017041826881437-0.04779899378921642j),3155.747540204139
3946,3946,10.39459375,0.00295149576275,(0.0023978778775604224+0.018340731637130826j),3156.547476209261,(0.002397877877560282+0.018340731637130885j),3156.547476209261
3947,3947,10.39469375,0.0041486817855699,(-0.0005497810968286103+0.02555675275787795j),3157.347412214382,(-0.0005497810968279667+0.025556752757875105j),3157.347412214382
3948,3948,10.39479375,0.0045031356886537,(-0.029453644391904975+0.032411092337325705j),3158.147348219504,(-0.02945364439190208+0.032411092337324164j),3158.1473482195033
3949,3949,10.39489375,0.0057471100741029,(0.02516767301669454-0.012494690809517539j),3158.947284224625,(0.02516767301669663-0.012494690809517976j),3158.947284224625
3950,3950,10.39499375,0.006472833111615,(0.02879038650595187-0.0029670219955659433j),3159.7472202297463,(0.02879038650595025-0.0029670219955642728j),3159.7472202297463
3951,3951,10.39509375,0.0064951924160782,(-0.053499039683403936-0.055009386249121515j),3160.547156234868,(-0.05349903968340328-0.05500938624912021j),3160.547156234868
3952,3952,10.39519375,0.0064011101037909,(-0.02449632426687654-0.10838414485670422j),3161.3470922399893,(-0.02449632426687514-0.10838414485670397j),3161.3470922399893
3953,3953,10.39529375,0.0056400916716739,(0.02929497266421338-0.11538865128791219j),3162.147028245111,(0.02929497266421466-0.11538865128790783j),3162.147028245111
3954,3954,10.39539375,0.0045907587237257,(0.0005914840542875152-0.03582857757080919j),3162.946964250232,(0.0005914840542852046-0.03582857757080841j),3162.946964250232
3955,3955,10.39549375,0.0042608370661224,(0.06463865362294999-0.0109080141455991j),3163.746900255354,(0.06463865362295337-0.010908014145598346j),3163.746900255354
3956,3956,10.39559375,0.0054046141518185,(0.014338348728247935-0.05308275161465381j),3164.546836260475,(0.014338348728246662-0.05308275161465091j),3164.546836260475
3957,3957,10.39569375,0.0045058621755798,(-0.06566889394552997-0.04461911078862964j),3165.3467722655964,(-0.06566889394553142-0.044619110788631886j),3165.3467722655964
3958,3958,10.39579375,0.0043974551051138,(-0.03976820987143799-0.02249790746939957j),3166.146708270718,(-0.039768209871436894-0.022497907469396776j),3166.146708270718
3959,3959,10.39589375,0.0045109311636511,(-0.07087284464425708-0.014084412630572873j),3166.9466442758394,(-0.07087284464425794-0.014084412630572675j),3166.9466442758394
3960,3960,10.39599375,0.0055219120480247,(-0.011970846399668725+0.036790345994484594j),3167.746580280961,(-0.011970846399672561+0.036790345994483435j),3167.746580280961
3961,3961,10.39609375,0.0080823767916251,(0.03034849648395041+0.012591761821420234j),3168.5465162860824,(0.030348496483951014+0.01259176182142229j),3168.5465162860824
3962,3962,10.39619375,0.0088132188180986,(0.0011129103220118306+0.005480897391379792j),3169.346452291204,(0.0011129103220113715+0.005480897391380924j),3169.346452291204
3963,3963,10.39629375,0.0076318280104615,(-0.03817198400407763+0.038359141070079164j),3170.1463882963253,(-0.038171984004079784+0.038359141070078644j),3170.1463882963253
3964,3964,10.39639375,0.0080624516617638,(0.037470187923983815+0.03251009910559204j),3170.946324301447,(0.03747018792398577+0.032510099105595235j),3170.946324301447
3965,3965,10.39649375,0.0081648848863981,(0.021984961208341338+0.04718877947042397j),3171.7462603065683,(0.021984961208342896+0.04718877947042337j),3171.7462603065683
3966,3966,10.39659375,0.0077734709899977,(0.019496845824172732-0.014665384646808418j),3172.546196311689,(0.019496845824174044-0.014665384646805182j),3172.5461963116895
3967,3967,10.39669375,0.006923040906707,(-0.018185277830059465-0.02352047274299008j),3173.3461323168112,(-0.018185277830061203-0.023520472742988227j),3173.3461323168112
3968,3968,10.39679375,0.0059985546593397,(0.025911473608274005+0.0038554121739140207j),3174.1460683219325,(0.025911473608273134+0.003855412173913975j),3174.1460683219325
3969,3969,10.39689375,0.0067727555421974,(-0.04495676088541148-0.005011981640552523j),3174.946004327054,(-0.04495676088541219-0.005011981640550691j),3174.946004327054
3970,3970,10.39699375,0.0048466137989525,(-0.023712989388356195-0.07938736984705924j),3175.7459403321755,(-0.023712989388355383-0.07938736984705999j),3175.7459403321755
3971,3971,10.39709375,0.0064338029161554,(-0.02005213986412565-0.03994731488840703j),3176.545876337297,(-0.020052139864126347-0.039947314888406395j),3176.545876337297
3972,3972,10.39719375,0.0071410969590663,(-0.04125106869610461-0.036350599488209075j),3177.3458123424184,(-0.04125106869610071-0.03635059948820249j),3177.3458123424184
3973,3973,10.39729375,0.0079411449935407,(-0.035103593099484874+0.027883356042190388j),3178.14574834754,(-0.03510359309948549+0.0278833560421903j),3178.14574834754
3974,3974,10.39739375,0.0079700260373928,(-0.0026101125030993585+0.019301042782361954j),3178.9456843526614,(-0.0026101125031001114+0.0193010427823589j),3178.9456843526614
3975,3975,10.39749375,0.0068321559750193,(0.02937703971494266-0.015737632762559864j),3179.7456203577826,(0.029377039714938623-0.015737632762560728j),3179.7456203577826
3976,3976,10.39759375,0.0093972918248598,(-0.03347138319932236+0.01565340877892802j),3180.5455563629043,(-0.03347138319932204+0.01565340877892671j),3180.5455563629043
3977,3977,10.39769375,0.0104907006507405,(0.00905396384732042+0.009924359573711107j),3181.3454923680256,(0.00905396384731855+0.00992435957371202j),3181.3454923680256
3978,3978,10.39779375,0.0078993263738461,(-0.0007478910201428762-0.009393928790232046j),3182.1454283731478,(-0.0007478910201428111-0.00939392879023473j),3182.1454283731473
3979,3979,10.39789375,0.0082435021446406,(0.07987804412497428+0.12175590331475805j),3182.945364378269,(0.07987804412497272+0.12175590331475737j),3182.9453643782686
3980,3980,10.39799375,0.0085662867017679,(0.04045099498343756-0.02716876446364723j),3183.7453003833903,(0.04045099498343822-0.027168764463647625j),3183.7453003833903
3981,3981,10.39809375,0.008764593203079,(-0.012719441164943099+0.10143104187346094j),3184.5452363885115,(-0.012719441164942294+0.10143104187345958j),3184.5452363885115
3982,3982,10.39819375,0.0066314714371357,(-0.07001869736588555+0.029651695194776912j),3185.345172393633,(-0.07001869736588237+0.029651695194780496j),3185.345172393633
3983,3983,10.39829375,0.0062942203095055,(0.015635241510866833+0.024241293382802256j),3186.1451083987545,(0.015635241510865785+0.02424129338280121j),3186.1451083987545
3984,3984,10.39839375,0.0067196204574232,(0.026738144393249945+0.06464318155669191j),3186.945044403876,(0.026738144393247874+0.06464318155669121j),3186.9450444038757
3985,3985,10.39849375,0.0077821518863247,(0.023560456822720007-0.0469326723543383j),3187.744980408997,(0.02356045682272058-0.0469326723543364j),3187.7449804089974
3986,3986,10.39859375,0.0085829701102035,(0.01934635985791093-0.02624488396771825j),3188.5449164141187,(0.01934635985790877-0.026244883967719256j),3188.5449164141187
3987,3987,10.39869375,0.0077358824884207,(-0.022597720060373604-0.054075476741575465j),3189.3448524192404,(-0.02259772006037151-0.05407547674157632j),3189.3448524192404
3988,3988,10.39879375,0.0069685316669575,(0.01901365500718056+0.008063214739107611j),3190.1447884243616,(0.01901365500718208+0.008063214739107994j),3190.1447884243616
3989,3989,10.39889375,0.0082194530902462,(0.03662022273991226+0.0560775615756309j),3190.944724429484,(0.03662022273991211+0.056077561575629334j),3190.9447244294834
3990,3990,10.39899375,0.0080490847880042,(0.029219730403130074-0.0019724156957172225j),3191.7446604346046,(0.029219730403132506-0.001972415695721027j),3191.7446604346046
3991,3991,10.39909375,0.0063168061438534,(-0.07334775248285355-0.01271847202687421j),3192.544596439726,(-0.07334775248285047-0.012718472026870934j),3192.544596439726
3992,3992,10.39919375,0.006016125943102,(-0.09808823916508078-0.06759112505999651j),3193.344532444848,(-0.09808823916508216-0.06759112505999701j),3193.3445324448476
3993,3993,10.39929375,0.0053936960247021,(0.029455911790622423-0.017722020479782354j),3194.144468449969,(0.029455911790617944-0.01772202047978498j),3194.144468449969
3994,3994,10.39939375,0.0060744292931105,(0.028151290075650072+0.018640325268087586j),3194.9444044550905,(0.028151290075653104+0.01864032526808948j),3194.9444044550905
3995,3995,10.39949375,0.0061741455781596,(0.08987678071042157-0.03752978690700522j),3195.744340460212,(0.08987678071042318-0.03752978690700688j),3195.744340460212
3996,3996,10.39959375,0.0066325265963681,(-0.010553593658609719-0.018979642375998522j),3196.544276465333,(-0.01055359365860856-0.0189796423760006j),3196.5442764653335
3997,3997,10.39969375,0.0074199909643307,(-0.009545629572522824+0.014316546039997845j),3197.3442124704547,(-0.009545629572523143+0.01431654603999977j),3197.3442124704547
3998,3998,10.39979375,0.0070336363904256,(0.04282626765880907+0.011768897802866215j),3198.1441484755765,(0.04282626765880736+0.0117688978028671j),3198.1441484755765
3999,3999,10.39989375,0.0063549391859291,(-0.01861071005990211-0.01046594245728467j),3198.9440844806977,(-0.018610710059902173-0.010465942457285621j),3198.9440844806977
4000,4000,10.39999375,0.0050252583019208,(-0.028409728342794656-0.014069974607214222j),3199.744020485819,(-0.028409728342793653-0.014069974607216961j),3199.744020485819
4001,4001,10.40009375,0.0032696161561953,(0.010598745115014132-0.07155707093220588j),3200.5439564909407,(0.010598745115014024-0.07155707093220542j),3200.5439564909407
4002,4002,10.40019375,0.0029045008741322,(-0.009289898771312026+0.0694630333951013j),3201.343892496062,(-0.009289898771312241+0.06946303339510267j),3201.343892496062
4003,4003,10.40029375,0.001993348404888,(0.016658236265699476-0.017617424355073272j),3202.143828501184,(0.016658236265699632-0.017617424355074168j),3202.1438285011836
4004,4004,10.40039375,0.0022039349302719,(0.012857961702979656+0.027225566386293223j),3202.943764506305,(0.01285796170298051+0.027225566386294395j),3202.943764506305
4005,4005,10.40049375,0.0041627213153574,(-0.0852085692058454+0.02814347209259471j),3203.7437005114266,(-0.0852085692058438+0.028143472092596815j),3203.7437005114266
4006,4006,10.40059375,0.0043633029938689,(-0.06240097200641725+0.05027487828333861j),3204.543636516548,(-0.06240097200641509+0.05027487828333534j),3204.543636516548
4007,4007,10.40069375,0.0057451797161929,(0.07900964421613288+0.040062441214331695j),3205.3435725216696,(0.07900964421612765+0.04006244121433114j),3205.3435725216696
4008,4008,10.40079375,0.0050344633618996,(0.004616459961877795+0.013139046499113984j),3206.143508526791,(0.0046164599618789765+0.013139046499111339j),3206.143508526791
4009,4009,10.40089375,0.0052259504625953,(0.035206771945390875-0.06781040405533145j),3206.943444531912,(0.0352067719453899-0.06781040405533212j),3206.943444531912
4010,4010,10.40099375,0.0050610609577065,(-0.007763473455519914+0.024958149259672463j),3207.7433805370338,(-0.007763473455522918+0.024958149259670267j),3207.7433805370338
4011,4011,10.40109375,0.0035937016925294,(-0.06506965012348977+0.004140677563328789j),3208.543316542155,(-0.06506965012349207+0.004140677563327767j),3208.543316542155
4012,4012,10.40119375,0.0021226390304402,(-0.03165183083537007+0.02268828457813832j),3209.3432525472767,(-0.0316518308353706+0.02268828457814026j),3209.3432525472767
4013,4013,10.40129375,0.0010471044013581,(0.03918545954174299-0.03254283702666333j),3210.143188552398,(0.03918545954174153-0.032542837026658694j),3210.143188552398
4014,4014,10.40139375,0.0016238248583657,(0.008986119882146567-0.04783713272924412j),3210.94312455752,(0.008986119882147899-0.04783713272924019j),3210.9431245575197
4015,4015,10.40149375,0.0026168848157498,(-0.027207889461726323+0.006871269112367864j),3211.743060562641,(-0.027207889461724748+0.006871269112365391j),3211.743060562641
4016,4016,10.40159375,0.0020008781821354,(-0.05515448793925464+0.041106003200961666j),3212.5429965677627,(-0.055154487939253295+0.041106003200959355j),3212.5429965677627
4017,4017,10.40169375,0.002756245445115,(0.005101429764975629+0.09885262864599338j),3213.342932572884,(0.005101429764973471+0.09885262864599098j),3213.342932572884
4018,4018,10.40179375,0.0024514024348468,(-0.03569289273399038-0.017364700776060848j),3214.142868578005,(-0.03569289273398919-0.01736470077606389j),3214.142868578005
4019,4019,10.40189375,0.0035032392024905,(-0.028523084370030524-0.035876460752654854j),3214.942804583127,(-0.028523084370027256-0.035876460752654354j),3214.942804583127
4020,4020,10.40199375,0.0033640252895616,(0.05320667296034784+0.01936882841106744j),3215.742740588248,(0.05320667296034927+0.019368828411067865j),3215.742740588248
4021,4021,10.40209375,0.0030920806675782,(-0.0019426927859956637+0.03848466296743949j),3216.54267659337,(-0.0019426927859963125+0.038484662967440866j),3216.54267659337
4022,4022,10.40219375,0.0034267263387601,(0.02510377818090296+0.003527260642668459j),3217.342612598491,(0.025103778180902106+0.0035272606426729183j),3217.342612598491
4023,4023,10.40229375,0.0044459003515178,(0.015916709133958307-0.006439445958956062j),3218.142548603613,(0.015916709133958887-0.006439445958954507j),3218.142548603613
4024,4024,10.40239375,0.0046059516299927,(-0.024232717075433584-0.047956143065071524j),3218.942484608734,(-0.024232717075434486-0.04795614306507413j),3218.942484608734
4025,4025,10.40249375,0.0037206077650282,(-0.07105057681088084-0.03377593156387574j),3219.742420613856,(-0.07105057681088159-0.03377593156387869j),3219.7424206138558
4026,4026,10.40259375,0.0043346512443825,(0.00020806496082122813+0.011868651032822157j),3220.542356618977,(0.00020806496082017428+0.011868651032820391j),3220.542356618977
4027,4027,10.40269375,0.0036259720489115,(0.037900898984411124-0.04680698495052771j),3221.3422926240983,(0.03790089898441429-0.04680698495052608j),3221.3422926240983
4028,4028,10.40279375,0.0029592076340972,(0.02473702250162242-0.012834882044671123j),3222.14222862922,(0.02473702250162366-0.012834882044675564j),3222.14222862922
4029,4029,10.40289375,0.0033904061740632,(-0.004155391485454957+0.026678208477063942j),3222.942164634341,(-0.004155391485455798+0.02667820847706361j),3222.942164634341
4030,4030,10.40299375,0.0032744291244123,(-0.036745404063091874+0.04855102316718758j),3223.742100639463,(-0.03674540406309095+0.048551023167184j),3223.742100639463
4031,4031,10.40309375,0.0028109040423624,(-0.006312002124785002-0.0527145420885541j),3224.542036644584,(-0.006312002124787327-0.05271454208855602j),3224.542036644584
4032,4032,10.40319375,0.0016338000560868,(0.01370497321556898+0.020426351849257673j),3225.341972649706,(0.013704973215572125+0.020426351849256754j),3225.341972649706
4033,4033,10.40329375,0.0036444291985085,(-0.012030557607380381-0.08632349122853199j),3226.141908654827,(-0.012030557607376475-0.08632349122853081j),3226.141908654827
4034,4034,10.40339375,0.005092343066731,(-0.03153689971041812-0.02120978952912703j),3226.941844659949,(-0.031536899710418856-0.021209789529125535j),3226.941844659949
4035,4035,10.40349375,0.0051510727861699,(-0.009041323185326855+0.009542964762199745j),3227.74178066507,(-0.009041323185328003+0.009542964762202991j),3227.74178066507
4036,4036,10.40359375,0.0050938069792323,(0.08891553760140265+0.07139302130653583j),3228.541716670192,(0.08891553760140358+0.0713930213065344j),3228.5417166701914
4037,4037,10.40369375,0.0057899445799608,(-0.002128274793376708+0.0031107195960906474j),3229.341652675313,(-0.0021282747933764096+0.003110719596094081j),3229.341652675313
4038,4038,10.40379375,0.0072563574639038,(0.03674085524859239+0.06429478545652136j),3230.1415886804343,(0.03674085524859782+0.0642947854565183j),3230.1415886804343
4039,4039,10.40389375,0.008178200333144,(-0.024403466423775846+0.007142513878209726j),3230.941524685556,(-0.02440346642377691+0.0071425138782093165j),3230.941524685556
4040,4040,10.40399375,0.007825500545976,(0.008565125786993756+0.005960493532442213j),3231.7414606906773,(0.008565125786990719+0.005960493532442431j),3231.7414606906773
4041,4041,10.40409375,0.0075926314856743,(-0.03595341579254945-0.04725669269972931j),3232.541396695799,(-0.035953415792550895-0.04725669269972856j),3232.541396695799
4042,4042,10.40419375,0.0065316811104442,(-0.017130279364775743-0.034545241213563935j),3233.34133270092,(-0.01713027936477795-0.03454524121356873j),3233.3413327009202
4043,4043,10.40429375,0.0060983284237562,(-0.013380675737460403-0.009466747491333066j),3234.141268706042,(-0.013380675737460431-0.009466747491330002j),3234.141268706042
4044,4044,10.40439375,0.0052167318511291,(-0.034237187954931234-0.007454149817917744j),3234.941204711163,(-0.03423718795493087-0.007454149817918995j),3234.941204711163
4045,4045,10.40449375,0.0054956371358544,(-0.018874150426099075-0.0018905919583169523j),3235.7411407162845,(-0.018874150426100415-0.0018905919583145818j),3235.7411407162845
4046,4046,10.40459375,0.0037060366350614,(-0.023612006708679-0.04239281546753896j),3236.541076721406,(-0.023612006708675096-0.04239281546754014j),3236.541076721406
4047,4047,10.40469375,0.0050773519819162,(-0.017195935866772163-0.02243078894168712j),3237.3410127265274,(-0.017195935866768375-0.02243078894168592j),3237.3410127265274
4048,4048,10.40479375,0.0059668116587311,(0.0029878476284167215-0.017582988979824306j),3238.140948731649,(0.0029878476284147006-0.01758298897982839j),3238.140948731649
4049,4049,10.40489375,0.0077250165039641,(0.038900295344955454-0.0017635921941184067j),3238.9408847367704,(0.03890029534495835-0.0017635921941213262j),3238.9408847367704
4050,4050,10.40499375,0.0085297192501848,(-0.011038671027979344-0.00416440179583312j),3239.740820741892,(-0.011038671027981315-0.0041644017958358745j),3239.740820741892
4051,4051,10.40509375,0.0084461098082339,(-0.009017960032439268-0.008977587578185417j),3240.5407567470133,(-0.009017960032437515-0.008977587578186404j),3240.5407567470133
4052,4052,10.40519375,0.0089129209116589,(-0.0061663032716975765-0.024775507001948686j),3241.340692752135,(-0.0061663032716984464-0.024775507001950706j),3241.340692752135
4053,4053,10.40529375,0.0098651842411768,(-0.050757314174571584-0.02350029072637228j),3242.1406287572563,(-0.050757314174573825-0.023500290726371956j),3242.1406287572563
4054,4054,10.40539375,0.0110346273891107,(-0.04990502125309395+0.022302877832388962j),3242.9405647623776,(-0.049905021253091146+0.022302877832387664j),3242.9405647623776
4055,4055,10.40549375,0.0093092227957646,(-0.0032545552062224533-0.038122109664324735j),3243.7405007674997,(-0.0032545552062198443-0.03812210966432114j),3243.7405007674993
4056,4056,10.40559375,0.0069909348189279,(0.018866815852439923-0.0019778427406349367j),3244.5404367726205,(0.018866815852438934-0.0019778427406360404j),3244.5404367726205
4057,4057,10.40569375,0.0073671615142083,(0.03378162968847155+0.0038969777432857206j),3245.3403727777422,(0.03378162968847248+0.0038969777432830022j),3245.3403727777422
4058,4058,10.40579375,0.0060898000707038,(0.04617905848255457+0.013839333231585002j),3246.1403087828635,(0.04617905848255716+0.01383933323158641j),3246.1403087828635
4059,4059,10.40589375,0.0068567345728435,(-0.005751986131136531-0.05733644687030715j),3246.940244787985,(-0.005751986131136129-0.057336446870311905j),3246.940244787985
4060,4060,10.40599375,0.0062733254808533,(-0.049540772770343494-0.031133368423790247j),3247.7401807931064,(-0.0495407727703442-0.031133368423792742j),3247.7401807931064
4061,4061,10.40609375,0.0050512028086744,(-0.016551083867112643-0.032054705683363126j),3248.540116798228,(-0.016551083867116324-0.03205470568336559j),3248.5401167982277
4062,4062,10.40619375,0.0069081274984904,(-0.01855831972113166-0.05819385116108983j),3249.3400528033494,(-0.018558319721130163-0.05819385116108847j),3249.3400528033494
4063,4063,10.40629375,0.0078538696441218,(-0.09756741665505148+0.024983963254275356j),3250.1399888084707,(-0.09756741665505385+0.024983963254271418j),3250.1399888084707
4064,4064,10.40639375,0.0088679657916438,(-0.0029860968915596453+0.015073542796994407j),3250.9399248135924,(-0.0029860968915591648+0.015073542796994487j),3250.9399248135924
4065,4065,10.40649375,0.0070119548734232,(-0.03138883802257977-0.01553923442483484j),3251.7398608187136,(-0.03138883802257808-0.015539234424833289j),3251.7398608187136
4066,4066,10.40659375,0.007723986054211,(-0.02874057428943806+0.00105325757674833j),3252.539796823836,(-0.028740574289438815+0.001053257576749142j),3252.5397968238353
4067,4067,10.40669375,0.0097375133982897,(0.04581485963324099+0.009122235242258744j),3253.3397328289566,(0.04581485963324145+0.009122235242255196j),3253.3397328289566
4068,4068,10.40679375,0.0099781341848629,(0.006476759675962906+0.030997678003636987j),3254.1396688340783,(0.0064767596759610305+0.030997678003635423j),3254.1396688340783
4069,4069,10.40689375,0.0094013715906903,(-0.02763733111351318+0.02518299078764437j),3254.9396048391995,(-0.027637331113511427+0.025182990787643012j),3254.9396048391995
4070,4070,10.40699375,0.0084172748969205,(0.0011162950150910948-0.018035999335128367j),3255.739540844321,(0.0011162950150914652-0.018035999335126354j),3255.739540844321
4071,4071,10.40709375,0.007650354912325,(-0.034716530230594386+0.006997585380112935j),3256.5394768494425,(-0.034716530230591236+0.00699758538011137j),3256.5394768494425
4072,4072,10.40719375,0.0079129886794251,(0.017362043963195323-0.005720267123339551j),3257.339412854564,(0.017362043963195142-0.00572026712333813j),3257.3394128545638
4073,4073,10.40729375,0.0067193137302577,(-0.0523255458118207+0.031014966287529786j),3258.139348859685,(-0.0523255458118216+0.031014966287528586j),3258.1393488596855
4074,4074,10.40739375,0.0059677839825542,(0.011117308998771171+0.00820446063395224j),3258.9392848648067,(0.011117308998770604+0.008204460633954988j),3258.9392848648067
4075,4075,10.40749375,0.0047126474558177,(-0.03606658292952944+0.007648662889980331j),3259.7392208699284,(-0.03606658292952729+0.00764866288998162j),3259.7392208699284
4076,4076,10.40759375,0.0043632999407685,(0.016056376397919573+0.007426816209523743j),3260.5391568750497,(0.01605637639792233+0.0074268162095250554j),3260.5391568750497
4077,4077,10.40769375,0.004721999967996,(0.05547313125438713-0.026037251337194398j),3261.3390928801714,(0.05547313125438873-0.02603725133719468j),3261.3390928801714
4078,4078,10.40779375,0.0045596580978951,(0.022825267835471674-0.00329522537730809j),3262.1390288852926,(0.02282526783547674-0.0032952253773087126j),3262.1390288852926
4079,4079,10.40789375,0.0049442402806186,(0.00010347945565943213+0.03496636023228462j),3262.938964890414,(0.00010347945565895855+0.0349663602322851j),3262.938964890414
4080,4080,10.40799375,0.0077466323354388,(0.027283195580880267-0.061153455082817575j),3263.738900895536,(0.027283195580879226-0.06115345508281753j),3263.7389008955356
4081,4081,10.40809375,0.006353928292959,(-0.04379602107400436+0.028103583322057084j),3264.538836900657,(-0.04379602107400289+0.028103583322057056j),3264.538836900657
4082,4082,10.40819375,0.0070183681801185,(-0.03902175526708399-0.033514332370336575j),3265.3387729057786,(-0.03902175526708272-0.03351433237033643j),3265.3387729057786
4083,4083,10.40829375,0.0072550175388424,(0.025207950785118664+0.009382438178485272j),3266.1387089109,(0.025207950785120448+0.0093824381784904j),3266.1387089109
4084,4084,10.40839375,0.0067654875383858,(0.0021942397264953437-0.03958436801739649j),3266.938644916021,(0.002194239726497252-0.03958436801739158j),3266.9386449160215
4085,4085,10.40849375,0.0048573187074171,(-0.03518015414113536-0.05164181176389451j),3267.738580921143,(-0.03518015414113718-0.05164181176389557j),3267.738580921143
4086,4086,10.40859375,0.002898844316259,(0.0006328214347565175+0.014315381978189552j),3268.5385169262645,(0.0006328214347575047+0.014315381978188112j),3268.5385169262645
4087,4087,10.40869375,0.0030526683057782,(-0.02735424634123165-0.03803179229499952j),3269.3384529313857,(-0.027354246341232704-0.03803179229499944j),3269.3384529313857
4088,4088,10.40879375,0.0030059805232469,(0.006693935330175331+0.0245007794763699j),3270.138388936507,(0.006693935330173739+0.02450077947637268j),3270.138388936507
4089,4089,10.40889375,0.0017798170934744,(0.02880974653986369-0.07795792964984348j),3270.9383249416287,(0.028809746539865375-0.07795792964984323j),3270.9383249416287
4090,4090,10.40899375,0.0022202840506002,(-7.656845474131617e-05+0.005679370729974694j),3271.73826094675,(-7.656845473996352e-05+0.005679370729979021j),3271.73826094675
4091,4091,10.40909375,0.0028663508119905,(-0.006360433286624797+0.00021611303565621668j),3272.538196951872,(-0.006360433286621853+0.00021611303565500584j),3272.5381969518717
4092,4092,10.40919375,0.0041727200461566,(0.023743779430465028+0.030396726664903j),3273.338132956993,(0.023743779430468386+0.030396726664903215j),3273.338132956993
4093,4093,10.40929375,0.0042762020571402,(0.03372871048639031-0.022057374407579225j),3274.138068962114,(0.033728710486389174-0.022057374407577622j),3274.1380689621146
4094,4094,10.40939375,0.0043493246101729,(0.05712525497442908-0.0031421615720615415j),3274.938004967236,(0.057125254974427-0.00314216157206295j),3274.938004967236
4095,4095,10.40949375,0.0037113813556833,(-0.025371644611967628-0.0035675028428609336j),3275.7379409723576,(-0.025371644611964575-0.0035675028428629155j),3275.7379409723576
4096,4096,10.40959375,0.0038084347138772,(0.026713632325971823+0.00973291364846068j),3276.537876977479,(0.026713632325970176+0.009732913648462075j),3276.537876977479
4097,4097,10.40969375,0.0043157096577476,(0.01229891213487076+0.001240616389117019j),3277.3378129826,(0.012298912134869177+0.0012406163891195811j),3277.3378129826
4098,4098,10.40979375,0.0035477460725324,(-0.01665622702214129-0.028455345170912444j),3278.137748987722,(-0.016656227022140566-0.028455345170909974j),3278.137748987722
4099,4099,10.40989375,0.0032388800313682,(-0.037032352913399055-0.00625690148734477j),3278.937684992843,(-0.037032352913402726-0.006256901487342054j),3278.937684992843
4100,4100,10.40999375,0.0011980177048004,(0.05459387900644856-0.011971200527536991j),3279.7376209979648,(0.054593879006449166-0.011971200527536863j),3279.7376209979648
4101,4101,10.41009375,0.0020930085559171,(-0.028914626987136094-0.015588811826049393j),3280.537557003086,(-0.028914626987136458-0.01558881182605065j),3280.537557003086
4102,4102,10.41019375,0.0035814229770863,(0.027848518085491828-0.028875378875840088j),3281.337493008208,(0.02784851808549242-0.028875378875844536j),3281.3374930082077
4103,4103,10.41029375,0.0038579246259177,(-0.04358766759103457-0.04252898818210075j),3282.137429013329,(-0.0435876675910329-0.04252898818210172j),3282.137429013329
4104,4104,10.41039375,0.0043912548889251,(-0.030790537190631777-0.03844410715464817j),3282.9373650184507,(-0.030790537190630872-0.03844410715464514j),3282.9373650184507
4105,4105,10.41049375,0.0031421433409223,(0.008058716668964568+0.028554649419326106j),3283.737301023572,(0.008058716668966605+0.028554649419328473j),3283.737301023572
4106,4106,10.41059375,0.002168912774404,(0.003097529161747384-0.010842456260017742j),3284.537237028693,(0.0030975291617492766-0.010842456260016859j),3284.537237028693
4107,4107,10.41069375,0.0034474450579971,(-0.015715868406802974+0.007889076720502857j),3285.337173033815,(-0.015715868406802596+0.007889076720506406j),3285.337173033815
4108,4108,10.41079375,0.0020326011882677,(0.03210245057351194-0.01780076516789171j),3286.137109038936,(0.032102450573508454-0.01780076516789094j),3286.137109038936
4109,4109,10.41089375,0.0024285575398917,(0.02284065228444888+0.015842650786129994j),3286.937045044058,(0.022840652284449245+0.015842650786129606j),3286.937045044058
4110,4110,10.41099375,0.0013108784186131,(0.009914260226253802+0.0058940132041996884j),3287.736981049179,(0.009914260226255018+0.005894013204201278j),3287.736981049179
4111,4111,10.41109375,0.0034389842484729,(-0.024264555315345732-0.02554622146294469j),3288.536917054301,(-0.02426455531534599-0.02554622146294601j),3288.536917054301
4112,4112,10.41119375,0.0059411390008963,(-0.008442374222803695+0.004734342800691743j),3289.336853059422,(-0.008442374222799476+0.004734342800692217j),3289.336853059422
4113,4113,10.41129375,0.0057044933795509,(-0.021320117240884114+0.00869027285600021j),3290.136789064544,(-0.021320117240884277+0.008690272855999829j),3290.136789064544
4114,4114,10.41139375,0.0058593732514458,(0.01765761528531357+0.03035208148308563j),3290.936725069665,(0.017657615285314412+0.03035208148308786j),3290.936725069665
4115,4115,10.41149375,0.0063644246598417,(0.023855838128629823+0.0028051724581676088j),3291.7366610747863,(0.02385583812863111+0.0028051724581722665j),3291.7366610747863
4116,4116,10.41159375,0.0056669917157715,(0.0016398203141508583-0.025475143070680002j),3292.536597079908,(0.001639820314152652-0.025475143070678892j),3292.536597079908
4117,4117,10.41169375,0.005931466544767,(0.043737963977358185+0.046292053336523115j),3293.3365330850293,(0.04373796397735963+0.046292053336523566j),3293.3365330850293
4118,4118,10.41179375,0.0034417396484605,(-0.01793723885380601-0.012197762658627601j),3294.136469090151,(-0.017937238853807314-0.012197762658629027j),3294.136469090151
4119,4119,10.41189375,0.0038278908286049,(0.0034891867373780527+0.013650085205286325j),3294.936405095272,(0.003489186737376179+0.013650085205285158j),3294.936405095272
4120,4120,10.41199375,0.004327606535383,(-0.03578342331731011+0.006328042316520115j),3295.736341100394,(-0.035783423317308036+0.006328042316518109j),3295.736341100394
4121,4121,10.41209375,0.0046716445856568,(-0.008234528829514656+0.0031877444815910567j),3296.536277105515,(-0.008234528829515933+0.003187744481592774j),3296.536277105515
4122,4122,10.41219375,0.0053256205992993,(-0.027754656273021337-0.0252725615530301j),3297.336213110637,(-0.02775465627302093-0.025272561553029628j),3297.336213110637
4123,4123,10.41229375,0.0049029739467762,(-0.032475681147515076+0.03275044750822289j),3298.136149115758,(-0.03247568114751502+0.03275044750822209j),3298.136149115758
4124,4124,10.41239375,0.0054872488742871,(-0.023495505498205404-0.013509027694559141j),3298.9360851208794,(-0.023495505498203093-0.013509027694556724j),3298.9360851208794
4125,4125,10.41249375,0.0058084232894577,(-0.020522418154343892-0.018069339912557797j),3299.736021126001,(-0.020522418154341877-0.018069339912554064j),3299.736021126001
4126,4126,10.41259375,0.0064412457233367,(0.020861604552494965+0.013040424395334687j),3300.5359571311224,(0.020861604552495368+0.013040424395336347j),3300.5359571311224
4127,4127,10.41269375,0.006782597157891,(0.012892085428673513+0.010821503061101577j),3301.335893136244,(0.012892085428672127+0.010821503061103714j),3301.335893136244
4128,4128,10.41279375,0.0074665186961283,(-0.029284062196016047-0.05132443549299129j),3302.1358291413653,(-0.029284062196019315-0.051324435492990574j),3302.1358291413653
4129,4129,10.41289375,0.0048270074529803,(0.015597057959620029-0.0017697828314768554j),3302.935765146487,(0.015597057959621593-0.0017697828314766108j),3302.935765146487
4130,4130,10.41299375,0.0071895715226565,(0.0030364928816642173-0.028694175722005374j),3303.7357011516083,(0.003036492881659167-0.028694175722002807j),3303.7357011516083
4131,4131,10.41309375,0.0080151538822103,(0.05340901367220329+0.000594692478553302j),3304.53563715673,(0.05340901367220335+0.0005946924785532395j),3304.53563715673
4132,4132,10.41319375,0.0082463808781645,(0.007000017056695787+0.008688344045713236j),3305.3355731618512,(0.0070000170566930885+0.008688344045713321j),3305.3355731618512
4133,4133,10.41329375,0.0079864612805789,(0.03006511556687191+0.009641211115609614j),3306.1355091669725,(0.0300651155668731+0.009641211115606601j),3306.1355091669725
4134,4134,10.41339375,0.0055933830643489,(0.03990903981013584+0.01151749420209615j),3306.935445172094,(0.039909039810133655+0.011517494202091158j),3306.935445172094
4135,4135,10.41349375,0.0073404595330893,(0.039541367221136284-0.008392945695013967j),3307.7353811772155,(0.03954136722113685-0.008392945695015298j),3307.7353811772155
4136,4136,10.41359375,0.0062604093649648,(0.04079954889768839-0.029502924393356417j),3308.535317182337,(0.04079954889768947-0.029502924393353877j),3308.535317182337
4137,4137,10.41369375,0.0085246840292489,(-0.002559133098938311-0.024197851132433806j),3309.3352531874584,(-0.002559133098942198-0.024197851132438164j),3309.3352531874584
4138,4138,10.41379375,0.0076827902668498,(-0.009210521793289699+0.017013992708804722j),3310.13518919258,(-0.009210521793287565+0.017013992708802793j),3310.13518919258
4139,4139,10.41389375,0.0081682819215076,(-0.030472185917454726+0.020561289289440298j),3310.9351251977014,(-0.03047218591745436+0.020561289289443556j),3310.9351251977014
4140,4140,10.41399375,0.0073864686211759,(-0.002769118973478376-0.006381940282448048j),3311.735061202822,(-0.002769118973473734-0.006381940282451254j),3311.7350612028226
4141,4141,10.41409375,0.007260584120806,(-0.012725550672131467-0.0074138150704783886j),3312.5349972079443,(-0.012725550672131698-0.007413815070476073j),3312.5349972079443
4142,4142,10.41419375,0.0059049904521759,(0.0006328579520181311-0.00540614701941209j),3313.3349332130656,(0.0006328579520180702-0.00540614701941502j),3313.3349332130656
4143,4143,10.41429375,0.0081459096526219,(-0.017889725211016675+0.012632283315973599j),3314.1348692181878,(-0.01788972521101382+0.012632283315973486j),3314.1348692181873
4144,4144,10.41439375,0.0077399132466501,(0.008232733830652535+0.011128046302513213j),3314.934805223309,(0.008232733830650898+0.011128046302517128j),3314.9348052233086
4145,4145,10.41449375,0.0073086780436617,(0.01964880412435152-0.02726186290688514j),3315.7347412284303,(0.019648804124347108-0.027261862906880444j),3315.7347412284303
4146,4146,10.41459375,0.0066592941810193,(-0.02832147305114331-0.021734010264543514j),3316.5346772335515,(-0.028321473051140515-0.021734010264543243j),3316.5346772335515
4147,4147,10.41469375,0.008680723268985,(0.0025339996803335338+0.010006223077727434j),3317.334613238673,(0.0025339996803357373+0.010006223077727484j),3317.3346132386732
4148,4148,10.41479375,0.0084260871602394,(-0.0011640694552910043-0.00977867501307162j),3318.1345492437945,(-0.0011640694552972706-0.009778675013072375j),3318.1345492437945
4149,4149,10.41489375,0.0086532174235487,(0.0022659687776416825+0.002442245998180298j),3318.934485248916,(0.002265968777642295+0.0024422459981771776j),3318.9344852489157
4150,4150,10.41499375,0.0082190561400614,(-0.010222989635110523-0.017656609657099646j),3319.734421254037,(-0.010222989635113339-0.017656609657098025j),3319.7344212540374
4151,4151,10.41509375,0.007576705121013,(0.013232711348674443+0.007712296615560934j),3320.5343572591587,(0.013232711348674209+0.007712296615560842j),3320.5343572591587
4152,4152,10.41519375,0.007290934141512,(-0.005833568442812406+0.022820570325334334j),3321.3342932642804,(-0.005833568442814001+0.022820570325338387j),3321.3342932642804
4153,4153,10.41529375,0.0076042953955668,(0.018648201092133027-0.021511578400953746j),3322.1342292694017,(0.018648201092135535-0.02151157840095236j),3322.1342292694017
4154,4154,10.41539375,0.0072459457238012,(0.016082232222663834-0.010902052326281074j),3322.934165274524,(0.016082232222665943-0.010902052326278982j),3322.9341652745234
4155,4155,10.41549375,0.0058057129870352,(-0.009272609128427757-0.02544857522232306j),3323.7341012796446,(-0.00927260912842586-0.025448575222323005j),3323.7341012796446
4156,4156,10.41559375,0.0067512488689902,(0.021911436960103628+0.028805893993227544j),3324.5340372847663,(0.021911436960100745+0.02880589399322519j),3324.5340372847663
4157,4157,10.41569375,0.0071759799834401,(-0.0028261196532744777+0.014324346356218844j),3325.333973289888,(-0.002826119653277792+0.014324346356220131j),3325.3339732898876
4158,4158,10.41579375,0.008444959960217,(-0.008873038609621183+0.019037011078094957j),3326.133909295009,(-0.008873038609618213+0.019037011078092858j),3326.133909295009
4159,4159,10.41589375,0.0074859270727844,(-0.016822025707897627+0.01603094574730773j),3326.9338453001305,(-0.01682202570789626+0.016030945747305042j),3326.9338453001305
4160,4160,10.41599375,0.0077156681302382,(0.0010021971581462667+0.017120904149414577j),3327.733781305252,(0.0010021971581503806+0.01712090414941083j),3327.733781305252
4161,4161,10.41609375,0.0074441528304999,(-0.020102260216205533-0.005630530310672615j),3328.533717310373,(-0.020102260216205203-0.005630530310670744j),3328.5337173103735
4162,4162,10.41619375,0.0073054945020076,(-0.02731817022411967+0.004159402780740784j),3329.3336533154948,(-0.02731817022412234+0.004159402780741207j),3329.3336533154948
4163,4163,10.41629375,0.0055523810488062,(-0.009190329384633922-0.006279393197793078j),3330.1335893206165,(-0.009190329384632231-0.006279393197794988j),3330.1335893206165
4164,4164,10.41639375,0.0046009772989713,(-0.02912290600140405-0.018343863622736437j),3330.9335253257377,(-0.02912290600140388-0.01834386362273462j),3330.9335253257377
4165,4165,10.41649375,0.0054231043261643,(-0.006656939472301804-0.03698501777553354j),3331.7334613308594,(-0.006656939472303265-0.03698501777553428j),3331.7334613308594
4166,4166,10.41659375,0.0059596110196704,(-0.017493524093079794-0.015567312017459783j),3332.5333973359807,(-0.017493524093080217-0.015567312017458274j),3332.5333973359807
4167,4167,10.41669375,0.0039174683697934,(-0.013433941702682695+0.0006141471065991277j),3333.333333341102,(-0.013433941702685977+0.0006141471065994608j),3333.333333341102
4168,4168,10.41679375,0.0032398320701972,(-0.02362817488337451-0.0048430225400696286j),3334.133269346224,(-0.02362817488337367-0.004843022540070158j),3334.1332693462236
4169,4169,10.41689375,0.003228504643395,(0.006509460946685967-0.0008186147551602053j),3334.933205351345,(0.006509460946680529-0.000818614755165187j),3334.933205351345
4170,4170,10.41699375,0.0037563795392781,(-0.0035498957953890467-0.026202756973162628j),3335.7331413564666,(-0.0035498957953886794-0.02620275697315979j),3335.7331413564666
4171,4171,10.41709375,0.0036877079852248,(0.008908239195504722+0.01252558201522264j),3336.533077361588,(0.008908239195503717+0.012525582015219352j),3336.533077361588
4172,4172,10.41719375,0.0035699982037598,(0.028899966253395377-0.0035300853143867654j),3337.3330133667096,(0.028899966253397743-0.003530085314387048j),3337.3330133667096
4173,4173,10.41729375,0.0035993506226334,(-0.0016458966074204004+0.014920104685037572j),3338.132949371831,(-0.0016458966074176797+0.01492010468503992j),3338.132949371831
4174,4174,10.41739375,0.0042518370034774,(0.00578374037987461+0.0014391219425470593j),3338.9328853769525,(0.00578374037987473+0.0014391219425475064j),3338.9328853769525
4175,4175,10.41749375,0.003987018454403,(-0.01586411752692355+0.021831798854408283j),3339.732821382074,(-0.015864117526923602+0.021831798854406576j),3339.732821382074
4176,4176,10.41759375,0.0050349163285151,(-0.012772860770998692+0.020893420631182377j),3340.532757387195,(-0.012772860770999489+0.02089342063118205j),3340.532757387195
4177,4177,10.41769375,0.0042619772939438,(-0.02969005814871933-0.009187716054455952j),3341.3326933923167,(-0.029690058148717186-0.009187716054456225j),3341.3326933923167
4178,4178,10.41779375,0.0035466526412177,(-0.01016569480884431-0.018793047021298692j),3342.132629397438,(-0.01016569480884234-0.018793047021300423j),3342.132629397438
4179,4179,10.41789375,0.0050728492222116,(-0.027815046410849927-0.011681207841576311j),3342.93256540256,(-0.0278150464108473-0.011681207841582456j),3342.9325654025597
4180,4180,10.41799375,0.0052106114234873,(-0.0033759969809836615+0.02284322198829606j),3343.732501407681,(-0.0033759969809875508+0.022843221988291976j),3343.732501407681
4181,4181,10.41809375,0.0030887881437283,(-0.01185278397272604+0.016842658161492528j),3344.5324374128027,(-0.011852783972723838+0.016842658161493572j),3344.5324374128027
4182,4182,10.41819375,0.0022802446311922,(0.00288695429130632-0.005372738174795093j),3345.332373417924,(0.00288695429130739-0.005372738174794372j),3345.332373417924
4183,4183,10.41829375,0.0020035174900718,(-0.010765318070036688-0.027125410033611807j),3346.1323094230456,(-0.010765318070039909-0.027125410033614378j),3346.1323094230456
4184,4184,10.41839375,0.0014441871514105,(-0.04249101508236284-0.014195704366349397j),3346.932245428167,(-0.042491015082364345-0.014195704366352039j),3346.932245428167
4185,4185,10.41849375,0.0009866119790024,(-0.014699354951047369+0.0007114347969624396j),3347.732181433288,(-0.01469935495104869+0.0007114347969666341j),3347.732181433288
4186,4186,10.41859375,0.0033547335012885,(-0.010286794776501601+0.02588736152988553j),3348.53211743841,(-0.01028679477650402+0.025887361529889942j),3348.53211743841
4187,4187,10.41869375,0.0024400122094342,(-0.01943495082535331-0.010951634806060682j),3349.332053443531,(-0.019434950825356633-0.010951634806059376j),3349.332053443531
4188,4188,10.41879375,0.0044796052208975,(0.028754876982621067-0.010757446467360616j),3350.131989448653,(0.02875487698261831-0.010757446467363261j),3350.131989448653
4189,4189,10.41889375,0.0040430672674721,(0.01242787649626824+0.008292780581051469j),3350.931925453774,(0.012427876496268399+0.00829278058104789j),3350.931925453774
4190,4190,10.41899375,0.0049585468781524,(0.02170157801697589+0.01808657549860463j),3351.731861458896,(0.021701578016972718+0.018086575498602906j),3351.7318614588958
4191,4191,10.41909375,0.0028346149832642,(0.007580681487746799-0.010548382035839257j),3352.531797464017,(0.007580681487746247-0.010548382035842038j),3352.531797464017
4192,4192,10.41919375,0.001919880582764,(0.012001351035739632+0.0029912011730899067j),3353.3317334691387,(0.012001351035736296+0.002991201173093501j),3353.3317334691387
4193,4193,10.41929375,0.0042945965032835,(0.003436203467955707+0.022890193115352897j),3354.13166947426,(0.003436203467953782+0.02289019311535074j),3354.13166947426
4194,4194,10.41939375,0.0033580768693364,(0.03403415843234496+0.00578781630041619j),3354.931605479381,(0.03403415843234573+0.005787816300416533j),3354.9316054793812
4195,4195,10.41949375,0.002169545638099,(-0.006833953396045601-0.002180045407125132j),3355.731541484503,(-0.00683395339604607-0.0021800454071244525j),3355.731541484503
4196,4196,10.41959375,0.0021948050741801,(-0.008847408881037138-0.01129296615834809j),3356.531477489624,(-0.008847408881041116-0.011292966158346969j),3356.531477489624
4197,4197,10.41969375,0.00320138045311,(0.007782500327124568+0.0025306797481046556j),3357.331413494746,(0.007782500327121981+0.0025306797481032175j),3357.331413494746
4198,4198,10.41979375,0.0050246421210837,(0.029001979782129872+0.026717315905622548j),3358.131349499867,(0.0290019797821282+0.02671731590562484j),3358.131349499867
4199,4199,10.41989375,0.0063654138627545,(0.014363532352754373+0.014134370130804427j),3358.931285504989,(0.014363532352751777+0.014134370130803577j),3358.931285504989
4200,4200,10.41999375,0.0045819854232715,(-0.020512615296265652-0.026304923578942863j),3359.73122151011,(-0.0205126152962639-0.026304923578937288j),3359.73122151011
4201,4201,10.42009375,0.0050599183602397,(-0.01821317061216345-0.00263957678614931j),3360.531157515232,(-0.01821317061216865-0.0026395767861522737j),3360.531157515232
4202,4202,10.42019375,0.0051632205218877,(-0.02914686884906866-0.02054244480421572j),3361.331093520353,(-0.02914686884906826-0.020542444804216783j),3361.331093520353
4203,4203,10.42029375,0.0041490065620938,(-0.005310453429782998+0.013176076131162106j),3362.1310295254743,(-0.00531045342978418+0.013176076131162697j),3362.1310295254743
4204,4204,10.42039375,0.0026143401017051,(-0.015304581869968779-0.020025815245819107j),3362.930965530596,(-0.015304581869965712-0.020025815245820096j),3362.930965530596
4205,4205,10.42049375,0.0024303857744794,(-0.03903593321201185-0.004284718344367172j),3363.7309015357173,(-0.039035933212014255-0.004284718344367034j),3363.7309015357173
4206,4206,10.42059375,0.0048266833402042,(-0.014992001059361259+0.004579350306770781j),3364.530837540839,(-0.014992001059356124+0.0045793503067728236j),3364.530837540839
4207,4207,10.42069375,0.0062255759706164,(0.005451778268137534+0.025192288504496306j),3365.3307735459603,(0.005451778268139371+0.025192288504498887j),3365.3307735459603
4208,4208,10.42079375,0.006546282180028,(-0.0271368124202395+0.02423327356281543j),3366.130709551082,(-0.02713681242024292+0.024233273562814666j),3366.130709551082
4209,4209,10.42089375,0.0065343766277411,(0.028297737170284682-0.014555786481676374j),3366.930645556203,(0.0282977371702866-0.014555786481676354j),3366.930645556203
4210,4210,10.42099375,0.0069160313625295,(-0.002244289118205404-0.013824344973198411j),3367.7305815613245,(-0.0022442891182046527-0.013824344973203468j),3367.7305815613245
4211,4211,10.42109375,0.0084542889485498,(-0.025541117955862423+0.008377580231131635j),3368.530517566446,(-0.025541117955863966+0.008377580231129524j),3368.530517566446
4212,4212,10.42119375,0.0092880262171206,(-0.012075588116757652-0.0023835388113195794j),3369.3304535715674,(-0.012075588116754916-0.0023835388113200512j),3369.3304535715674
4213,4213,10.42129375,0.0067984246823734,(-0.022619833756805666-0.03352199324078506j),3370.130389576689,(-0.022619833756806047-0.03352199324078452j),3370.130389576689
4214,4214,10.42139375,0.006710848830969,(0.03274648984499971+0.017988966115199182j),3370.9303255818104,(0.0327464898449991+0.0179889661152008j),3370.9303255818104
4215,4215,10.42149375,0.0061901287071719,(-0.0004955080291521157+0.0006181617794800722j),3371.730261586932,(-0.0004955080291524187+0.000618161779485632j),3371.730261586932
4216,4216,10.42159375,0.005072374939359,(-0.015635437061495113-0.025082530697817063j),3372.5301975920534,(-0.015635437061495547-0.025082530697816532j),3372.5301975920534
4217,4217,10.42169375,0.0049158876508466,(-0.028624665318281624-0.008036966204483319j),3373.330133597175,(-0.028624665318282456-0.008036966204480052j),3373.330133597175
4218,4218,10.42179375,0.0065551264175287,(0.024910185542560734+0.00862996375041321j),3374.1300696022963,(0.024910185542557733+0.008629963750412232j),3374.1300696022963
4219,4219,10.42189375,0.0080478565277414,(-0.04392293978977883-0.021313989820011134j),3374.9300056074176,(-0.043922939789777224-0.021313989820013972j),3374.9300056074176
4220,4220,10.42199375,0.007306503460045,(0.012613771668002623-0.046272793477865615j),3375.7299416125397,(0.012613771668005168-0.04627279347786649j),3375.7299416125393
4221,4221,10.42209375,0.0076476302742454,(0.031112438445609143+0.008443469981773278j),3376.5298776176605,(0.0311124384456058+0.008443469981774364j),3376.5298776176605
4222,4222,10.42219375,0.0104130038018047,(0.035804293026325+0.02315114807607664j),3377.3298136227822,(0.03580429302632436+0.023151148076078758j),3377.3298136227822
4223,4223,10.42229375,0.0113164157027514,(-0.002905391345477336+0.02490947284740133j),3378.1297496279035,(-0.00290539134547714+0.02490947284740445j),3378.1297496279035
4224,4224,10.42239375,0.0102931995778925,(0.0038432697440039295-0.02183922452304793j),3378.929685633025,(0.0038432697440051334-0.02183922452304765j),3378.929685633025
4225,4225,10.42249375,0.0096241396575954,(-0.01377540336908616+0.022529222058265873j),3379.7296216381465,(-0.013775403369086371+0.02252922205826216j),3379.7296216381465
4226,4226,10.42259375,0.0067392782356034,(-0.03538423590960684-0.015655121087831507j),3380.529557643268,(-0.0353842359096048-0.0156551210878354j),3380.529557643268
4227,4227,10.42269375,0.0062563370950683,(0.03908744959589633+0.03310700055987407j),3381.3294936483894,(0.039087449595891804+0.03310700055987343j),3381.3294936483894
4228,4228,10.42279375,0.0060981962191074,(0.02751930819635896+0.020349894600746054j),3382.1294296535107,(0.027519308196359688+0.020349894600747296j),3382.1294296535107
4229,4229,10.42289375,0.0064601151441548,(-0.006074029845771291-0.03891932213456793j),3382.9293656586324,(-0.006074029845772561-0.038919322134565046j),3382.9293656586324
4230,4230,10.42299375,0.0042777713680852,(-0.008061177420394045-0.0267027816315029j),3383.7293016637536,(-0.008061177420399405-0.02670278163150266j),3383.7293016637536
4231,4231,10.42309375,0.005287868686489,(0.04067848146464215+0.025014051736100232j),3384.529237668876,(0.04067848146464115+0.02501405173610465j),3384.5292376688753
4232,4232,10.42319375,0.0069865101984013,(0.002140388945035275+0.012753539762634625j),3385.3291736739966,(0.0021403889450354405+0.012753539762629836j),3385.3291736739966
4233,4233,10.42329375,0.0082726139031284,(-0.009569996634131122+0.01625238801281084j),3386.1291096791183,(-0.009569996634130506+0.016252388012813018j),3386.1291096791183
4234,4234,10.42339375,0.0091884623278518,(-0.013048243005955553+0.006983587725347781j),3386.92904568424,(-0.013048243005956528+0.006983587725347173j),3386.9290456842396
4235,4235,10.42349375,0.0104129640406537,(-0.02792435236905658-0.01847468504309584j),3387.7289816893613,(-0.027924352369056497-0.018474685043093724j),3387.7289816893613
4236,4236,10.42359375,0.0088948173916713,(0.008605914761346374-0.010097453593820171j),3388.5289176944825,(0.008605914761343788-0.0100974535938224j),3388.5289176944825
4237,4237,10.42369375,0.009766931863967,(0.022937718973323914-0.024901057410977496j),3389.328853699604,(0.02293771897332253-0.024901057410979175j),3389.3288536996038
4238,4238,10.42379375,0.0094821001158488,(0.04104307228518083+0.031228391942811285j),3390.128789704725,(0.04104307228518249+0.03122839194281094j),3390.1287897047255
4239,4239,10.42389375,0.0091670482480721,(-0.010269453899820105-0.025518403261533915j),3390.9287257098467,(-0.010269453899822404-0.025518403261537058j),3390.9287257098467
4240,4240,10.42399375,0.0062687493065842,(-0.04164615707963133-0.013281890447277718j),3391.7286617149684,(-0.04164615707963213-0.013281890447281506j),3391.7286617149684
4241,4241,10.42409375,0.0068250237927131,(-0.028670918369289925+0.004799514385952358j),3392.5285977200897,(-0.028670918369291636+0.004799514385953666j),3392.5285977200897
4242,4242,10.42419375,0.0057883339924956,(0.02070152525440893+0.00368873487073803j),3393.3285337252114,(0.020701525254411844+0.0036887348707323243j),3393.3285337252114
4243,4243,10.42429375,0.0058700675268314,(0.005765934062344215+0.005193423768826753j),3394.1284697303327,(0.005765934062347595+0.005193423768825426j),3394.1284697303327
4244,4244,10.42439375,0.0053721257930646,(-0.01865295841722782-0.01683328140959677j),3394.9284057354544,(-0.01865295841722893-0.01683328140959541j),3394.9284057354544
4245,4245,10.42449375,0.0046785274521819,(-0.02021170103490943+3.290088889060705e-05j),3395.728341740576,(-0.020211701034910646+3.290088889143928e-05j),3395.7283417405756
4246,4246,10.42459375,0.0042853963004555,(-0.0030327328974415514+0.0409017925396573j),3396.528277745697,(-0.0030327328974416937+0.04090179253965911j),3396.528277745697
4247,4247,10.42469375,0.0065374621481402,(0.014501845566594798+0.02067233574919295j),3397.3282137508186,(0.01450184556659358+0.020672335749192063j),3397.3282137508186
4248,4248,10.42479375,0.0057567375606161,(0.01943392776322595-0.019336300328021225j),3398.12814975594,(0.01943392776322749-0.019336300328020823j),3398.12814975594
4249,4249,10.42489375,0.0056775801605737,(0.03923538469971974-0.0019508882263952441j),3398.928085761061,(0.03923538469972322-0.0019508882263944427j),3398.9280857610615
4250,4250,10.42499375,0.0035663434298874,(-0.016654544885931516+0.003266801834800174j),3399.728021766183,(-0.016654544885933254+0.0032668018348001662j),3399.728021766183
4251,4251,10.42509375,0.0051451652463736,(-0.04842598095601304+0.012423481995706987j),3400.5279577713045,(-0.04842598095601404+0.012423481995709466j),3400.5279577713045
4252,4252,10.42519375,0.0056786865098474,(0.014342028386231961+0.011508733656431186j),3401.3278937764258,(0.01434202838623107+0.011508733656432771j),3401.3278937764258
4253,4253,10.42529375,0.0063443590988891,(-0.021980882759719045-0.0035241391124422846j),3402.1278297815475,(-0.021980882759719423-0.0035241391124395493j),3402.1278297815475
4254,4254,10.42539375,0.0050956059793279,(-0.023879185455692925-0.02724762352505273j),3402.9277657866687,(-0.023879185455690614-0.027247623525048902j),3402.9277657866687
4255,4255,10.42549375,0.0041421173653081,(0.003557326343884659+0.010419974864330328j),3403.72770179179,(0.0035573263438807992+0.010419974864334679j),3403.72770179179
4256,4256,10.42559375,0.0038932888302086,(-0.004314992778830744+0.030809505486639535j),3404.527637796912,(-0.0043149927788298055+0.030809505486639334j),3404.5276377969117
4257,4257,10.42569375,0.0040232880609969,(0.008675093570640202-0.03731626334922242j),3405.327573802033,(0.008675093570639711-0.037316263349223444j),3405.327573802033
4258,4258,10.42579375,0.0020792375875621,(0.02978877157620697-0.026224105990842024j),3406.127509807154,(0.02978877157620686-0.026224105990842933j),3406.1275098071546
4259,4259,10.42589375,0.0022696115812209,(0.0055835509298540155+0.017873785583278286j),3406.927445812276,(0.005583550929853825+0.01787378558327714j),3406.927445812276
4260,4260,10.42599375,0.0002560779710407,(-0.014786504518814097-0.04614934246318049j),3407.7273818173976,(-0.014786504518813743-0.04614934246318108j),3407.7273818173976
4261,4261,10.42609375,0.002243867822038,(-0.010470266209524345+0.0011455709585157805j),3408.527317822519,(-0.01047026620952102+0.0011455709585150462j),3408.527317822519
4262,4262,10.42619375,0.002122871556821,(0.025325923035213943+0.03513591113769527j),3409.327253827641,(0.025325923035209835+0.03513591113769069j),3409.3272538276406
4263,4263,10.42629375,0.0038553023037859,(0.018480754187991555+0.008654260559353812j),3410.127189832762,(0.01848075418799334+0.008654260559352436j),3410.127189832762
4264,4264,10.42639375,0.0035529763641745,(-0.012232058998544284+0.017313184949612436j),3410.927125837883,(-0.012232058998545518+0.01731318494961461j),3410.927125837883
4265,4265,10.42649375,0.0037444814250309,(0.00639859579160058-0.011775078444010177j),3411.727061843005,(0.006398595791603607-0.011775078444011941j),3411.727061843005
4266,4266,10.42659375,0.0036299155222676,(-0.0008061803284938815+0.027140152693427788j),3412.526997848126,(-0.0008061803284916385+0.027140152693428635j),3412.526997848126
4267,4267,10.42669375,0.0040099744088112,(-0.006888350349004474+0.03177345702731556j),3413.326933853248,(-0.006888350349002063+0.03177345702731108j),3413.3269338532477
4268,4268,10.42679375,0.0031218692601363,(0.0009658210915912996-0.009893297261621983j),3414.126869858369,(0.000965821091591362-0.009893297261622015j),3414.126869858369
4269,4269,10.42689375,0.0043378075322144,(-0.02644448297098345-0.024898620676901788j),3414.9268058634907,(-0.026444482970987525-0.024898620676900234j),3414.9268058634907
4270,4270,10.42699375,0.0035298552837514,(-0.054616791653753764-0.028580832122531215j),3415.726741868612,(-0.05461679165375617-0.028580832122530722j),3415.726741868612
4271,4271,10.42709375,0.0030546587653105,(-0.01879702814996887+0.022649263093469464j),3416.5266778737337,(-0.01879702814996687+0.02264926309347274j),3416.5266778737337
4272,4272,10.42719375,0.0021235869164141,(0.01166950923403986-0.010902483575737271j),3417.326613878855,(0.01166950923403887-0.01090248357573543j),3417.326613878855
4273,4273,10.42729375,0.0021191316790827,(-0.010174881343337017-0.013633493432806896j),3418.126549883976,(-0.010174881343334358-0.013633493432808046j),3418.126549883976
4274,4274,10.42739375,0.0023889680403358,(-0.01751383157730904-0.0006465867792553488j),3418.926485889098,(-0.017513831577308868-0.0006465867792543392j),3418.926485889098
4275,4275,10.42749375,0.0025508371301159,(-0.018724755205549632+0.011069573576520076j),3419.726421894219,(-0.018724755205550097+0.011069573576520688j),3419.726421894219
4276,4276,10.42759375,0.0014796003407681,(0.004474865381922013+0.021932661823504153j),3420.526357899341,(0.004474865381918724+0.021932661823504958j),3420.526357899341
4277,4277,10.42769375,0.0024786476619977,(-0.035744972189454716+0.012095290993427814j),3421.326293904462,(-0.03574497218945299+0.012095290993431996j),3421.326293904462
4278,4278,10.42779375,0.0023475788328455,(0.0011274620341476089+0.0032723893094895556j),3422.126229909584,(0.0011274620341454216+0.0032723893094923043j),3422.126229909584
4279,4279,10.42789375,0.0049710995993538,(-0.05574012951875074+0.0318191758886761j),3422.926165914705,(-0.05574012951875018+0.03181917588867701j),3422.926165914705
4280,4280,10.42799375,0.0048873298621895,(0.006731795788944287+0.04900864300516269j),3423.7261019198263,(0.0067317957889439575+0.04900864300516346j),3423.7261019198263
4281,4281,10.42809375,0.0063738536397016,(0.030556540224586627+0.04137620240644454j),3424.526037924948,(0.03055654022458021+0.041376202406444934j),3424.526037924948
4282,4282,10.42819375,0.0055895345401757,(-0.011201448283806028-0.00978448248963812j),3425.3259739300693,(-0.011201448283805794-0.009784482489638122j),3425.3259739300693
4283,4283,10.42829375,0.0066245971113532,(0.018540709832571195+0.008622241644318325j),3426.125909935191,(0.018540709832567705+0.008622241644321758j),3426.125909935191
4284,4284,10.42839375,0.006002156274511,(0.03420307920591048+0.008656793657358178j),3426.925845940312,(0.03420307920591246+0.008656793657361926j),3426.9258459403122
4285,4285,10.42849375,0.0054933101968882,(0.003456199865890677+0.028194150993657414j),3427.725781945434,(0.003456199865888531+0.0281941509936598j),3427.725781945434
4286,4286,10.42859375,0.0039916450372922,(0.017708103114358408-0.03847536113643282j),3428.525717950555,(0.017708103114361322-0.03847536113642774j),3428.525717950555
4287,4287,10.42869375,0.0048427561250789,(0.002920962494490994-0.014304471724829121j),3429.325653955677,(0.002920962494487609-0.014304471724830573j),3429.325653955677
4288,4288,10.42879375,0.0031972800281466,(-0.039663943975538025+0.002352156866225995j),3430.125589960798,(-0.03966394397553438+0.0023521568662260156j),3430.125589960798
4289,4289,10.42889375,0.003381687828603,(-0.004500139727043386+0.0022699046976828036j),3430.9255259659194,(-0.004500139727040676+0.0022699046976825715j),3430.9255259659194
4290,4290,10.42899375,0.0029844952863234,(-0.004638670219353271-0.025296923162882044j),3431.725461971041,(-0.004638670219351056-0.02529692316288385j),3431.725461971041
4291,4291,10.42909375,0.0052743837258082,(0.005848128798967935-0.01998942091512985j),3432.5253979761624,(0.00584812879896768-0.019989420915129615j),3432.5253979761624
4292,4292,10.42919375,0.0061405512270383,(-0.017717891402425315-0.009627463726288627j),3433.325333981284,(-0.017717891402425214-0.00962746372628812j),3433.325333981284
4293,4293,10.42929375,0.0063289806313729,(-0.00833802539495062-0.03581112553259019j),3434.1252699864053,(-0.0083380253949505-0.03581112553259j),3434.1252699864053
4294,4294,10.42939375,0.0075302552404199,(0.037364686997367454-0.015392294681368006j),3434.925205991527,(0.03736468699736779-0.015392294681366254j),3434.925205991527
4295,4295,10.42949375,0.0096449379184439,(0.03295636183754146-0.04198521979362933j),3435.7251419966483,(0.03295636183754333-0.04198521979362435j),3435.7251419966483
4296,4296,10.42959375,0.009243803598049,(-0.012091026964361064-0.01898742754372913j),3436.52507800177,(-0.012091026964358827-0.018987427543728796j),3436.52507800177
4297,4297,10.42969375,0.0092793683392566,(-0.011494494313854502+0.03869661689582972j),3437.3250140068917,(-0.011494494313853795+0.03869661689583041j),3437.3250140068913
4298,4298,10.42979375,0.0079462504256632,(0.0013527989503787207-0.011000869646215994j),3438.1249500120125,(0.0013527989503794016-0.011000869646218176j),3438.1249500120125
4299,4299,10.42989375,0.0071133486814057,(0.005236712860570472-0.0037494304144358778j),3438.924886017134,(0.005236712860577116-0.003749430414434409j),3438.924886017134
4300,4300,10.42999375,0.0054517038202193,(-0.021361665875618545-0.017403230032343016j),3439.7248220222555,(-0.021361665875620436-0.017403230032339602j),3439.7248220222555
4301,4301,10.43009375,0.004887493477558,(-0.00412399841676516+0.00013931601709042804j),3440.524758027377,(-0.004123998416764585+0.00013931601709474533j),3440.524758027377
4302,4302,10.43019375,0.0064725027846699,(0.009032069758474372+0.007842472532908915j),3441.3246940324984,(0.009032069758473177+0.00784247253290987j),3441.3246940324984
4303,4303,10.43029375,0.0056066575564386,(-0.022710351516212195-0.013796659001506863j),3442.12463003762,(-0.022710351516212986-0.013796659001511745j),3442.12463003762
4304,4304,10.43039375,0.0061548581349246,(0.011966082059843003+0.0027207086184580006j),3442.9245660427414,(0.01196608205984321+0.0027207086184570946j),3442.9245660427414
4305,4305,10.43049375,0.0077645681097041,(-0.020774659827589324-0.02008553749943718j),3443.724502047863,(-0.020774659827593016-0.02008553749943819j),3443.724502047863
4306,4306,10.43059375,0.0085462904488752,(0.00461620264272777+0.009415267579397129j),3444.5244380529844,(0.004616202642726314+0.009415267579395715j),3444.5244380529844
4307,4307,10.43069375,0.0088690289739219,(0.011402355058097358-0.0011862128111465916j),3445.3243740581056,(0.011402355058098005-0.0011862128111479729j),3445.3243740581056
4308,4308,10.43079375,0.0086512132384865,(-0.009990112470149965+0.011364735669143089j),3446.1243100632278,(-0.0099901124701466+0.011364735669143675j),3446.1243100632273
4309,4309,10.43089375,0.0098846727246914,(-0.020245779884188974+0.005934754497300718j),3446.924246068349,(-0.02024577988418929+0.005934754497300221j),3446.9242460683486
4310,4310,10.43099375,0.0090395573397297,(-0.01164330085629949+0.011813458439076234j),3447.7241820734703,(-0.011643300856299605+0.011813458439075547j),3447.7241820734703
4311,4311,10.43109375,0.0083861044421931,(-0.018406369658980716+0.0018324150796911413j),3448.5241180785915,(-0.018406369658979828+0.0018324150796924909j),3448.5241180785915
4312,4312,10.43119375,0.0074501143337727,(-0.006185283409367275-0.004275828885007608j),3449.324054083713,(-0.0061852834093676845-0.00427582888500439j),3449.3240540837132
4313,4313,10.43129375,0.0071353574894072,(0.0021016274978381483-0.002589805131235275j),3450.1239900888345,(0.0021016274978370875-0.0025898051312339926j),3450.1239900888345
4314,4314,10.43139375,0.0066724968993985,(-0.021310649931775994+0.007064043922494301j),3450.923926093956,(-0.021310649931774162+0.007064043922496857j),3450.923926093956
4315,4315,10.43149375,0.0066870752305919,(-0.05207339986778356-0.0013049797148579224j),3451.723862099077,(-0.05207339986778297-0.0013049797148580924j),3451.7238620990775
4316,4316,10.43159375,0.0063609210057473,(0.002678601831676337+0.006569821604513084j),3452.5237981041987,(0.002678601831677122+0.006569821604511364j),3452.5237981041987
4317,4317,10.43169375,0.0069361757709522,(0.0164586549563354-0.023607273368517468j),3453.3237341093204,(0.016458654956334702-0.023607273368513447j),3453.3237341093204
4318,4318,10.43179375,0.0079816303807126,(0.009247923530629268-9.637507991435291e-05j),3454.1236701144417,(0.00924792353062866-9.637507991598832e-05j),3454.1236701144417
4319,4319,10.43189375,0.0082786863038639,(0.022441243784435447+0.012391868431870836j),3454.9236061195634,(0.02244124378443616+0.01239186843187199j),3454.9236061195634
4320,4320,10.43199375,0.0079227203472591,(0.016213971696055193+0.0030627896349649177j),3455.7235421246846,(0.016213971696058375+0.003062789634961661j),3455.7235421246846
4321,4321,10.43209375,0.0082616544060019,(0.0079046805118341-0.006659027135523772j),3456.5234781298063,(0.007904680511835509-0.006659027135525474j),3456.5234781298063
4322,4322,10.43219375,0.0078142071640134,(-0.022618058811522186-0.013404249530794395j),3457.323414134928,(-0.022618058811523234-0.013404249530796258j),3457.3234141349276
4323,4323,10.43229375,0.0081222374904643,(-0.012180525253247268-0.027972375063282002j),3458.1233501400493,(-0.01218052525324555-0.027972375063284084j),3458.1233501400493
4324,4324,10.43239375,0.0074354984959784,(-0.0011123347344539885-0.017481079613768623j),3458.9232861451706,(-0.001112334734456104-0.017481079613767513j),3458.9232861451706
4325,4325,10.43249375,0.007969911297785,(-0.03453916482868899+0.00114025085225959j),3459.723222150292,(-0.0345391648286878+0.0011402508522571353j),3459.723222150292
4326,4326,10.43259375,0.0063510177540194,(-0.0009252736189877145-0.01879208038012837j),3460.523158155413,(-0.0009252736189904353-0.01879208038012789j),3460.5231581554135
4327,4327,10.43269375,0.0062398838748026,(0.005155530299111807+0.027844266836866763j),3461.3230941605348,(0.005155530299111592+0.027844266836863578j),3461.3230941605348
4328,4328,10.43279375,0.0063747924328279,(-0.01665290126922511-0.017060162365847245j),3462.1230301656565,(-0.01665290126922924-0.017060162365847516j),3462.1230301656565
4329,4329,10.43289375,0.006444241519791,(0.018046669978301805-0.013701461982819142j),3462.9229661707777,(0.01804666997829996-0.013701461982820773j),3462.9229661707777
4330,4330,10.43299375,0.0053134240332956,(0.014744851760851958+0.011849913266094378j),3463.7229021758994,(0.014744851760854286+0.011849913266089774j),3463.7229021758994
4331,4331,10.43309375,0.0037972635382053,(0.012354955343679133-0.007180032369202378j),3464.5228381810207,(0.01235495534367884-0.007180032369198976j),3464.5228381810207
4332,4332,10.43319375,0.0034382493367621,(-0.0006797926382956835+0.002617935139476087j),3465.3227741861424,(-0.0006797926382952465+0.0026179351394745864j),3465.3227741861424
4333,4333,10.43329375,0.0042577391480658,(0.0065387375199050714-0.005423289062022661j),3466.122710191264,(0.006538737519905675-0.005423289062025687j),3466.1227101912636
4334,4334,10.43339375,0.0043199470131425,(-0.008900493871474428-0.00795876000410816j),3466.922646196385,(-0.008900493871472685-0.007958760004108093j),3466.922646196385
4335,4335,10.43349375,0.0045449090513528,(0.024969711716261618+0.0001034647318649707j),3467.7225822015066,(0.024969711716260244+0.00010346473187015578j),3467.7225822015066
4336,4336,10.43359375,0.0041634945089776,(-0.017848206114660783+0.005399281479255809j),3468.522518206628,(-0.01784820611466098+0.005399281479256713j),3468.522518206628
4337,4337,10.43369375,0.0049612007151001,(0.02008440814960468+0.012052282168788581j),3469.3224542117496,(0.020084408149607103+0.012052282168792025j),3469.3224542117496
4338,4338,10.43379375,0.004607374649831,(0.010280798476523755+0.011202205891582342j),3470.122390216871,(0.010280798476521368+0.011202205891579302j),3470.122390216871
4339,4339,10.43389375,0.0038128219379869,(-0.022877087000547167+0.037157866442351625j),3470.9223262219925,(-0.02287708700054624+0.03715786644235273j),3470.9223262219925
4340,4340,10.43399375,0.0046839739532302,(-0.005604855185845762+0.0017248952354152137j),3471.722262227114,(-0.005604855185846781+0.0017248952354204981j),3471.722262227114
4341,4341,10.43409375,0.0036920880063831,(-0.015103158933158728-0.0028209132407336496j),3472.5221982322355,(-0.015103158933158065-0.0028209132407317527j),3472.5221982322355
4342,4342,10.43419375,0.0038573826378839,(0.0037783283317857942-0.024912686723258033j),3473.3221342373567,(0.00377832833179023-0.024912686723256285j),3473.3221342373567
4343,4343,10.43429375,0.0025889674693893,(-0.030764334619714437-0.00936660866939851j),3474.122070242478,(-0.03076433461971905-0.009366608669398794j),3474.122070242478
4344,4344,10.43439375,0.0028806088475752,(-0.013337305845292859+0.012149891767063709j),3474.9220062476,(-0.01333730584528953+0.012149891767066445j),3474.9220062475997
4345,4345,10.43449375,0.0036739528578962,(0.0015422715754251706+0.011368934202065285j),3475.721942252721,(0.0015422715754205216+0.011368934202062178j),3475.721942252721
4346,4346,10.43459375,0.0023827033303332,(0.01290673013478689-0.006726843343478893j),3476.5218782578427,(0.012906730134786172-0.006726843343482928j),3476.5218782578427
4347,4347,10.43469375,0.0028828904849878,(0.007278178264143589-0.051004171637204734j),3477.321814262964,(0.007278178264142562-0.0510041716372036j),3477.321814262964
4348,4348,10.43479375,0.0031767086305597,(-0.011304009447778166-0.053026178851967753j),3478.1217502680856,(-0.011304009447778898-0.05302617885196396j),3478.1217502680856
4349,4349,10.43489375,0.0038289273147214,(0.022892271316482592-0.02694967968104168j),3478.921686273207,(0.022892271316483727-0.02694967968104086j),3478.921686273207
4350,4350,10.43499375,0.0030368079982286,(-0.00401729272831952+0.020415108107335652j),3479.721622278328,(-0.004017292728321556+0.02041510810733111j),3479.721622278328
4351,4351,10.43509375,0.0025449090060044,(0.018094564354292686+0.01765110840130008j),3480.52155828345,(0.01809456435429036+0.01765110840130047j),3480.52155828345
4352,4352,10.43519375,0.0032813545859705,(8.53656037205215e-05-0.007693668016853693j),3481.321494288571,(8.53656037183802e-05-0.007693668016851648j),3481.321494288571
4353,4353,10.43529375,0.0036924177344816,(-0.004332057356592877-0.0002310380421762753j),3482.121430293693,(-0.004332057356593236-0.00023103804217717433j),3482.121430293693
4354,4354,10.43539375,0.0037981030960721,(-0.01608323592336385+0.003921667885132825j),3482.921366298814,(-0.016083235923365757+0.003921667885128223j),3482.921366298814
4355,4355,10.43549375,0.0052345273609842,(-0.01718716636122408-0.027783121363418897j),3483.721302303936,(-0.017187166361224852-0.027783121363418595j),3483.7213023039358
4356,4356,10.43559375,0.0044933420188211,(-0.027166832888677682+0.0103437728857199j),3484.521238309057,(-0.027166832888679097+0.010343772885721076j),3484.521238309057
4357,4357,10.43569375,0.0035508109152668,(-0.025346540820588678-0.0028008324900223444j),3485.3211743141787,(-0.02534654082058551-0.0028008324900244547j),3485.3211743141787
4358,4358,10.43579375,0.0035715992345535,(0.018352070180734842-0.015637638218202167j),3486.1211103193,(0.01835207018073681-0.015637638218205904j),3486.1211103193
4359,4359,10.43589375,0.0039023420066244,(-0.0019138124489556634-0.03268014651925852j),3486.921046324421,(-0.0019138124489535505-0.032680146519256464j),3486.9210463244212
4360,4360,10.43599375,0.0036598132602169,(0.009774370528952546-0.020069124354961203j),3487.720982329543,(0.009774370528956387-0.020069124354962137j),3487.720982329543
4361,4361,10.43609375,0.0024481826864649,(-0.02231608061331801-0.034893967775167054j),3488.520918334664,(-0.022316080613317628-0.034893967775169205j),3488.520918334664
4362,4362,10.43619375,0.0020164007422985,(-0.003954361868344464-0.03374471761080723j),3489.320854339786,(-0.003954361868337556-0.033744717610805906j),3489.320854339786
4363,4363,10.43629375,0.0012331805708192,(0.004877617442081017+0.008401040532502863j),3490.120790344907,(0.004877617442079376+0.008401040532504744j),3490.120790344907
4364,4364,10.43639375,0.0028228087708413,(0.0026833983187002685+0.018992501977320702j),3490.920726350029,(0.0026833983187007286+0.018992501977323446j),3490.920726350029
4365,4365,10.43649375,0.0045594677255315,(0.01183523875106937-0.002744880136694105j),3491.72066235515,(0.011835238751073571-0.002744880136698463j),3491.72066235515
4366,4366,10.43659375,0.0071638213867442,(0.0017160559558251432+0.006406951125679508j),3492.520598360272,(0.0017160559558259234+0.006406951125678174j),3492.520598360272
4367,4367,10.43669375,0.0060083155352095,(0.018189735941687605+0.0013282262274475203j),3493.320534365393,(0.018189735941688732+0.0013282262274494957j),3493.320534365393
4368,4368,10.43679375,0.0070811685982108,(-0.006912038875137871-0.010730126291220252j),3494.1204703705143,(-0.006912038875136889-0.010730126291215837j),3494.1204703705143
4369,4369,10.43689375,0.0067968255647088,(0.01059372999675911+0.037105870059062594j),3494.920406375636,(0.010593729996755598+0.037105870059062615j),3494.920406375636
4370,4370,10.43699375,0.0055184429124742,(-0.0003557111995113934-0.012031624279874174j),3495.7203423807573,(-0.0003557111995131073-0.012031624279878457j),3495.7203423807573
4371,4371,10.43709375,0.0047778905374309,(-0.00106151526107274+0.008791507879024777j),3496.520278385879,(-0.0010615152610725796+0.008791507879029742j),3496.520278385879
4372,4372,10.43719375,0.0047877752567274,(-0.01376021572664583-0.02609452330723947j),3497.3202143910003,(-0.013760215726647037-0.02609452330723991j),3497.3202143910003
4373,4373,10.43729375,0.0041987389677647,(-0.01014099557988157-0.017996271071589208j),3498.120150396122,(-0.010140995579881582-0.017996271071590946j),3498.120150396122
4374,4374,10.43739375,0.0028995225628427,(-0.00989177830607639-0.007246115821752917j),3498.920086401243,(-0.0098917783060792-0.007246115821746288j),3498.920086401243
4375,4375,10.43749375,0.0029927862924056,(-0.002303387062607255+0.02636983583807148j),3499.720022406365,(-0.0023033870626075377+0.026369835838070316j),3499.720022406365
4376,4376,10.43759375,0.0038188775693787,(-0.043202176136518965+0.03218381519503968j),3500.519958411486,(-0.04320217613652072+0.032183815195037664j),3500.519958411486
4377,4377,10.43769375,0.0057628884430006,(0.011589147109222637-0.0017768682264189817j),3501.3198944166074,(0.011589147109222316-0.0017768682264211544j),3501.3198944166074
4378,4378,10.43779375,0.0051480125126495,(0.0007028726034974731+0.00410745521972041j),3502.119830421729,(0.000702872603501342+0.004107455219718973j),3502.119830421729
4379,4379,10.43789375,0.0076883986527303,(-0.002670068566183611-0.009258101396504194j),3502.9197664268504,(-0.0026700685661866707-0.009258101396505725j),3502.9197664268504
4380,4380,10.43799375,0.0091571180267935,(-0.0026779195963647067+0.003845687062026811j),3503.719702431972,(-0.002677919596365209+0.0038456870620243j),3503.719702431972
4381,4381,10.43809375,0.0112624030118699,(0.028431802917479973-0.012526881239741973j),3504.5196384370934,(0.02843180291747998-0.012526881239743621j),3504.5196384370934
4382,4382,10.43819375,0.0098002596843966,(0.007471411630456971+0.007716884303013578j),3505.319574442215,(0.007471411630457753+0.0077168843030148695j),3505.319574442215
4383,4383,10.43829375,0.0083161343836217,(-0.02527665238863606-0.014682040641645681j),3506.1195104473363,(-0.025276652388636515-0.014682040641643787j),3506.1195104473363
4384,4384,10.43839375,0.0077393461047108,(0.005279322623849425-0.016964243889104613j),3506.919446452458,(0.005279322623849667-0.016964243889100134j),3506.919446452458
4385,4385,10.43849375,0.0066155545094161,(0.003909957844374469-0.014657591473631906j),3507.7193824575797,(0.003909957844374754-0.014657591473628101j),3507.7193824575793
4386,4386,10.43859375,0.0046820087267885,(0.008232594745636965+0.016787853667759135j),3508.5193184627005,(0.008232594745637036+0.01678785366775997j),3508.5193184627005
4387,4387,10.43869375,0.0053891906012122,(-0.025566593581935075+0.006412367839143502j),3509.3192544678222,(-0.025566593581936675+0.006412367839142308j),3509.3192544678222
4388,4388,10.43879375,0.0054245663632545,(0.0077656127854816015-0.004475184356840288j),3510.1191904729435,(0.0077656127854837395-0.004475184356840056j),3510.1191904729435
4389,4389,10.43889375,0.0064434621845095,(0.013838330208383699-0.03909955127057851j),3510.919126478065,(0.01383833020838203-0.039099551270574906j),3510.919126478065
4390,4390,10.43899375,0.00604779960374,(0.0006716629531981558+0.03309551486254342j),3511.7190624831865,(0.0006716629531960377+0.03309551486254084j),3511.7190624831865
4391,4391,10.43909375,0.0074792973117084,(0.027166243286070486-0.0278363461936652j),3512.518998488308,(0.027166243286073793-0.02783634619366418j),3512.518998488308
4392,4392,10.43919375,0.0087894193770522,(0.006186060354087089+0.02679887052587435j),3513.3189344934294,(0.006186060354085504+0.02679887052587292j),3513.3189344934294
4393,4393,10.43929375,0.009236072142954,(-0.014805547013047213+0.018939042554988864j),3514.118870498551,(-0.014805547013046766+0.01893904255498709j),3514.118870498551
4394,4394,10.43939375,0.0093186781731334,(1.3243004829206501e-05+0.023894973811814026j),3514.9188065036724,(1.3243004831019721e-05+0.023894973811810022j),3514.9188065036724
4395,4395,10.43949375,0.009960048433278,(0.007990944374751494-0.018224330652398594j),3515.7187425087936,(0.007990944374751978-0.018224330652399916j),3515.7187425087936
4396,4396,10.43959375,0.0091612810625606,(-0.03638080350977861+0.02628738936910019j),3516.518678513916,(-0.036380803509776974+0.026287389369100782j),3516.5186785139153
4397,4397,10.43969375,0.0074805855935923,(0.0053048895628257185+0.00570723274196469j),3517.3186145190366,(0.005304889562830474+0.005707232741963768j),3517.3186145190366
4398,4398,10.43979375,0.0070551474672609,(-0.021413733956773623-0.012908871823319287j),3518.1185505241583,(-0.0214137339567741-0.012908871823317205j),3518.1185505241583
4399,4399,10.43989375,0.0076684477837492,(-0.01301843974040433-0.01814247146579451j),3518.91848652928,(-0.013018439740404756-0.01814247146579821j),3518.9184865292796
4400,4400,10.43999375,0.0066325439924807,(0.0018655627482924222-0.027631954874789165j),3519.7184225344013,(0.0018655627482935238-0.027631954874790712j),3519.7184225344013
4401,4401,10.44009375,0.0067471428817003,(-0.01747689943123419-0.018679266718108413j),3520.5183585395225,(-0.0174768994312413-0.01867926671810639j),3520.5183585395225
4402,4402,10.44019375,0.0065525818745828,(-0.024092183491340517-0.027686054852274503j),3521.318294544644,(-0.024092183491339528-0.027686054852274794j),3521.3182945446442
4403,4403,10.44029375,0.0084971585394511,(0.018104928857916452-0.008599449337449125j),3522.118230549765,(0.018104928857915682-0.008599449337449896j),3522.1182305497655
4404,4404,10.44039375,0.007623335039727,(-0.0016039887832496559-0.011624576631188854j),3522.9181665548867,(-0.001603988783245441-0.011624576631188625j),3522.9181665548867
4405,4405,10.44049375,0.0068934711083291,(-0.013269499737820153-0.03797344368186211j),3523.7181025600084,(-0.01326949973781936-0.03797344368186348j),3523.7181025600084
4406,4406,10.44059375,0.0076547872963033,(0.00336156923647503-0.019128129446985227j),3524.5180385651297,(0.00336156923647291-0.019128129446985474j),3524.5180385651297
4407,4407,10.44069375,0.0091521841916368,(0.012072752496949255-0.030603373247392214j),3525.3179745702514,(0.012072752496955441-0.030603373247392818j),3525.3179745702514
4408,4408,10.44079375,0.0092184061033329,(-0.0073518657941734015-0.038165643997594756j),3526.1179105753727,(-0.007351865794174614-0.0381656439975956j),3526.1179105753727
4409,4409,10.44089375,0.0072030175619037,(-0.0050784582034534105+0.019534947182861893j),3526.9178465804944,(-0.005078458203451913+0.01953494718286035j),3526.9178465804944
4410,4410,10.44099375,0.0063374204320525,(0.01675299553899459-0.00635165807009728j),3527.717782585616,(0.01675299553899703-0.006351658070095999j),3527.7177825856156
4411,4411,10.44109375,0.0059410908376133,(-0.020883309365670115-0.005299536050719779j),3528.5177185907373,(-0.020883309365670826-0.00529953605071707j),3528.5177185907373
4412,4412,10.44119375,0.005376231165582,(-0.021451223384716396-0.022425877048880376j),3529.3176545958586,(-0.021451223384717787-0.022425877048882072j),3529.3176545958586
4413,4413,10.44129375,0.0046277642550273,(0.006752212894829851-0.00716944824087017j),3530.11759060098,(0.00675221289483028-0.007169448240868782j),3530.11759060098
4414,4414,10.44139375,0.006254196011923,(0.0158818844037744-0.007588760984458836j),3530.917526606101,(0.015881884403777732-0.0075887609844550175j),3530.9175266061015
4415,4415,10.44149375,0.0064969371770434,(0.023734472672124887-0.01658221125349631j),3531.717462611223,(0.02373447267212773-0.016582211253495446j),3531.717462611223
4416,4416,10.44159375,0.0044123441931657,(0.044942291073815116-0.012022718855430218j),3532.5173986163445,(0.04494229107381751-0.012022718855426245j),3532.5173986163445
4417,4417,10.44169375,0.0041589208937874,(-0.0068907581638071305+0.01728237657868885j),3533.3173346214658,(-0.006890758163800946+0.017282376578690608j),3533.3173346214658
4418,4418,10.44179375,0.0048145532293338,(0.004818367359738557+0.015204665460423547j),3534.1172706265875,(0.004818367359736924+0.015204665460423528j),3534.1172706265875
4419,4419,10.44189375,0.0038612259969693,(-0.008726015922687052-0.01626888394794654j),3534.9172066317087,(-0.00872601592268431-0.01626888394795092j),3534.9172066317087
4420,4420,10.44199375,0.0041279076258404,(-0.004265930952166198+0.027863608771939392j),3535.71714263683,(-0.004265930952163304+0.027863608771936426j),3535.71714263683
4421,4421,10.44209375,0.0041966661664878,(-0.037657992960059686-0.0063161228152167305j),3536.517078641952,(-0.037657992960061254-0.0063161228152158015j),3536.5170786419517
4422,4422,10.44219375,0.0056554285443218,(-0.015668582196274643-0.0038150479168454106j),3537.317014647073,(-0.0156685821962768-0.0038150479168466596j),3537.317014647073
4423,4423,10.44229375,0.0043691845401554,(0.022804120964478855-0.012480876326498991j),3538.116950652194,(0.02280412096447596-0.012480876326499109j),3538.1169506521946
4424,4424,10.44239375,0.0038222691036555,(-0.0005603253088837897+0.0019617215267147487j),3538.916886657316,(-0.0005603253088826584+0.0019617215267140756j),3538.916886657316
4425,4425,10.44249375,0.0040158774133314,(-0.03097928719511584-0.02587320469540279j),3539.7168226624376,(-0.03097928719511646-0.025873204695403218j),3539.7168226624376
4426,4426,10.44259375,0.002626169171638,(-0.006380948422055667+0.008152409664589053j),3540.516758667559,(-0.006380948422050864+0.008152409664590205j),3540.516758667559
4427,4427,10.44269375,0.0026530603559833,(-0.03391250675340259+0.004435405554603266j),3541.316694672681,(-0.03391250675340225+0.004435405554601257j),3541.3166946726806
4428,4428,10.44279375,0.0024735808558939,(-0.004016772554556684-0.006167750796006908j),3542.116630677802,(-0.004016772554558851-0.006167750796004965j),3542.116630677802
4429,4429,10.44289375,0.0028784325106107,(0.015444238948083524-0.01787864236665173j),3542.916566682923,(0.015444238948082018-0.017878642366647428j),3542.916566682923
4430,4430,10.44299375,0.004652258732155,(-0.0040695165065080105+0.0030858758423128493j),3543.716502688045,(-0.004069516506508097+0.003085875842315546j),3543.716502688045
4431,4431,10.44309375,0.0035105876401593,(0.022001159451482982-0.037918765115933596j),3544.516438693166,(0.022001159451480106-0.03791876511592862j),3544.516438693166
4432,4432,10.44319375,0.0038709786328696,(0.0022758367561598603-0.03336143862825582j),3545.316374698288,(0.002275836756155749-0.0333614386282584j),3545.3163746982877
4433,4433,10.44329375,0.0037741131390133,(0.024930420062993713+0.00010014523556042414j),3546.116310703409,(0.02493042006299539+0.0001001452355572664j),3546.116310703409
4434,4434,10.44339375,0.00399314517757,(-0.006645090495716054-0.011890370294790942j),3546.9162467085307,(-0.006645090495714627-0.011890370294790713j),3546.9162467085307
4435,4435,10.44349375,0.003875894842893,(0.0003326008808428601+0.0008629154797724662j),3547.716182713652,(0.0003326008808437101+0.0008629154797706876j),3547.716182713652
4436,4436,10.44359375,0.0028911928610103,(0.00966480176445968-0.026947196401529736j),3548.5161187187737,(0.009664801764457562-0.026947196401531724j),3548.5161187187737
4437,4437,10.44369375,0.0035137884937746,(0.00582049912950402-0.021257048838831956j),3549.316054723895,(0.005820499129500199-0.021257048838830978j),3549.316054723895
4438,4438,10.44379375,0.0027295522076762,(-0.02387430200752446-0.0012680283238670183j),3550.115990729016,(-0.023874302007525775-0.001268028323865559j),3550.115990729016
4439,4439,10.44389375,0.0026752528164774,(0.016538152652348655-0.014090931752597693j),3550.915926734138,(0.016538152652347406-0.014090931752596078j),3550.915926734138
4440,4440,10.44399375,0.0034111587271717,(-0.012849946234581095+0.016185162425901983j),3551.715862739259,(-0.012849946234584072+0.016185162425902688j),3551.715862739259
4441,4441,10.44409375,0.0027506070991821,(0.005442891997735246+0.004524475001921239j),3552.515798744381,(0.00544289199773643+0.004524475001923425j),3552.515798744381
4442,4442,10.44419375,0.0030708128025909,(-0.01808683370882371-0.006040570328810559j),3553.315734749502,(-0.018086833708825863-0.006040570328809454j),3553.315734749502
4443,4443,10.44429375,0.0027906312125335,(-0.001326168570813688+0.015336856203574544j),3554.115670754624,(-0.0013261685708122759+0.01533685620357636j),3554.115670754624
4444,4444,10.44439375,0.0025814639135282,(-0.006851435389428706-0.004505676392951886j),3554.915606759745,(-0.006851435389427301-0.0045056763929515915j),3554.915606759745
4445,4445,10.44449375,0.0031964456951525,(0.021075857511942856-0.0043155627805880024j),3555.7155427648668,(0.021075857511945725-0.004315562780591811j),3555.7155427648668
4446,4446,10.44459375,0.002805811168279,(-0.032771160204759175-0.005081799726784729j),3556.515478769988,(-0.03277116020475945-0.00508179972678236j),3556.515478769988
4447,4447,10.44469375,0.0027256447890089,(-0.012182407246734934-0.01162194989960312j),3557.3154147751093,(-0.01218240724673505-0.011621949899604252j),3557.3154147751093
4448,4448,10.44479375,0.0029432224302398,(-0.016305447830284172-0.009308086779815471j),3558.115350780231,(-0.016305447830287922-0.009308086779810171j),3558.115350780231
4449,4449,10.44489375,0.003757998070679,(0.00539201864455055-0.015145780509357429j),3558.915286785352,(0.005392018644548085-0.01514578050935983j),3558.9152867853522
4450,4450,10.44499375,0.0057137128505962,(-0.009628559677073389-0.03122666396318163j),3559.715222790474,(-0.009628559677073663-0.031226663963181037j),3559.715222790474
4451,4451,10.44509375,0.0049178481870577,(0.020463910975671986-0.011213314660565438j),3560.515158795595,(0.020463910975673703-0.011213314660565963j),3560.515158795595
4452,4452,10.44519375,0.0057312058001303,(-0.027013396211780952+0.01012656762754019j),3561.315094800717,(-0.02701339621178086+0.01012656762753963j),3561.315094800717
4453,4453,10.44529375,0.0055392063312407,(0.014870533135954284-0.00589644308243633j),3562.115030805838,(0.014870533135954163-0.005896443082439068j),3562.115030805838
4454,4454,10.44539375,0.0057084852885986,(0.00086633996191833+0.0065286124168141705j),3562.91496681096,(0.0008663399619138353+0.006528612416812837j),3562.91496681096
4455,4455,10.44549375,0.0055157699166535,(0.011018637531513475+0.026423929063185518j),3563.714902816081,(0.011018637531516287+0.02642392906318428j),3563.714902816081
4456,4456,10.44559375,0.0058750620459409,(0.0009297999890352324+0.006402160169915164j),3564.5148388212024,(0.0009297999890379516+0.00640216016990788j),3564.5148388212024
4457,4457,10.44569375,0.0055883537619026,(-0.006582683974381881-0.007750426691186047j),3565.314774826324,(-0.006582683974379669-0.0077504266911838865j),3565.314774826324
4458,4458,10.44579375,0.005612927176226,(0.006482855798757664-0.010115271491819202j),3566.1147108314453,(0.006482855798757094-0.010115271491820791j),3566.1147108314453
4459,4459,10.44589375,0.0049626196978805,(-0.017580812160478475+0.03380743925325928j),3566.914646836567,(-0.017580812160480835+0.03380743925326171j),3566.914646836567
4460,4460,10.44599375,0.0048871651186644,(-0.0009177241334589166-0.01403645159086598j),3567.7145828416883,(-0.0009177241334585497-0.014036451590862887j),3567.7145828416883
4461,4461,10.44609375,0.0055915856817748,(-0.022851029117462507-0.01939709268538711j),3568.51451884681,(-0.0228510291174652-0.01939709268538728j),3568.51451884681
4462,4462,10.44619375,0.0066495499517866,(-0.007059517724803007-0.010803960281497882j),3569.3144548519317,(-0.007059517724802391-0.010803960281496574j),3569.3144548519313
4463,4463,10.44629375,0.0069210063520991,(-0.0029500833782890624-0.02467998646522484j),3570.114390857053,(-0.0029500833782872167-0.024679986465225484j),3570.114390857053
4464,4464,10.44639375,0.0061137958262722,(-0.005562034543721385-0.003315415731977361j),3570.914326862174,(-0.0055620345437239075-0.0033154157319726122j),3570.914326862174
4465,4465,10.44649375,0.0070357989256262,(-0.013338690460694073+0.014976113101891888j),3571.7142628672955,(-0.013338690460693615+0.01497611310189558j),3571.7142628672955
4466,4466,10.44659375,0.0087157236695377,(-0.02979088985291645+0.006592665963346261j),3572.514198872417,(-0.029790889852909255+0.006592665963339851j),3572.514198872417
4467,4467,10.44669375,0.0096230754402954,(-0.013921145815159198-0.008009865868537656j),3573.3141348775384,(-0.013921145815160763-0.00800986586853589j),3573.3141348775384
4468,4468,10.44679375,0.008419350683477,(-0.018691087314609906-0.010945247080779784j),3574.11407088266,(-0.01869108731460877-0.010945247080778944j),3574.11407088266
4469,4469,10.44689375,0.0079858798359593,(-0.0033115633537613037-0.0180111135958226j),3574.9140068877814,(-0.0033115633537634174-0.018011113595820572j),3574.9140068877814
4470,4470,10.44699375,0.0078075677911226,(-0.011206000125634802-0.022583500402688327j),3575.713942892903,(-0.011206000125637541-0.022583500402688857j),3575.713942892903
4471,4471,10.44709375,0.0079816732332508,(0.0020800185018025725+0.012878583270205319j),3576.5138788980244,(0.002080018501803503+0.012878583270205688j),3576.5138788980244
4472,4472,10.44719375,0.0074492895031745,(0.009578102071392269-0.012513851110815655j),3577.313814903146,(0.009578102071390973-0.01251385111081638j),3577.313814903146
4473,4473,10.44729375,0.0069818548347035,(0.012159289314163628-0.0012224644737900726j),3578.113750908268,(0.012159289314166205-0.0012224644737913405j),3578.1137509082673
4474,4474,10.44739375,0.0074219089726727,(0.009823058122828783-0.0114148599459517j),3578.9136869133886,(0.009823058122831473-0.011414859945954908j),3578.9136869133886
4475,4475,10.44749375,0.0084287207095872,(0.005346965875309059-0.03191592616329075j),3579.7136229185103,(0.005346965875305158-0.031915926163289j),3579.7136229185103
4476,4476,10.44759375,0.0076703019770661,(0.009201289061179136+0.010835064131907081j),3580.5135589236315,(0.009201289061179972+0.010835064131907005j),3580.5135589236315
4477,4477,10.44769375,0.0074138970380529,(0.0219811841253102+0.026835922530102703j),3581.313494928753,(0.02198118412530832+0.02683592253010193j),3581.3134949287532
4478,4478,10.44779375,0.0079697524218184,(0.012458313936933436+0.009029704700257659j),3582.1134309338745,(0.012458313936935271+0.009029704700253483j),3582.1134309338745
4479,4479,10.44789375,0.0087465881353704,(-0.0418913130734036+0.006785469761447782j),3582.913366938996,(-0.04189131307340617+0.0067854697614484275j),3582.913366938996
4480,4480,10.44799375,0.0074365352408991,(-0.009840363493753529-0.014320427683275655j),3583.713302944117,(-0.009840363493750457-0.014320427683277709j),3583.7133029441175
4481,4481,10.44809375,0.0073105046948301,(-0.010170889272992758+0.008127685356487975j),3584.513238949239,(-0.010170889272991826+0.008127685356486464j),3584.513238949239
4482,4482,10.44819375,0.0082951482790082,(-0.011640097424328314+0.0156731555218853j),3585.3131749543604,(-0.01164009742433087+0.015673155521884023j),3585.3131749543604
4483,4483,10.44829375,0.007766942666839,(-0.007021298454975644+0.002077228467551538j),3586.1131109594817,(-0.007021298454976164+0.0020772284675533185j),3586.1131109594817
4484,4484,10.44839375,0.0069922667596599,(-0.00954212958864491-0.012190421652690301j),3586.9130469646034,(-0.00954212958864289-0.012190421652691862j),3586.9130469646034
4485,4485,10.44849375,0.0080754119974447,(-0.008191994886801666+0.0024617514355381644j),3587.7129829697246,(-0.008191994886803595+0.0024617514355336793j),3587.7129829697246
4486,4486,10.44859375,0.0075886307225493,(-0.0045129199790441025-0.003117700252078345j),3588.5129189748463,(-0.004512919979039367-0.003117700252077964j),3588.5129189748463
4487,4487,10.44869375,0.008133404165458,(-0.028584786518949867-0.03263903871105179j),3589.312854979968,(-0.028584786518949325-0.03263903871105221j),3589.3128549799676
4488,4488,10.44879375,0.0079578751382782,(-0.03843541222702385-0.02440155645550502j),3590.1127909850893,(-0.03843541222702616-0.02440155645550644j),3590.1127909850893
4489,4489,10.44889375,0.0086034185420042,(-0.009623473009740554-0.01739118752390651j),3590.9127269902106,(-0.009623473009742999-0.017391187523904734j),3590.9127269902106
4490,4490,10.44899375,0.0078884580397525,(-0.021609383620887712-0.007636559405219244j),3591.712662995332,(-0.02160938362088623-0.007636559405221812j),3591.712662995332
4491,4491,10.44909375,0.0070350426474492,(-0.02070214421100882+0.002314501817977455j),3592.512599000453,(-0.020702144211006464+0.0023145018179753733j),3592.5125990004535
4492,4492,10.44919375,0.00722580199938,(0.014603018100299405-0.020658537934808513j),3593.312535005575,(0.014603018100300444-0.02065853793480848j),3593.312535005575
4493,4493,10.44929375,0.0058903337160515,(-0.011885183741961958+0.0030571764234169395j),3594.1124710106965,(-0.011885183741965651+0.0030571764234161997j),3594.1124710106965
4494,4494,10.44939375,0.0055965650529956,(0.027764286386346586-0.004239030430188091j),3594.9124070158177,(0.027764286386349427-0.004239030430186069j),3594.9124070158177
4495,4495,10.44949375,0.0051728989475773,(0.021427330750808257-0.0013811016470247298j),3595.7123430209394,(0.021427330750805537-0.0013811016470267404j),3595.7123430209394
4496,4496,10.44959375,0.0049322684732451,(0.006824415074581003-0.021789349297492475j),3596.5122790260607,(0.006824415074577816-0.02178934929749106j),3596.5122790260607
4497,4497,10.44969375,0.0055681556630546,(-0.0035015296648941907-0.01632365740072385j),3597.3122150311824,(-0.0035015296648933294-0.016323657400720178j),3597.3122150311824
4498,4498,10.44979375,0.005285019505485,(-0.0021167539842406693+0.01079515314340946j),3598.112151036304,(-0.002116753984242523+0.010795153143415314j),3598.1121510363037
4499,4499,10.44989375,0.0060408257669391,(-0.006817911484315694-0.03229722606012923j),3598.912087041425,(-0.006817911484319588-0.032297226060127235j),3598.912087041425
4500,4500,10.44999375,0.0058120144947411,(0.017541281332699638-0.044869104691864926j),3599.7120230465466,(0.017541281332695117-0.044869104691861346j),3599.7120230465466
4501,4501,10.45009375,0.0058039988869501,(-0.013520110749217235-0.021030567114620164j),3600.511959051668,(-0.013520110749217253-0.021030567114622156j),3600.511959051668
4502,4502,10.45019375,0.0037552047630034,(-0.03249164382327858-0.020704221626765138j),3601.3118950567896,(-0.03249164382327798-0.0207042216267644j),3601.3118950567896
4503,4503,10.45029375,0.003480261155828,(-0.05169365663547229-0.01115650346583683j),3602.111831061911,(-0.051693656635473914-0.011156503465838314j),3602.111831061911
4504,4504,10.45039375,0.0036484222405753,(-0.015381214208981472-0.005964279785492635j),3602.911767067033,(-0.015381214208979458-0.005964279785487847j),3602.9117670670325
4505,4505,10.45049375,0.0028072125289823,(-0.017711995790490626+0.0037411486181146243j),3603.711703072154,(-0.01771199579048922+0.0037411486181200626j),3603.711703072154
4506,4506,10.45059375,0.0026743271139204,(0.0008103166203407633-0.016928084922983595j),3604.511639077276,(0.0008103166203349641-0.01692808492297886j),3604.5116390772755
4507,4507,10.45069375,0.003526904225284,(0.017995546795747448+0.018601019530757067j),3605.3115750823968,(0.017995546795747913+0.01860101953075765j),3605.3115750823968
4508,4508,10.45079375,0.0038933645434001,(-0.026934737451534303+0.014874171527789198j),3606.111511087518,(-0.026934737451531934+0.014874171527787831j),3606.111511087518
4509,4509,10.45089375,0.0040198064610161,(-0.02366503189692903-0.013564084654695677j),3606.91144709264,(-0.023665031896927282-0.013564084654693796j),3606.9114470926397
4510,4510,10.45099375,0.0044555122108284,(-0.028400237698096246+0.0026306337635057207j),3607.711383097761,(-0.02840023769809085+0.002630633763506928j),3607.711383097761
4511,4511,10.45109375,0.0039258103085024,(0.029675949392799026+0.013618376204761825j),3608.511319102882,(0.02967594939280067+0.013618376204764348j),3608.5113191028827
4512,4512,10.45119375,0.0032393751382809,(-0.016221880183817112+0.026236069975198655j),3609.311255108004,(-0.01622188018381961+0.026236069975197708j),3609.311255108004
4513,4513,10.45129375,0.0027180314922736,(0.011151479443728216+0.025528357235115817j),3610.1111911131256,(0.011151479443725092+0.025528357235114606j),3610.1111911131256
4514,4514,10.45139375,0.0040868973872256,(0.0022478556756362345-0.02945078757973704j),3610.911127118247,(0.0022478556756352647-0.029450787579738638j),3610.911127118247
4515,4515,10.45149375,0.0040650171602828,(-0.01621276516285548-0.027889887692166906j),3611.7110631233686,(-0.0162127651628513-0.027889887692170986j),3611.7110631233686
4516,4516,10.45159375,0.0024510855291989,(-0.03643835050660876-0.0020064153741005727j),3612.51099912849,(-0.036438350506613454-0.0020064153741007496j),3612.51099912849
4517,4517,10.45169375,0.0036187144787982,(-0.007098079880451088-0.017628581368165284j),3613.310935133611,(-0.007098079880454005-0.017628581368168895j),3613.310935133611
4518,4518,10.45179375,0.0027521716551878,(0.0014874772583008654-0.0023133187846294447j),3614.110871138733,(0.0014874772583052915-0.0023133187846293354j),3614.110871138733
4519,4519,10.45189375,0.0041998856219149,(0.025411567199901612-0.005993004398811859j),3614.910807143854,(0.025411567199900665-0.00599300439881008j),3614.910807143854
4520,4520,10.45199375,0.0013687123793733,(-0.03988841307407145-0.028041570456197405j),3615.710743148976,(-0.039888413074071885-0.02804157045619682j),3615.710743148976
4521,4521,10.45209375,0.0022435291255403,(-0.015277260060178663-0.00045009640372494484j),3616.510679154097,(-0.01527726006017956-0.00045009640372672705j),3616.510679154097
4522,4522,10.45219375,0.00062228540162,(-0.0027775501289620257+0.008217651401133952j),3617.3106151592183,(-0.0027775501289642552+0.008217651401136415j),3617.3106151592187
4523,4523,10.45229375,0.0022875420412838,(-0.012364562896660736-0.007134389903232594j),3618.11055116434,(-0.01236456289666148-0.007134389903231075j),3618.11055116434
4524,4524,10.45239375,0.0010290125957855,(0.009955220748636993-0.0028468618629597466j),3618.9104871694617,(0.009955220748637653-0.0028468618629616535j),3618.9104871694617
4525,4525,10.45249375,0.0020590376162017,(-0.027830138971743756+0.006297840870690342j),3619.710423174583,(-0.027830138971743718+0.006297840870693823j),3619.710423174583
4526,4526,10.45259375,0.0020120311497103,(-0.007116954618119438-0.018952488085873274j),3620.510359179704,(-0.007116954618117781-0.018952488085870214j),3620.510359179704
4527,4527,10.45269375,0.0051231429579495,(0.005591384165902576+0.0019965371020196224j),3621.310295184826,(0.005591384165903699+0.0019965371020209915j),3621.310295184826
4528,4528,10.45279375,0.004514923958935,(-0.005309706809753537-0.004305766615571939j),3622.110231189947,(-0.005309706809753617-0.0043057666155684165j),3622.110231189947
4529,4529,10.45289375,0.0063434762334505,(-0.04024212055198817-0.02317458854828678j),3622.910167195069,(-0.04024212055198806-0.023174588548289653j),3622.910167195069
4530,4530,10.45299375,0.0045788519285241,(0.025147742631350833-0.04557422572089165j),3623.71010320019,(0.02514774263135227-0.04557422572089506j),3623.71010320019
4531,4531,10.45309375,0.0053914242167569,(-0.015172509978421596+0.014573061579980996j),3624.510039205312,(-0.015172509978422212+0.014573061579983261j),3624.510039205312
4532,4532,10.45319375,0.0048774188917795,(0.0029520246428229547-0.01200408897432511j),3625.309975210433,(0.0029520246428209893-0.012004088974324393j),3625.309975210433
4533,4533,10.45329375,0.0041940152228717,(-0.0008725079925268227+0.034043458709206914j),3626.109911215555,(-0.000872507992526271+0.03404345870920974j),3626.109911215555
4534,4534,10.45339375,0.0028825674619482,(-0.015140817055565027+0.006780604506782717j),3626.909847220676,(-0.01514081705556482+0.006780604506785668j),3626.909847220676
4535,4535,10.45349375,0.002770675397003,(0.0040125316326811026-0.013426191612750372j),3627.709783225797,(0.004012531632680299-0.013426191612747402j),3627.7097832257973
4536,4536,10.45359375,0.0040694515118245,(-0.04627855888545468-0.014762600826113017j),3628.509719230919,(-0.046278558885452965-0.014762600826109864j),3628.509719230919
4537,4537,10.45369375,0.0050251779928334,(-0.009400625574352726+0.031382043851190373j),3629.30965523604,(-0.00940062557435211+0.03138204385119169j),3629.3096552360403
4538,4538,10.45379375,0.00383002491488,(-0.001473925528890461+0.00363156807597663j),3630.109591241162,(-0.0014739255288880276+0.003631568075973521j),3630.109591241162
4539,4539,10.45389375,0.0043714339025528,(-0.01126638928198083-0.013287623785532412j),3630.9095272462832,(-0.011266389281984961-0.013287623785534946j),3630.9095272462832
4540,4540,10.45399375,0.00657811692149,(-0.009475419839718793-0.016058695428256796j),3631.709463251405,(-0.009475419839719886-0.016058695428254333j),3631.709463251405
4541,4541,10.45409375,0.0070266974591779,(-0.030546314617957638-0.011498679668044305j),3632.509399256526,(-0.030546314617955258-0.01149867966804585j),3632.509399256526
4542,4542,10.45419375,0.0076601244711469,(-0.009360719824136417-0.007757199390230445j),3633.309335261648,(-0.009360719824131617-0.007757199390228984j),3633.309335261648
4543,4543,10.45429375,0.0081784468392506,(-0.004560813679101024+0.010674586945888402j),3634.109271266769,(-0.0045608136791014595+0.010674586945886622j),3634.109271266769
4544,4544,10.45439375,0.008291321687784,(-0.013488106831417813+0.0037898201366003527j),3634.9092072718895,(-0.013488106831418527+0.003789820136601397j),3634.9092072718904
4545,4545,10.45449375,0.0073035266878031,(-0.033669931878775726-0.008707086639522738j),3635.709143277012,(-0.0336699318787738-0.00870708663952468j),3635.709143277012
4546,4546,10.45459375,0.0071670113973289,(-0.000757343761899572-0.0020602470414646324j),3636.509079282133,(-0.0007573437619006627-0.002060247041466859j),3636.5090792821334
4547,4547,10.45469375,0.0073785275220072,(-0.008838930905383423-0.007701251274623516j),3637.309015287255,(-0.008838930905386106-0.007701251274624973j),3637.309015287255
4548,4548,10.45479375,0.0072287104529243,(-0.017473446409987596-0.02162459856187482j),3638.108951292376,(-0.01747344640998728-0.021624598561875524j),3638.1089512923763
4549,4549,10.45489375,0.0051409794682572,(0.008270572929892056+0.02195995567101957j),3638.908887297498,(0.00827057292989277+0.021959955671018848j),3638.908887297498
4550,4550,10.45499375,0.005901448565388,(0.021374520610988275-0.005763483139021224j),3639.7088233026193,(0.021374520610982967-0.0057634831390262695j),3639.7088233026193
4551,4551,10.45509375,0.0052788700637652,(0.011436541566219573-0.0017535607938500546j),3640.508759307741,(0.011436541566218303-0.001753560793848659j),3640.508759307741
4552,4552,10.45519375,0.0078357369787815,(0.027404032419263154+0.02815756974872533j),3641.3086953128623,(0.02740403241926408+0.028157569748729534j),3641.3086953128623
4553,4553,10.45529375,0.0081741275752524,(-0.007371117949989316+0.02291304557813928j),3642.108631317984,(-0.007371117949990801+0.022913045578136757j),3642.1086313179835
4554,4554,10.45539375,0.0085976515088304,(0.03926141545924539-0.043773253082383064j),3642.908567323105,(0.039261415459244185-0.043773253082383695j),3642.908567323105
4555,4555,10.45549375,0.0095445349900083,(0.0033751958878516634+0.0003127332441421784j),3643.7085033282265,(0.0033751958878509847+0.0003127332441355238j),3643.7085033282265
4556,4556,10.45559375,0.0099197589946217,(-0.014175822112261878-0.005786360824360973j),3644.508439333348,(-0.014175822112261876-0.005786360824360832j),3644.508439333348
4557,4557,10.45569375,0.008527672075469,(0.008095650595805935+0.04039687167702101j),3645.308375338469,(0.008095650595805567+0.040396871677020545j),3645.3083753384694
4558,4558,10.45579375,0.0073689307872922,(-0.021329142972799812-0.018809583536837537j),3646.108311343591,(-0.02132914297279815-0.01880958353683581j),3646.108311343591
4559,4559,10.45589375,0.0067744132613172,(0.0298165961213541+0.01941688706871846j),3646.908247348712,(0.029816596121356433+0.01941688706872146j),3646.9082473487124
4560,4560,10.45599375,0.008301675154467,(-0.01743812225565137-0.019623960651785857j),3647.7081833538336,(-0.017438122255657044-0.019623960651784806j),3647.7081833538336
4561,4561,10.45609375,0.0068823158536619,(0.006966464513696987+0.023053836899626368j),3648.5081193589554,(0.006966464513694935+0.023053836899628605j),3648.5081193589554
4562,4562,10.45619375,0.006707388772141,(-0.025071007113993373-0.004156747317581581j),3649.3080553640766,(-0.025071007113995153-0.004156747317583502j),3649.3080553640766
4563,4563,10.45629375,0.0071098960742462,(-0.020337353502823445+0.0030918186791745947j),3650.1079913691983,(-0.020337353502820524+0.003091818679175356j),3650.1079913691983
4564,4564,10.45639375,0.0086389534047354,(-0.04297388428065593-0.003498470017534807j),3650.90792737432,(-0.042973884280653005-0.0034984700175379087j),3650.9079273743196
4565,4565,10.45649375,0.0091548731831666,(-0.024543412421038913-0.04074783999000567j),3651.707863379441,(-0.024543412421039943-0.04074783999000302j),3651.7078633794413
4566,4566,10.45659375,0.0070632706956252,(-0.004452125036211153-0.028870091347093785j),3652.5077993845625,(-0.004452125036213448-0.028870091347097324j),3652.5077993845625
4567,4567,10.45669375,0.0070482332049342,(0.05675248582546681-0.022873893359833794j),3653.307735389684,(0.05675248582546704-0.02287389335983226j),3653.3077353896842
4568,4568,10.45679375,0.0076823984342527,(0.033141662933548525-0.014066940471795793j),3654.1076713948055,(0.03314166293355074-0.014066940471793826j),3654.1076713948055
4569,4569,10.45689375,0.0070201861350281,(-0.04388262335035166+0.03295730879052908j),3654.907607399927,(-0.04388262335034835+0.03295730879052712j),3654.9076073999267
4570,4570,10.45699375,0.0064730174569121,(0.0028380680948995587-0.014494459699015447j),3655.707543405049,(0.00283806809489651-0.014494459699013792j),3655.7075434050485
4571,4571,10.45709375,0.0061814594521525,(0.04973392518991182+0.015122147528416497j),3656.5074794101697,(0.049733925189910495+0.015122147528415685j),3656.5074794101697
4572,4572,10.45719375,0.007621065342678,(-0.03123209745391558-0.025525987476928948j),3657.3074154152914,(-0.03123209745391576-0.025525987476929392j),3657.3074154152914
4573,4573,10.45729375,0.0083014080822117,(-0.03137760559786772+0.02426643235337069j),3658.1073514204127,(-0.031377605597865246+0.02426643235337608j),3658.1073514204127
4574,4574,10.45739375,0.007561235947026,(-0.05039879934078783-0.016264349405543714j),3658.9072874255344,(-0.05039879934079284-0.01626434940554051j),3658.9072874255344
4575,4575,10.45749375,0.0074323013029244,(-0.017651857555556188+0.06677994340711316j),3659.707223430656,(-0.017651857555558544+0.06677994340710999j),3659.7072234306556
4576,4576,10.45759375,0.0074835005851004,(-0.05882912320262954+0.03232142129817159j),3660.507159435777,(-0.05882912320263064+0.03232142129817288j),3660.5071594357773
4577,4577,10.45769375,0.0060588935886602,(-0.010714614331826775-0.01612588581784506j),3661.3070954408986,(-0.010714614331828434-0.016125885817844646j),3661.3070954408986
4578,4578,10.45779375,0.0048919927133495,(-0.05422605875896737-0.0005224826429854959j),3662.10703144602,(-0.054226058758968305-0.0005224826429872506j),3662.10703144602
4579,4579,10.45789375,0.0048015916435955,(0.007017431909811615-0.004843445591670737j),3662.9069674511416,(0.007017431909811011-0.0048434455916697445j),3662.9069674511416
4580,4580,10.45799375,0.0050884312423674,(0.0005357850350405768+0.039535949291760374j),3663.706903456263,(0.0005357850350426632+0.03953594929175669j),3663.706903456263
4581,4581,10.45809375,0.0035346052237783,(-0.030015338481483793+0.06021833441402091j),3664.506839461385,(-0.03001533848148375+0.06021833441402172j),3664.5068394613845
4582,4582,10.45819375,0.0047278671938987,(-0.0023018973787354317-0.015449356251010857j),3665.3067754665058,(-0.002301897378736142-0.015449356251008744j),3665.3067754665058
4583,4583,10.45829375,0.0055241636551897,(-0.012695410425685928-0.015864982168126783j),3666.106711471628,(-0.012695410425685871-0.015864982168127442j),3666.1067114716275
4584,4584,10.45839375,0.006295649201949,(-0.04571028772889979-0.038937177680418184j),3666.9066474767487,(-0.04571028772890295-0.03893717768041907j),3666.9066474767487
4585,4585,10.45849375,0.0045305916539361,(0.012798851337179127-0.0211009093202136j),3667.7065834818704,(0.012798851337184476-0.021100909320214266j),3667.7065834818704
4586,4586,10.45859375,0.0044019864393813,(-0.009954799261677999-0.06353889784836365j),3668.506519486992,(-0.009954799261674602-0.06353889784836844j),3668.5065194869917
4587,4587,10.45869375,0.0046386837150382,(-0.03385707708347957-0.03148974321924658j),3669.306455492113,(-0.03385707708347725-0.03148974321924942j),3669.306455492113
4588,4588,10.45879375,0.0047311203842211,(-0.018555903050927938+0.024236854566768582j),3670.106391497234,(-0.018555903050926918+0.02423685456676694j),3670.1063914972347
4589,4589,10.45889375,0.0037205000826369,(-0.017087157990085897+0.006977027621048828j),3670.906327502356,(-0.01708715799008674+0.006977027621048994j),3670.906327502356
4590,4590,10.45899375,0.0032124233113727,(0.03456275502994367-0.015403683676446988j),3671.7062635074776,(0.03456275502994195-0.01540368367644537j),3671.7062635074776
4591,4591,10.45909375,0.0029578839015425,(0.014133498736162984-0.0253089248166029j),3672.506199512599,(0.014133498736163925-0.025308924816603205j),3672.506199512599
4592,4592,10.45919375,0.0048739212646493,(-0.027879652329202455+0.020037924588324103j),3673.3061355177206,(-0.027879652329205966+0.020037924588327947j),3673.3061355177206
4593,4593,10.45929375,0.0044366738415958,(0.019396953889811882+0.018364066241609196j),3674.106071522842,(0.01939695388981161+0.018364066241608846j),3674.106071522842
4594,4594,10.45939375,0.0031043255618931,(0.007618136438270534+0.015126032759361193j),3674.906007527964,(0.007618136438269455+0.01512603275936117j),3674.9060075279635
4595,4595,10.45949375,0.0035299371816094,(0.01165114220601353-0.012107371407118678j),3675.705943533085,(0.011651142206010861-0.012107371407122427j),3675.705943533085
4596,4596,10.45959375,0.0032174786306455,(0.011533901382603358-0.0008028973037714909j),3676.505879538206,(0.011533901382605285-0.0008028973037713678j),3676.505879538206
4597,4597,10.45969375,0.0037125783086695,(0.011379848994519218+0.031660376639991286j),3677.305815543328,(0.011379848994517874+0.03166037663999268j),3677.3058155433278
4598,4598,10.45979375,0.0027441927605497,(-0.018748744852652086+0.018357130229594676j),3678.105751548449,(-0.018748744852653088+0.018357130229591626j),3678.105751548449
4599,4599,10.45989375,0.0023298896709673,(-0.04049366028558477-0.006742300514663197j),3678.9056875535703,(-0.04049366028558452-0.00674230051466305j),3678.9056875535707
4600,4600,10.45999375,0.0016834886354541,(-0.00648971014384635-0.023047264352347947j),3679.705623558692,(-0.0064897101438402-0.02304726435234466j),3679.705623558692
4601,4601,10.46009375,0.0019879236889155,(-0.02153077720478271+0.0038788655536002217j),3680.5055595638137,(-0.021530777204786633+0.0038788655535999294j),3680.5055595638137
4602,4602,10.46019375,0.0033730997148212,(-0.011968172821270311-0.021188523666405935j),3681.305495568935,(-0.011968172821272948-0.02118852366640964j),3681.305495568935
4603,4603,10.46029375,0.0037006379735449,(-0.027302380738311392-0.050907723386150024j),3682.1054315740566,(-0.027302380738307652-0.05090772338615149j),3682.1054315740566
4604,4604,10.46039375,0.0031863148858137,(0.028598503092117818-0.04058825423358536j),3682.905367579178,(0.02859850309211895-0.0405882542335831j),3682.905367579178
4605,4605,10.46049375,0.0038726915690123,(0.01897882617709198-0.02562991459092223j),3683.705303584299,(0.01897882617709397-0.02562991459091979j),3683.705303584299
4606,4606,10.46059375,0.0049437024052351,(0.0546535350670434-0.011467084937119764j),3684.505239589421,(0.05465353506704618-0.011467084937120498j),3684.505239589421
4607,4607,10.46069375,0.0058532578196907,(-0.015501364177587627+0.016096657068667915j),3685.305175594542,(-0.015501364177584112+0.016096657068670646j),3685.305175594542
4608,4608,10.46079375,0.0039413853254102,(-0.003920980103267443+0.0196684399816036j),3686.105111599664,(-0.00392098010326773+0.019668439981602975j),3686.105111599664
4609,4609,10.46089375,0.0030963741981216,(0.06384767474301206-0.02187685584003411j),3686.905047604785,(0.06384767474301334-0.021876855840033706j),3686.905047604785
4610,4610,10.46099375,0.0021545862845259,(-0.0010835926951821657-0.03285067965620207j),3687.704983609907,(-0.0010835926951814345-0.03285067965619911j),3687.704983609907
4611,4611,10.46109375,0.0035905262733131,(-0.024914317656100502-0.060063701991352095j),3688.504919615028,(-0.024914317656104194-0.06006370199135218j),3688.504919615028
4612,4612,10.46119375,0.0029504901325276,(0.02296024860097829+0.030736853363818976j),3689.3048556201497,(0.022960248600979033+0.03073685336381884j),3689.3048556201497
4613,4613,10.46129375,0.0026564810833608,(-0.00927870839860741+0.02180918568446401j),3690.104791625271,(-0.00927870839860873+0.02180918568446488j),3690.104791625271
4614,4614,10.46139375,0.0037071055240489,(-0.0046428104544827264+0.027502028439335132j),3690.904727630392,(-0.004642810454485585+0.027502028439338137j),3690.9047276303922
4615,4615,10.46149375,0.0039496339522824,(-0.01776558261458736+0.015223989281165631j),3691.704663635514,(-0.017765582614585575+0.015223989281167052j),3691.704663635514
4616,4616,10.46159375,0.0045731641880069,(-0.013940886499313042-0.0011727175353405707j),3692.504599640635,(-0.013940886499314785-0.0011727175353386363j),3692.504599640635
4617,4617,10.46169375,0.0059907821542354,(-0.05141791754897068-0.004671585734956057j),3693.304535645757,(-0.051417917548969724-0.004671585734953743j),3693.304535645757
4618,4618,10.46179375,0.0068081038623499,(-0.0013259691654142723+0.017608972575887855j),3694.104471650878,(-0.0013259691654112682+0.01760897257589181j),3694.104471650878
4619,4619,10.46189375,0.0060595643804558,(0.0033244531971858065-0.013336517608295219j),3694.904407656,(0.0033244531971897704-0.013336517608294352j),3694.904407656
4620,4620,10.46199375,0.0054514855660735,(-0.02050406352478754-0.02558308914760527j),3695.704343661121,(-0.02050406352478477-0.025583089147603606j),3695.704343661121
4621,4621,10.46209375,0.0054956567356102,(0.026024911426610856-0.04571022912622908j),3696.504279666243,(0.026024911426611258-0.045710229126230635j),3696.504279666243
4622,4622,10.46219375,0.0041786770183227,(-0.018175099974822514+0.032608516138817746j),3697.304215671364,(-0.018175099974821095+0.03260851613881592j),3697.304215671364
4623,4623,10.46229375,0.0033091275104079,(0.015392735360009308+0.017986645596080507j),3698.104151676485,(0.015392735360012465+0.017986645596079473j),3698.1041516764853
4624,4624,10.46239375,0.0040582331163547,(-0.003175875202849719-0.005952349543101044j),3698.904087681607,(-0.003175875202843329-0.0059523495431085035j),3698.904087681607
4625,4625,10.46249375,0.0048904876792576,(-0.004459477911100466+0.021091268285398913j),3699.704023686728,(-0.004459477911100518+0.02109126828539925j),3699.7040236867283
4626,4626,10.46259375,0.0061611410085359,(-0.04846014699795246-0.011912885447000693j),3700.50395969185,(-0.04846014699795439-0.011912885447000683j),3700.50395969185
4627,4627,10.46269375,0.0060296642097376,(0.04543935773392187+0.061319200625196836j),3701.3038956969713,(0.04543935773392331+0.06131920062519276j),3701.3038956969713
4628,4628,10.46279375,0.0075262470576186,(-0.05851441162772654-0.04572901433724084j),3702.103831702093,(-0.058514411627727136-0.04572901433723815j),3702.103831702093
4629,4629,10.46289375,0.0066877079373002,(-0.006220684223952982+0.006323452670471545j),3702.9037677072142,(-0.006220684223950381+0.006323452670470799j),3702.9037677072142
4630,4630,10.46299375,0.0085703911320855,(0.0005031741363640783-0.01904724262859528j),3703.703703712336,(0.0005031741363648069-0.019047242628591917j),3703.7037037123355
4631,4631,10.46309375,0.0086615210558903,(-0.022824854099341027-0.035992042597401j),3704.503639717457,(-0.022824854099340028-0.03599204259740236j),3704.503639717457
4632,4632,10.46319375,0.0083245070896159,(0.01606715622060878-0.010643239223456152j),3705.3035757225775,(0.016067156220614207-0.010643239223455902j),3705.3035757225784
4633,4633,10.46329375,0.0072719489031699,(0.0003867810352597581+0.012733989234781654j),3706.1035117277,(0.00038678103526014126+0.012733989234783987j),3706.1035117277
4634,4634,10.46339375,0.0062568346893941,(-0.06776252237481505-0.03447587854763673j),3706.903447732821,(-0.06776252237481575-0.03447587854763774j),3706.9034477328214
4635,4635,10.46349375,0.0063697268828161,(0.004478384453667397+0.022570651157037266j),3707.703383737943,(0.004478384453665381+0.022570651157035253j),3707.703383737943
4636,4636,10.46359375,0.0058953059858025,(0.027659769734692675+0.028202045044419134j),3708.503319743064,(0.027659769734691787+0.02820204504441524j),3708.5033197430644
4637,4637,10.46369375,0.00557787681028,(0.03387644819401673-0.033940068520085395j),3709.303255748186,(0.03387644819401927-0.033940068520085305j),3709.303255748186
4638,4638,10.46379375,0.0076281222338349,(-0.017406821120812672+0.042979559361202666j),3710.1031917533073,(-0.017406821120808914+0.04297955936119957j),3710.1031917533073
4639,4639,10.46389375,0.0084425853979626,(-0.0009779707027598884+0.06475835393966566j),3710.9031277584286,(-0.0009779707027598261+0.06475835393966689j),3710.9031277584286
4640,4640,10.46399375,0.0086940839671101,(0.004474750097317482+0.014515054654053854j),3711.7030637635503,(0.004474750097315307+0.014515054654056461j),3711.7030637635503
4641,4641,10.46409375,0.0079807358939903,(0.011468959854748627+0.028222067698877522j),3712.502999768672,(0.01146895985474851+0.028222067698877033j),3712.5029997686715
4642,4642,10.46419375,0.0077938015582445,(0.01702387517026176-0.024151974122750105j),3713.302935773793,(0.01702387517026119-0.024151974122747083j),3713.3029357737933
4643,4643,10.46429375,0.0091934406825685,(-0.0018815481753353379-0.01254555738091822j),3714.1028717789145,(-0.0018815481753308718-0.012545557380915218j),3714.1028717789145
4644,4644,10.46439375,0.0075624873308856,(0.005313933640593068+0.025507511979595214j),3714.902807784036,(0.005313933640590889+0.025507511979591287j),3714.902807784036
4645,4645,10.46449375,0.0074818269195943,(0.03982487858150213+0.008849266683525921j),3715.7027437891575,(0.03982487858149815+0.008849266683529285j),3715.7027437891575
4646,4646,10.46459375,0.0072815599194008,(-0.010695449037853907+0.04322489947456442j),3716.502679794279,(-0.010695449037853851+0.04322489947456305j),3716.502679794279
4647,4647,10.46469375,0.0079792738279717,(-0.007055791335822307-0.008743388568212256j),3717.3026157994,(-0.007055791335823337-0.008743388568211939j),3717.3026157994004
4648,4648,10.46479375,0.0069650336720491,(-0.014928433522173296+0.013949656094846498j),3718.1025518045217,(-0.014928433522170968+0.013949656094845601j),3718.1025518045217
4649,4649,10.46489375,0.0068903401978518,(0.0013855425642280055+0.02049331548373607j),3718.9024878096434,(0.0013855425642254407+0.020493315483738433j),3718.9024878096434
4650,4650,10.46499375,0.0070990135572009,(-0.0011346450079100304+0.041769033189711896j),3719.7024238147646,(-0.0011346450079114632+0.04176903318971196j),3719.7024238147646
4651,4651,10.46509375,0.0075082914482425,(-0.014317162295386238-0.06944363992618502j),3720.5023598198864,(-0.01431716229538178-0.06944363992618612j),3720.5023598198864
4652,4652,10.46519375,0.0067752250132521,(0.00975013995026136-0.007340218324084341j),3721.302295825008,(0.009750139950259612-0.007340218324084533j),3721.3022958250076
4653,4653,10.46529375,0.0074426517979481,(0.00239027677489124+0.0344113834451841j),3722.102231830129,(0.002390276774894024+0.03441138344518327j),3722.1022318301293
4654,4654,10.46539375,0.0079706660328675,(0.00221925919707016+0.05271945011302764j),3722.9021678352506,(0.0022192591970692857+0.05271945011302501j),3722.9021678352506
4655,4655,10.46549375,0.0075776408647121,(0.029204843611262413-0.001191497473649071j),3723.702103840372,(0.02920484361126314-0.0011914974736454628j),3723.7021038403723
4656,4656,10.46559375,0.0070484298753217,(-0.05513884942957083-0.05895196578855804j),3724.5020398454935,(-0.05513884942957066-0.05895196578855549j),3724.5020398454935
4657,4657,10.46569375,0.0079611416335947,(0.011070756950735974-0.03262639101752981j),3725.301975850615,(0.011070756950733798-0.032626391017529566j),3725.301975850615
4658,4658,10.46579375,0.00786519684271,(0.06349143200061855-0.014355855321565913j),3726.101911855737,(0.06349143200062168-0.014355855321566904j),3726.1019118557365
4659,4659,10.46589375,0.0070451459123973,(0.01006865640960114-0.015699257888434077j),3726.9018478608577,(0.010068656409600928-0.01569925788843549j),3726.9018478608577
4660,4660,10.46599375,0.0063207526364853,(0.05561229723607647+0.02985134031406713j),3727.70178386598,(0.05561229723607439+0.029851340314068487j),3727.7017838659795
4661,4661,10.46609375,0.0065767430184473,(-0.034875262696360064-0.041744054348071345j),3728.5017198711007,(-0.034875262696361-0.041744054348074794j),3728.5017198711007
4662,4662,10.46619375,0.0075759444203608,(-0.014592614101887648+0.03902948467938936j),3729.3016558762224,(-0.014592614101884865+0.0390294846793873j),3729.3016558762224
4663,4663,10.46629375,0.0053977570987665,(0.05902841837438721-0.003240146621384863j),3730.101591881344,(0.059028418374388374-0.0032401466213830034j),3730.1015918813437
4664,4664,10.46639375,0.0049339975595457,(0.02469658395778218-0.003589375736800389j),3730.9015278864654,(0.024696583957779038-0.003589375736798368j),3730.9015278864654
4665,4665,10.46649375,0.0045727884933951,(0.003379804124282496-0.035648346483520166j),3731.7014638915866,(0.0033798041242826364-0.035648346483524156j),3731.7014638915866
4666,4666,10.46659375,0.0051028161920068,(-0.06388797051062416+0.053328119346796286j),3732.501399896708,(-0.06388797051062464+0.053328119346795724j),3732.501399896708
4667,4667,10.46669375,0.0046545457835641,(0.0024848269276427654+0.023936305452366028j),3733.3013359018296,(0.0024848269276459382+0.023936305452365744j),3733.3013359018296
4668,4668,10.46679375,0.003727740854775,(0.02025069234079552+0.02066696021578011j),3734.101271906951,(0.020250692340795174+0.020666960215781464j),3734.101271906951
4669,4669,10.46689375,0.0044458914769927,(0.01767915451728432-0.04544606121820953j),3734.901207912073,(0.01767915451728435-0.04544606121821118j),3734.9012079120726
4670,4670,10.46699375,0.0035193200245664,(0.04493030599386356-0.02057627640125618j),3735.701143917194,(0.04493030599386272-0.020576276401253816j),3735.701143917194
4671,4671,10.46709375,0.0054593779956599,(-0.022122622840109282+0.016816235181457476j),3736.501079922316,(-0.022122622840108797+0.016816235181456408j),3736.5010799223155
4672,4672,10.46719375,0.0061293245673818,(0.02960813714709633+0.01696833201623738j),3737.3010159274368,(0.029608137147099735+0.016968332016237205j),3737.3010159274368
4673,4673,10.46729375,0.0049275405939275,(-0.04259175026527248+0.024705899782088495j),3738.1009519325594,(-0.04259175026527269+0.024705899782088828j),3738.1009519325585
4674,4674,10.46739375,0.0040165640600842,(-0.03747161876719143-0.05770627895864004j),3738.90088793768,(-0.03747161876719235-0.05770627895863823j),3738.9008879376797
4675,4675,10.46749375,0.003491801830424,(-0.05000301513477534-0.010010884812112986j),3739.700823942801,(-0.05000301513477536-0.010010884812111438j),3739.700823942801
4676,4676,10.46759375,0.0027549533578634,(0.024048352300591894+0.007167382762498386j),3740.5007599479222,(0.024048352300589125+0.007167382762498144j),3740.5007599479227
4677,4677,10.46769375,0.0023857438824703,(0.005935121353907393-0.0024687280530755877j),3741.300695953044,(0.00593512135391102-0.002468728053074634j),3741.300695953044
4678,4678,10.46779375,0.002387753688136,(-0.005072133596913558+0.05088791582060168j),3742.1006319581656,(-0.00507213359691196+0.050887915820607914j),3742.1006319581656
4679,4679,10.46789375,0.0026351285500343,(-0.06314651546691215-0.058476761412143446j),3742.900567963287,(-0.06314651546691061-0.058476761412143516j),3742.900567963287
4680,4680,10.46799375,0.0023024796223078,(-0.07535897033849578+0.01741559957286553j),3743.7005039684086,(-0.0753589703384947+0.017415599572864923j),3743.7005039684086
4681,4681,10.46809375,0.0034342145305952,(0.00777954769207743+0.03519885823554319j),3744.50043997353,(0.0077795476920794766+0.035198858235541905j),3744.50043997353
4682,4682,10.46819375,0.0034913873879684,(-0.007933426765420509+0.016208273809796798j),3745.300375978652,(-0.007933426765420491+0.01620827380979378j),3745.3003759786516
4683,4683,10.46829375,0.0043026521247308,(-0.004160963257100615-0.062321036999222604j),3746.100311983773,(-0.0041609632571009-0.062321036999222174j),3746.100311983773
4684,4684,10.46839375,0.0029142344790375,(-0.01062595370416072-0.03434533637829503j),3746.900247988894,(-0.010625953704160033-0.0343453363782947j),3746.900247988894
4685,4685,10.46849375,0.0036827197416931,(0.046209859722094446-0.021989396489911234j),3747.700183994016,(0.04620985972209319-0.02198939648991035j),3747.700183994016
4686,4686,10.46859375,0.0050415683460431,(-0.0026698335793077692+0.03246466019679224j),3748.500119999137,(-0.0026698335793067266+0.03246466019678824j),3748.500119999137
4687,4687,10.46869375,0.0041073265291333,(0.0011614809567719805-0.04066560688859819j),3749.3000560042583,(0.0011614809567731636-0.040665606888597564j),3749.3000560042587
4688,4688,10.46879375,0.0011815324010989,(0.01851715273720176-0.017520012136618007j),3750.09999200938,(0.0185171527372034-0.01752001213661506j),3750.09999200938
4689,4689,10.46889375,0.0024652264274267,(-0.020197811036535968+0.014071528693252998j),3750.8999280145017,(-0.02019781103653409+0.014071528693254991j),3750.8999280145017
4690,4690,10.46899375,0.0048411340755837,(-0.009311488289999087+0.05267661988667803j),3751.699864019623,(-0.009311488289997168+0.052676619886679404j),3751.699864019623
4691,4691,10.46909375,0.0030745800618741,(-0.016238107554700402+0.011326639053209004j),3752.4998000247447,(-0.0162381075547001+0.011326639053208208j),3752.4998000247447
4692,4692,10.46919375,0.001559648058626,(0.021738308419903908-0.002969450414832888j),3753.299736029866,(0.021738308419904026-0.002969450414836468j),3753.299736029866
4693,4693,10.46929375,0.0023942274500646,(0.01602553193797681+0.027846918980476486j),3754.099672034987,(0.016025531937978676+0.027846918980480306j),3754.099672034987
4694,4694,10.46939375,0.0037894242331586,(-0.08867376586531567-0.0183783089921414j),3754.899608040109,(-0.08867376586531134-0.018378308992140865j),3754.899608040109
4695,4695,10.46949375,0.0041472612684971,(-0.015708579134227196-0.0030608757389427674j),3755.69954404523,(-0.015708579134228018-0.003060875738941424j),3755.69954404523
4696,4696,10.46959375,0.0023751886666423,(0.04512868686197966-0.0281843465962101j),3756.499480050352,(0.04512868686198403-0.02818434659621214j),3756.499480050352
4697,4697,10.46969375,0.0046587314907789,(0.005138789544852956+0.05713281810425973j),3757.299416055473,(0.005138789544852477+0.05713281810426038j),3757.299416055473
4698,4698,10.46979375,0.0045165886291359,(-0.0032238191068807865+0.0577710130773587j),3758.099352060595,(-0.003223819106882176+0.05777101307735728j),3758.099352060595
4699,4699,10.46989375,0.0058351247562289,(0.021540692555492395+0.03447373812747903j),3758.899288065716,(0.021540692555491767+0.03447373812747753j),3758.899288065716
4700,4700,10.46999375,0.0051793641396701,(0.03755372325472679+0.01676618232179631j),3759.699224070837,(0.037553723254724995+0.016766182321797645j),3759.6992240708373
4701,4701,10.47009375,0.0061450220735124,(0.07165968211244864-0.04268444055593219j),3760.499160075959,(0.0716596821124485-0.042684440555933956j),3760.499160075959
4702,4702,10.47019375,0.005565835669538,(-0.0048948814399914845+0.018676672247131307j),3761.29909608108,(-0.004894881439992289+0.018676672247131685j),3761.2990960810803
4703,4703,10.47029375,0.0053509875033882,(0.011257113794506272-0.021185175983221772j),3762.099032086202,(0.011257113794510614-0.02118517598322356j),3762.099032086202
4704,4704,10.47039375,0.0032044018490111,(-0.01296391916005488+0.018460750667121373j),3762.8989680913232,(-0.012963919160050335+0.018460750667120957j),3762.8989680913232
4705,4705,10.47049375,0.004461370435413,(-0.00021519802230981003+0.030380079638057292j),3763.698904096445,(-0.00021519802230852633+0.030380079638055286j),3763.698904096445
4706,4706,10.47059375,0.0042027173356957,(-0.06367737913980018-0.005671749687830234j),3764.498840101566,(-0.06367737913979696-0.0056717496878274255j),3764.498840101566
4707,4707,10.47069375,0.0050294455594511,(0.026823857629895895+0.004434089828200802j),3765.298776106688,(0.026823857629895292+0.0044340898282037786j),3765.298776106688
4708,4708,10.47079375,0.0058992733956736,(0.009653532568048665-0.019813579926293363j),3766.098712111809,(0.00965353256804724-0.019813579926296645j),3766.098712111809
4709,4709,10.47089375,0.0067561290215044,(0.03475342872329605+0.0790540877022677j),3766.8986481169295,(0.0347534287232959+0.0790540877022658j),3766.8986481169304
4710,4710,10.47099375,0.0070770054571748,(0.017159708180891044+0.0008672146222149955j),3767.698584122052,(0.01715970818089146+0.0008672146222149044j),3767.698584122052
4711,4711,10.47109375,0.0062837189857781,(0.00032282592269993957-0.04783484722874397j),3768.498520127173,(0.00032282592269896465-0.047834847228740734j),3768.4985201271734
4712,4712,10.47119375,0.007303033416687,(0.01306487174065444-0.053605380624266674j),3769.298456132295,(0.01306487174065305-0.05360538062426795j),3769.298456132295
4713,4713,10.47129375,0.0079505404957503,(0.04189365627318625-0.03352656078198515j),3770.098392137416,(0.041893656273188806-0.03352656078198256j),3770.0983921374163
4714,4714,10.47139375,0.0074152678535933,(-0.014489646313425454+0.024996367446213287j),3770.898328142538,(-0.014489646313430023+0.024996367446214807j),3770.898328142538
4715,4715,10.47149375,0.0069579209204009,(0.046422559963400105+0.016534104686735412j),3771.6982641476593,(0.04642255996340375+0.016534104686736613j),3771.6982641476593
4716,4716,10.47159375,0.0065255455001034,(0.04342055727105796-0.011250576987887203j),3772.498200152781,(0.04342055727105491-0.011250576987883338j),3772.498200152781
4717,4717,10.47169375,0.0068292900845852,(0.008630864707861952-0.09897354088469228j),3773.2981361579023,(0.008630864707859079-0.09897354088468913j),3773.2981361579023
4718,4718,10.47179375,0.0072795881629599,(-0.058688422969988614+0.035926997274167774j),3774.098072163024,(-0.05868842296999008+0.035926997274167996j),3774.0980721630235
4719,4719,10.47189375,0.0067105482919125,(-0.03048996843224498-0.015893750457203155j),3774.898008168145,(-0.030489968432245596-0.01589375045720566j),3774.898008168145
4720,4720,10.47199375,0.0055657276521388,(0.06467718527690694+0.03681902986452015j),3775.6979441732665,(0.06467718527690478+0.03681902986451993j),3775.6979441732665
4721,4721,10.47209375,0.0057159891744033,(-0.03579951552462694-0.0072016003077094125j),3776.497880178388,(-0.03579951552462664-0.007201600307708536j),3776.497880178388
4722,4722,10.47219375,0.0070715032682855,(-0.04920587176798839-0.03926492099366878j),3777.297816183509,(-0.04920587176798706-0.03926492099367059j),3777.2978161835094
4723,4723,10.47229375,0.0080799725247726,(-0.05581485907379346+0.027100053647186782j),3778.097752188631,(-0.055814859073794014+0.027100053647189242j),3778.097752188631
4724,4724,10.47239375,0.0078314784009295,(0.03420672216631958+0.005531949826664235j),3778.897688193752,(0.03420672216631832+0.005531949826664108j),3778.8976881937524
4725,4725,10.47249375,0.0088839880609767,(0.018350845386448867-0.07207451184384929j),3779.697624198874,(0.018350845386448943-0.07207451184385252j),3779.697624198874
4726,4726,10.47259375,0.00813077060306,(-0.02357394656645297-0.019538970218099166j),3780.4975602039954,(-0.02357394656645439-0.01953897021809682j),3780.4975602039954
4727,4727,10.47269375,0.0090035172906879,(-0.030940864274286484+0.08445027990826219j),3781.2974962091166,(-0.03094086427428811+0.08445027990826177j),3781.2974962091166
4728,4728,10.47279375,0.0077641068564963,(0.040315712793050504-0.014556616730861702j),3782.0974322142383,(0.04031571279304968-0.014556616730861092j),3782.0974322142383
4729,4729,10.47289375,0.0072722179450486,(-0.03878234650633507-0.06927307449486096j),3782.89736821936,(-0.038782346506334345-0.06927307449485899j),3782.8973682193596
4730,4730,10.47299375,0.005991487350362,(-0.06657974326161181-0.014317359647040069j),3783.697304224481,(-0.06657974326161156-0.014317359647043702j),3783.6973042244813
4731,4731,10.47309375,0.0078970994196381,(-0.05928496081387796+0.008585205794103372j),3784.4972402296025,(-0.059284960813876+0.008585205794103518j),3784.4972402296025
4732,4732,10.47319375,0.0076610269481042,(-0.06917884359692794+0.016896574510893003j),3785.297176234724,(-0.06917884359693005+0.016896574510893287j),3785.2971762347242
4733,4733,10.47329375,0.0070666048725374,(-0.025438458352877925-0.0029248280471632065j),3786.0971122398455,(-0.02543845835287738-0.0029248280471616678j),3786.0971122398455
4734,4734,10.47339375,0.0065762314597487,(-0.0007660892645578003-0.023951814845197643j),3786.897048244967,(-0.0007660892645582722-0.023951814845195273j),3786.897048244967
4735,4735,10.47349375,0.0074030722152635,(-0.021261836830278356-0.006025408352004102j),3787.696984250089,(-0.0212618368302808-0.006025408352003827j),3787.6969842500885
4736,4736,10.47359375,0.0086939642559612,(-0.03986531813205371+0.007757203589588944j),3788.4969202552097,(-0.03986531813205721+0.007757203589591392j),3788.4969202552097
4737,4737,10.47369375,0.0084909457996408,(0.06422766377977372-0.07561927538569517j),3789.2968562603314,(0.06422766377977523-0.07561927538569375j),3789.2968562603314
4738,4738,10.47379375,0.0076791866942033,(0.04991847987018246-0.013836092436382275j),3790.0967922654527,(0.04991847987018358-0.013836092436379233j),3790.0967922654527
4739,4739,10.47389375,0.0078453094629753,(0.03515215872914502-0.015024996815199974j),3790.8967282705744,(0.03515215872914499-0.015024996815200578j),3790.8967282705744
4740,4740,10.47399375,0.0083318120622733,(0.03075469053999847+0.023892997699606698j),3791.696664275696,(0.03075469053999907+0.02389299769960684j),3791.6966642756956
4741,4741,10.47409375,0.008061958525793,(0.0027545970204817015+0.06316886110268431j),3792.496600280817,(0.0027545970204825173+0.0631688611026844j),3792.4966002808173
4742,4742,10.47419375,0.0054958531475114,(0.0027196625270878867+0.018626269858004897j),3793.2965362859386,(0.0027196625270898157+0.018626269858005307j),3793.2965362859386
4743,4743,10.47429375,0.0053844439841003,(-0.014681623178121047+0.08061301778145724j),3794.09647229106,(-0.014681623178118667+0.08061301778145927j),3794.0964722910603
4744,4744,10.47439375,0.0061686288304281,(-0.07041661549053722+0.09366558910664749j),3794.8964082961816,(-0.0704166154905368+0.0936655891066506j),3794.8964082961816
4745,4745,10.47449375,0.0075168870460988,(-0.0034961086719856363-0.037456233637326794j),3795.696344301303,(-0.0034961086719842165-0.03745623363732407j),3795.696344301303
4746,4746,10.47459375,0.0069442393124265,(0.07489772350003393-0.027255431562224538j),3796.496280306425,(0.07489772350003483-0.02725543156222586j),3796.4962803064245
4747,4747,10.47469375,0.0073894284983031,(-0.04922266952941896-0.04673913574259018j),3797.296216311546,(-0.04922266952941537-0.04673913574258795j),3797.296216311546
4748,4748,10.47479375,0.0074984643365524,(-0.03917790778838667-0.021185057305513514j),3798.096152316668,(-0.03917790778838738-0.021185057305518007j),3798.0961523166675
4749,4749,10.47489375,0.0064098149295464,(0.014549052059109726+0.035678492709637355j),3798.8960883217887,(0.014549052059109498+0.03567849270963819j),3798.8960883217887
4750,4750,10.47499375,0.003890260173235,(0.09194769814003173+0.017074240265014497j),3799.6960243269104,(0.09194769814002988+0.017074240265009186j),3799.6960243269104
4751,4751,10.47509375,0.0048471744811282,(-0.001988156746081903-0.004408466834584283j),3800.495960332032,(-0.0019881567460837495-0.004408466834585519j),3800.4959603320317
4752,4752,10.47519375,0.0051898077016893,(0.007713954633481911-0.030878864015977277j),3801.2958963371534,(0.007713954633480174-0.030878864015975165j),3801.2958963371534
4753,4753,10.47529375,0.0034752132431793,(0.032476873500868794+0.033105907560183986j),3802.095832342274,(0.03247687350086677+0.0331059075601813j),3802.0958323422747
4754,4754,10.47539375,0.0037758246658082,(0.06874805229794498+0.12983444715630074j),3802.895768347396,(0.06874805229794256+0.1298344471563008j),3802.895768347396
4755,4755,10.47549375,0.0041005376084056,(0.024703811062271083+0.016682505820795147j),3803.6957043525176,(0.024703811062271347+0.016682505820796827j),3803.6957043525176
4756,4756,10.47559375,0.0058270254818346,(-0.06333936134264266-0.055526898950845324j),3804.495640357639,(-0.06333936134264298-0.055526898950848384j),3804.495640357639
4757,4757,10.47569375,0.003290482998943,(-0.14644713910113633+0.011681560168380366j),3805.2955763627606,(-0.14644713910114104+0.011681560168381754j),3805.2955763627606
4758,4758,10.47579375,0.0028169625319582,(0.07910516831819843-0.017208667726581715j),3806.095512367882,(0.07910516831819947-0.01720866772658238j),3806.095512367882
4759,4759,10.47589375,0.0041890227328058,(0.05511449983397192-0.01858811252384695j),3806.895448373004,(0.05511449983397139-0.018588112523848507j),3806.8954483730035
4760,4760,10.47599375,0.0036332022295662,(-0.03813734962515665-0.07410669773413896j),3807.695384378125,(-0.03813734962515595-0.0741066977341387j),3807.695384378125
4761,4761,10.47609375,0.0013617255422128,(-0.05818466814264467-0.036997622628427485j),3808.4953203832474,(-0.058184668142641116-0.03699762262842992j),3808.4953203832465
4762,4762,10.47619375,0.0010344923440918,(-0.07092223269286681+0.003957077055618543j),3809.295256388368,(-0.07092223269286231+0.003957077055613914j),3809.2952563883678
4763,4763,10.47629375,0.0034621284427021,(-0.053536599281953895+0.0012214110748451391j),3810.095192393489,(-0.05353659928195477+0.0012214110748491776j),3810.095192393489
4764,4764,10.47639375,0.004737727573278,(0.03823636621790331-0.02434735690613309j),3810.8951283986103,(0.03823636621790337-0.02434735690612898j),3810.8951283986107
4765,4765,10.47649375,0.0018446555953857,(-0.016207150051436976-0.004236065045495332j),3811.695064403732,(-0.016207150051437795-0.0042360650454961795j),3811.695064403732
4766,4766,10.47659375,0.0025738597406839,(-0.08534412825791385+0.032068431482000274j),3812.4950004088537,(-0.08534412825792008+0.03206843148200436j),3812.4950004088537
4767,4767,10.47669375,0.0032175829442448,(-0.016052871364834402+0.02614033802531269j),3813.294936413975,(-0.01605287136483534+0.02614033802530996j),3813.294936413975
4768,4768,10.47679375,0.005676841342403,(0.007847308686559166-0.051277000805403344j),3814.0948724190966,(0.007847308686560028-0.051277000805405454j),3814.0948724190966
4769,4769,10.47689375,0.0022560463772736,(0.008910518462260895-0.06399947623902201j),3814.894808424218,(0.00891051846226288-0.0639994762390214j),3814.894808424218
4770,4770,10.47699375,0.0019331348352652,(0.09741616487094222-0.11006002065780573j),3815.694744429339,(0.09741616487094708-0.11006002065780279j),3815.694744429339
4771,4771,10.47709375,0.001517762491115,(-0.03991266372984476+0.005873542322569819j),3816.494680434461,(-0.03991266372984222+0.005873542322570695j),3816.494680434461
4772,4772,10.47719375,0.0042844218063702,(-0.027595971680772727-0.02047176670801193j),3817.294616439582,(-0.027595971680777702-0.02047176670801078j),3817.294616439582
4773,4773,10.47729375,0.0021482432508013,(0.1095497313809179+0.005255311122839411j),3818.094552444704,(0.10954973138091607+0.005255311122839022j),3818.094552444704
4774,4774,10.47739375,0.0020822450958584,(0.07156503279460023-0.036406312091573384j),3818.894488449825,(0.0715650327945995-0.03640631209157601j),3818.894488449825
4775,4775,10.47749375,0.0028560523692068,(0.019307101724253345+0.02323572257835762j),3819.694424454947,(0.019307101724253+0.02323572257835492j),3819.694424454947
4776,4776,10.47759375,0.0036089568229173,(0.03526721248311468-0.028790338505020656j),3820.494360460068,(0.03526721248311467-0.02879033850502247j),3820.494360460068
4777,4777,10.47769375,0.0047943509392248,(0.037861496127896486+0.0314031882296853j),3821.2942964651897,(0.037861496127899005+0.03140318822968444j),3821.2942964651897
4778,4778,10.47779375,0.0043580945674192,(-0.016208619669969865+0.041437420469644784j),3822.094232470311,(-0.01620861966997632+0.041437420469642355j),3822.094232470311
4779,4779,10.47789375,0.0045396750749974,(0.018770721049836778-0.04669648885734979j),3822.894168475432,(0.018770721049835543-0.04669648885734654j),3822.8941684754323
4780,4780,10.47799375,0.0048492202054707,(0.035675819225405164-0.017390956228140308j),3823.694104480554,(0.035675819225403756-0.01739095622814142j),3823.694104480554
4781,4781,10.47809375,0.0057924925455792,(-0.019048641089656992-0.00457281138171527j),3824.494040485675,(-0.01904864108965831-0.004572811381713837j),3824.494040485675
4782,4782,10.47819375,0.0055126767880607,(0.027500379063037286+0.023204644432250805j),3825.293976490797,(0.027500379063036724+0.02320464443224728j),3825.293976490797
4783,4783,10.47829375,0.0047394991524908,(-0.01575474439590564+0.026924496338190038j),3826.093912495918,(-0.015754744395906965+0.02692449633819037j),3826.093912495918
4784,4784,10.47839375,0.0036378602417707,(0.02005891641549583-0.03833457779505794j),3826.89384850104,(0.0200589164154981-0.03833457779506033j),3826.89384850104
4785,4785,10.47849375,0.0038685818545113,(-0.06699783208094647-0.008331922832167292j),3827.693784506161,(-0.06699783208094501-0.008331922832170763j),3827.693784506161
4786,4786,10.47859375,0.0033831622180383,(0.02087749534026459+0.010148075004857655j),3828.493720511283,(0.02087749534026444+0.010148075004860061j),3828.493720511283
4787,4787,10.47869375,0.0032910063019469,(-0.05652236998688907+0.05881050570442319j),3829.293656516404,(-0.056522369986885125+0.058810505704422186j),3829.293656516404
4788,4788,10.47879375,0.0042026594940632,(-0.0114950732124426-0.10856606283955776j),3830.093592521525,(-0.011495073212442121-0.1085660628395578j),3830.0935925215254
4789,4789,10.47889375,0.004538937954322,(-0.03904636403672112-0.057695954475877186j),3830.893528526647,(-0.03904636403672182-0.05769595447587898j),3830.893528526647
4790,4790,10.47899375,0.0062474210302407,(-0.00416470049471394+0.07063637330807888j),3831.693464531768,(-0.0041647004947098255+0.07063637330807729j),3831.6934645317683
4791,4791,10.47909375,0.0066005567033225,(0.09103125120493534+0.04585093628776583j),3832.49340053689,(0.09103125120493522+0.045850936287762975j),3832.49340053689
4792,4792,10.47919375,0.0070060180874083,(-0.017973947064954546-0.04511276329892341j),3833.2933365420113,(-0.017973947064952388-0.045112763298923254j),3833.2933365420113
4793,4793,10.47929375,0.0068220900702261,(-0.10072796638472975-0.04802882707059507j),3834.093272547133,(-0.10072796638472581-0.04802882707059375j),3834.093272547133
4794,4794,10.47939375,0.0076443513139968,(-0.05276130938329126+0.06240803276500414j),3834.8932085522542,(-0.05276130938329057+0.06240803276500548j),3834.8932085522542
4795,4795,10.47949375,0.007349970985243,(-0.0021295092475974702+0.024034727377866976j),3835.693144557376,(-0.0021295092475984434+0.024034727377864586j),3835.693144557376
4796,4796,10.47959375,0.0063136580189261,(0.022545215038147975+0.034508077606357004j),3836.493080562497,(0.022545215038142302+0.03450807760636161j),3836.493080562497
4797,4797,10.47969375,0.0057515723497327,(0.05761909324440375+0.021997370477972133j),3837.2930165676185,(0.05761909324440369+0.021997370477969874j),3837.2930165676185
4798,4798,10.47979375,0.0061314963357426,(-0.06272619613594407-0.028087932562265855j),3838.09295257274,(-0.06272619613594468-0.028087932562265275j),3838.09295257274
4799,4799,10.47989375,0.0053866845210935,(-0.03714717808436274+0.03663444977918224j),3838.892888577861,(-0.037147178084364234+0.03663444977918388j),3838.8928885778614
4800,4800,10.47999375,0.0045522811695527,(-0.016593268135888666-0.024979789437235236j),3839.692824582983,(-0.016593268135886165-0.024979789437233082j),3839.692824582983
4801,4801,10.48009375,0.0056613349435355,(0.12444448252563203-0.09506742629984609j),3840.492760588104,(0.12444448252563052-0.09506742629984964j),3840.4927605881044
4802,4802,10.48019375,0.0071487209454716,(-0.056160449302686356-0.02677954998847635j),3841.292696593226,(-0.056160449302686676-0.02677954998847691j),3841.292696593226
4803,4803,10.48029375,0.0058367037980877,(0.014573311862124896+0.0395629208130225j),3842.0926325983473,(0.014573311862124672+0.03956292081302402j),3842.0926325983473
4804,4804,10.48039375,0.0084116727011477,(-0.009035112413674336+0.04327920920497716j),3842.892568603469,(-0.009035112413668287+0.0432792092049777j),3842.892568603469
4805,4805,10.48049375,0.0088056789508247,(0.023151711275933514+0.019777452037534664j),3843.6925046085903,(0.023151711275930086+0.019777452037531906j),3843.6925046085903
4806,4806,10.48059375,0.0095658082492549,(-0.016850029590802562+0.01300966920164834j),3844.492440613712,(-0.01685002959079986+0.013009669201649749j),3844.4924406137116
4807,4807,10.48069375,0.0082894332121854,(-0.05655997817439574-0.08161196034831908j),3845.292376618833,(-0.05655997817439135-0.08161196034831451j),3845.2923766188333
4808,4808,10.48079375,0.0099419781709017,(0.025018454709307386-0.06037016267579899j),3846.0923126239545,(0.025018454709307143-0.06037016267579462j),3846.0923126239545
4809,4809,10.48089375,0.0098869250779549,(-0.006598381058363285+0.05239656314007645j),3846.892248629076,(-0.00659838105836724+0.052396563140077346j),3846.892248629076
4810,4810,10.48099375,0.007815797881125,(-0.017638893924642598-0.0739893226217329j),3847.6921846341975,(-0.01763889392464239-0.07398932262173508j),3847.6921846341975
4811,4811,10.48109375,0.0065923408653339,(0.02506928073653857-0.10155834076670148j),3848.492120639319,(0.025069280736539093-0.10155834076670213j),3848.492120639319
4812,4812,10.48119375,0.0067093917394763,(-0.044824526041827524-0.047669166391519496j),3849.29205664444,(-0.04482452604183034-0.047669166391517886j),3849.2920566444404
4813,4813,10.48129375,0.0069128034989113,(0.10243039619891368-0.044482319493360956j),3850.091992649562,(0.10243039619891553-0.04448231949335658j),3850.091992649562
4814,4814,10.48139375,0.0066773033089543,(0.07871773437288962-0.05114965974649613j),3850.8919286546834,(0.07871773437288962-0.05114965974649588j),3850.8919286546834
4815,4815,10.48149375,0.0067146378500067,(0.03670695693557235-0.10934203503360515j),3851.6918646598047,(0.03670695693557402-0.10934203503360453j),3851.6918646598047
4816,4816,10.48159375,0.0080693126433345,(-0.07157208168294484+0.019632562636892063j),3852.4918006649264,(-0.07157208168294536+0.019632562636891764j),3852.4918006649264
4817,4817,10.48169375,0.0088130810706211,(0.005208367587651804+0.021672283851213815j),3853.291736670048,(0.005208367587649048+0.021672283851212382j),3853.2917366700476
4818,4818,10.48179375,0.0087838628843841,(0.02693291852565121+0.015482062639926393j),3854.091672675169,(0.026932918525653163+0.015482062639924857j),3854.0916726751693
4819,4819,10.48189375,0.0090417852827803,(-0.061211919752610006+0.02822925268803773j),3854.8916086802906,(-0.06121191975260643+0.02822925268803357j),3854.8916086802906
4820,4820,10.48199375,0.0089031926042421,(-0.0747588551345692-0.045187451649157294j),3855.691544685412,(-0.0747588551345678-0.04518745164915677j),3855.6915446854123
4821,4821,10.48209375,0.0092092227873164,(-0.0036784653726496114+0.06467551111281805j),3856.4914806905335,(-0.003678465372653369+0.06467551111282423j),3856.4914806905335
4822,4822,10.48219375,0.0080235057709894,(0.04354671846795526+0.05120690922625942j),3857.2914166956552,(0.043546718467952016+0.0512069092262599j),3857.2914166956552
4823,4823,10.48229375,0.0071419279957649,(-0.07854808289591207-0.006721170419829232j),3858.091352700777,(-0.0785480828959154-0.00672117041982969j),3858.0913527007765
4824,4824,10.48239375,0.0070511327277667,(-0.08038499452340321-0.02912025228123766j),3858.8912887058978,(-0.08038499452340075-0.02912025228123897j),3858.8912887058978
4825,4825,10.48249375,0.0064682647708381,(-0.002193200274886717+0.056431531969759946j),3859.69122471102,(-0.0021932002748910433+0.056431531969761146j),3859.6912247110195
4826,4826,10.48259375,0.0055091933989967,(-0.03236767021990202-0.006115560680630597j),3860.4911607161407,(-0.03236767021989998-0.006115560680631125j),3860.4911607161407
4827,4827,10.48269375,0.0054091947947403,(-0.07608493386229873-0.009025271591240669j),3861.2910967212624,(-0.07608493386230107-0.009025271591242227j),3861.2910967212624
4828,4828,10.48279375,0.0058522207330181,(0.04060140144501019-0.06316638373367671j),3862.091032726384,(0.04060140144501086-0.06316638373367492j),3862.0910327263837
4829,4829,10.48289375,0.0063680901101577,(-0.06381048345326595-0.03675498087517459j),3862.8909687315054,(-0.06381048345326662-0.03675498087517392j),3862.8909687315054
4830,4830,10.48299375,0.006479551270148,(0.02552004796333867+0.056186077469792074j),3863.690904736626,(0.025520047963335707+0.05618607746979164j),3863.6909047366266
4831,4831,10.48309375,0.0061767932124301,(0.0005444266431129906+0.07872096101026549j),3864.490840741748,(0.0005444266431109557+0.07872096101026649j),3864.4908407417483
4832,4832,10.48319375,0.0056774473306411,(-0.005820607006678365-0.04094467504618286j),3865.2907767468696,(-0.005820607006678878-0.04094467504617959j),3865.2907767468696
4833,4833,10.48329375,0.0057530852615835,(0.01084236524671806-0.03451381048399567j),3866.090712751991,(0.01084236524671808-0.03451381048399228j),3866.090712751991
4834,4834,10.48339375,0.0046027535602826,(-0.01656814088674815+0.04381830165362121j),3866.890648757113,(-0.016568140886748284+0.043818301653618004j),3866.8906487571126
4835,4835,10.48349375,0.0037731019969372,(0.10646352396162942-0.019994417419512495j),3867.690584762234,(0.10646352396162831-0.019994417419509282j),3867.690584762234
4836,4836,10.48359375,0.0024802806653682,(0.020468923985981807+0.05591627930541331j),3868.490520767356,(0.02046892398597793+0.05591627930541132j),3868.4905207673555
4837,4837,10.48369375,0.0051370585010104,(-0.026306354632962388+0.07487002063478704j),3869.290456772477,(-0.026306354632963748+0.07487002063478813j),3869.290456772477
4838,4838,10.48379375,0.0039662830953362,(0.060600337718687544-0.023724998344027862j),3870.0903927775994,(0.060600337718683506-0.023724998344027443j),3870.0903927775985
4839,4839,10.48389375,0.0041487323702294,(0.014665573653223792+0.00707897003337447j),3870.89032878272,(0.01466557365321948+0.007078970033374274j),3870.8903287827197
4840,4840,10.48399375,0.0031124892167948,(-0.05428538426271194+0.012210415530159807j),3871.690264787841,(-0.054285384262709555+0.012210415530161223j),3871.690264787841
4841,4841,10.48409375,0.0051750766890201,(0.0837015201582665-0.019428162108503795j),3872.4902007929622,(0.08370152015826887-0.01942816210850348j),3872.4902007929627
4842,4842,10.48419375,0.0039739248213475,(-0.013278659440849275-0.08237210183107087j),3873.290136798084,(-0.013278659440848588-0.08237210183106951j),3873.290136798084
4843,4843,10.48429375,0.0035724294666503,(-0.1292197784165795-0.028742421340968202j),3874.0900728032057,(-0.12921977841657767-0.028742421340970013j),3874.0900728032057
4844,4844,10.48439375,0.0037531103767113,(-0.02120281620382242-0.020592625174062042j),3874.890008808327,(-0.021202816203820325-0.020592625174064693j),3874.890008808327
4845,4845,10.48449375,0.0038683479976016,(0.040728898247210696-0.0031620304681281262j),3875.6899448134486,(0.040728898247210404-0.0031620304681292226j),3875.6899448134486
4846,4846,10.48459375,0.0015701358237168,(-0.01989849574581563+0.00725784984170781j),3876.48988081857,(-0.019898495745813413+0.0072578498417077315j),3876.48988081857
4847,4847,10.48469375,0.0030689250237754,(0.0022541761842091866-0.004588807240495256j),3877.289816823692,(0.0022541761842078236-0.0045888072404950105j),3877.2898168236916
4848,4848,10.48479375,0.0028897179438545,(-0.04893077447512142+0.012977864688826479j),3878.089752828813,(-0.04893077447512082+0.012977864688826678j),3878.089752828813
4849,4849,10.48489375,0.0037998561855413,(0.02376581536286792+0.0020459443366755486j),3878.889688833934,(0.023765815362870528+0.002045944336671728j),3878.889688833934
4850,4850,10.48499375,0.0034999528609436,(-0.018182180332961012-0.03350893270725674j),3879.689624839056,(-0.018182180332962348-0.03350893270725723j),3879.689624839056
4851,4851,10.48509375,0.0039640069584754,(0.05725382407552344+0.017783620637117015j),3880.489560844177,(0.05725382407552227+0.017783620637112932j),3880.489560844177
4852,4852,10.48519375,0.0030705271958225,(-0.022813376180608427+0.0663977151769802j),3881.2894968492983,(-0.022813376180608677+0.06639771517697693j),3881.2894968492988
4853,4853,10.48529375,0.0027737215068727,(-0.10449230398415521+0.02747283392494741j),3882.08943285442,(-0.10449230398415321+0.02747283392494569j),3882.08943285442
4854,4854,10.48539375,0.0026949829193844,(0.056494345911381666-0.0009898192719835115j),3882.8893688595417,(0.05649434591138532-0.0009898192719877928j),3882.8893688595417
4855,4855,10.48549375,0.0031183508753564,(0.03214639555099411-0.056099955126431726j),3883.689304864663,(0.032146395550989054-0.056099955126432496j),3883.689304864663
4856,4856,10.48559375,0.0032238454776722,(0.0003479715250047418-0.019049789106908025j),3884.4892408697847,(0.00034797152500125154-0.019049789106906308j),3884.4892408697847
4857,4857,10.48569375,0.0034630251349284,(-0.01449064929151557-0.013595867696699938j),3885.289176874906,(-0.014490649291516132-0.013595867696698223j),3885.289176874906
4858,4858,10.48579375,0.003003839629759,(-0.015555051107339101-0.010921375992035576j),3886.089112880027,(-0.015555051107339344-0.010921375992034814j),3886.089112880027
4859,4859,10.48589375,0.0037598600767881,(0.004395546152161993+0.017610841323596846j),3886.889048885149,(0.004395546152163995+0.01761084132360074j),3886.889048885149
4860,4860,10.48599375,0.0046004743764088,(0.04356132423429679-0.10755764871818574j),3887.68898489027,(0.043561324234299606-0.10755764871818323j),3887.68898489027
4861,4861,10.48609375,0.0034828688496661,(-0.07673011645039624+0.09292377512316116j),3888.488920895392,(-0.07673011645039145+0.09292377512316169j),3888.488920895392
4862,4862,10.48619375,0.0029099455019895,(-0.0013100692015250287+0.023305478434760194j),3889.288856900513,(-0.001310069201526597+0.02330547843476236j),3889.288856900513
4863,4863,10.48629375,0.0029264860569876,(-0.05876083644915678-0.005066862684022868j),3890.088792905635,(-0.0587608364491554-0.005066862684018271j),3890.088792905635
4864,4864,10.48639375,0.0032695368589344,(0.1460014549517877-0.12778078552659067j),3890.888728910756,(0.14600145495178876-0.12778078552659466j),3890.888728910756
4865,4865,10.48649375,0.0029962587599232,(-0.0393232806428529-0.05331771695770368j),3891.688664915878,(-0.03932328064284882-0.05331771695770009j),3891.688664915878
4866,4866,10.48659375,0.0034282512613621,(-0.013510537099118928+0.019949600352042584j),3892.488600920999,(-0.013510537099119011+0.019949600352043618j),3892.488600920999
4867,4867,10.48669375,0.0045941764152094,(-0.03041901977319836+0.0021199021562871238j),3893.28853692612,(-0.030419019773198813+0.002119902156286147j),3893.2885369261203
4868,4868,10.48679375,0.004521138524939,(0.001649978387275956+0.021395984831476596j),3894.088472931242,(0.0016499783872736167+0.02139598483147335j),3894.088472931242
4869,4869,10.48689375,0.0062589367556592,(0.01841419740034899-0.06276923327372119j),3894.8884089363632,(0.01841419740034494-0.06276923327372137j),3894.8884089363632
4870,4870,10.48699375,0.0049895511583881,(0.020383995423203814+0.023996914898674497j),3895.688344941485,(0.0203839954232056+0.02399691489867548j),3895.688344941485
4871,4871,10.48709375,0.0049325986389552,(-0.07683025459801492-0.08062482066376109j),3896.488280946606,(-0.07683025459801492-0.08062482066376006j),3896.488280946606
4872,4872,10.48719375,0.0054942833539594,(-0.11237872482392641-0.039335421185077706j),3897.288216951728,(-0.11237872482392594-0.03933542118507665j),3897.288216951728
4873,4873,10.48729375,0.0060917593781142,(0.06618763692500408-0.06158704352473872j),3898.088152956849,(0.06618763692500113-0.06158704352474124j),3898.088152956849
4874,4874,10.48739375,0.0046740979667543,(0.056822733811584564-0.1859337719531489j),3898.888088961971,(0.05682273381158459-0.1859337719531491j),3898.888088961971
4875,4875,10.48749375,0.0046164867575051,(0.06357890720910253-0.039719672945942266j),3899.688024967092,(0.0635789072091037-0.0397196729459436j),3899.688024967092
4876,4876,10.48759375,0.0047572451550647,(-0.017413257382085465+0.11914143619709203j),3900.487960972213,(-0.01741325738208834+0.11914143619709158j),3900.4879609722134
4877,4877,10.48769375,0.0059454362043109,(0.0693498607550192-0.0038427210463031145j),3901.287896977335,(0.06934986075501497-0.00384272104630317j),3901.287896977335
4878,4878,10.48779375,0.0048799678889858,(0.1266832463297815-0.020348236751653696j),3902.087832982456,(0.12668324632977973-0.02034823675165136j),3902.0878329824563
4879,4879,10.48789375,0.0062692936456136,(0.04750011429724461-0.010703262304689248j),3902.887768987578,(0.047500114297246744-0.010703262304686382j),3902.887768987578
4880,4880,10.48799375,0.0070671127028131,(-0.05557537228985999-0.04425888026976186j),3903.6877049926993,(-0.05557537228985758-0.04425888026975937j),3903.6877049926993
4881,4881,10.48809375,0.0074878305283777,(-0.011505492094312258+0.063996145907534j),3904.487640997821,(-0.011505492094311814+0.06399614590753595j),3904.487640997821
4882,4882,10.48819375,0.0076652370318251,(0.06242520959992114-0.00519376232705767j),3905.2875770029423,(0.06242520959992084-0.005193762327056235j),3905.2875770029423
4883,4883,10.48829375,0.0088756752455707,(0.03316226898731135-0.016562285371786275j),3906.087513008064,(0.033162268987310575-0.016562285371784426j),3906.087513008064
4884,4884,10.48839375,0.0095693810693994,(-0.0912010306705372-0.11627765785212298j),3906.887449013185,(-0.09120103067053752-0.1162776578521222j),3906.8874490131852
4885,4885,10.48849375,0.0087150124180561,(0.006974193844313767-0.03834098787526888j),3907.6873850183065,(0.006974193844314337-0.038340987875269364j),3907.6873850183065
4886,4886,10.48859375,0.0081713185650409,(-0.053681823340104004+0.03612981053076169j),3908.487321023428,(-0.05368182334010295+0.03612981053076569j),3908.487321023428
4887,4887,10.48869375,0.0086020832228214,(0.019103622691947375+0.12613956937977502j),3909.287257028549,(0.01910362269194807+0.12613956937977377j),3909.2872570285494
4888,4888,10.48879375,0.0086951083644259,(0.0016939396717867844+0.10588584549905436j),3910.087193033671,(0.001693939671787964+0.10588584549905361j),3910.087193033671
4889,4889,10.48889375,0.0074223661557869,(0.04371630269322288+0.02417775555888936j),3910.887129038792,(0.04371630269322464+0.02417775555888943j),3910.8871290387924
4890,4890,10.48899375,0.008015947996212,(0.014717869354943437+0.059716441610412264j),3911.687065043914,(0.014717869354943042+0.05971644161041105j),3911.687065043914
4891,4891,10.48909375,0.0085560586461255,(-0.006504662713017517-0.004091393543868703j),3912.4870010490354,(-0.006504662713013917-0.004091393543872464j),3912.4870010490354
4892,4892,10.48919375,0.0086870241312662,(0.0002653714008937838-0.1036974368202823j),3913.286937054157,(0.0002653714008950536-0.10369743682028165j),3913.286937054157
4893,4893,10.48929375,0.0092656637220808,(-0.04370479528020735+0.02229835859866562j),3914.0868730592783,(-0.04370479528020698+0.022298358598667686j),3914.0868730592783
4894,4894,10.48939375,0.0084962419943064,(-0.02054092615586826+0.0306239867767302j),3914.8868090644,(-0.02054092615586648+0.030623986776731844j),3914.8868090643996
4895,4895,10.48949375,0.008492196823856,(-0.05707106454966182-0.04676714510535705j),3915.686745069521,(-0.05707106454966509-0.046767145105354846j),3915.6867450695213
4896,4896,10.48959375,0.0076426010928029,(-0.04247455031274927-0.01579520142966121j),3916.4866810746425,(-0.04247455031274723-0.015795201429663088j),3916.4866810746425
4897,4897,10.48969375,0.0080411269109421,(-0.026040355650702708-0.026358141848353632j),3917.286617079764,(-0.026040355650701636-0.02635814184835318j),3917.2866170797643
4898,4898,10.48979375,0.007089746312939,(-0.026558473515759674+0.02931954606759969j),3918.0865530848855,(-0.026558473515758574+0.029319546067599577j),3918.0865530848855
4899,4899,10.48989375,0.0059654949077874,(0.02627517020190284+0.0684229664364404j),3918.886489090007,(0.026275170201905725+0.06842296643643977j),3918.886489090007
4900,4900,10.48999375,0.0082036998331181,(-0.13200001648559084+0.04092714823498046j),3919.686425095129,(-0.1320000164855893+0.04092714823497992j),3919.6864250951285
4901,4901,10.49009375,0.0080246821236335,(-0.009465349519858599+0.04057639219371157j),3920.48636110025,(-0.009465349519854912+0.04057639219371101j),3920.48636110025
4902,4902,10.49019375,0.0090696079550766,(-0.0037172864899168603-0.006142219802530855j),3921.286297105371,(-0.0037172864899158806-0.006142219802529573j),3921.2862971053714
4903,4903,10.49029375,0.0082568239131819,(0.13653417846014604+0.044733584995872454j),3922.0862331104927,(0.13653417846014654+0.04473358499587409j),3922.0862331104927
4904,4904,10.49039375,0.0087722013522527,(-0.07551867932083776+0.08657284309354085j),3922.8861691156144,(-0.07551867932083599+0.08657284309353912j),3922.8861691156144
4905,4905,10.49049375,0.0086312621786388,(-0.06454672892298247-0.09074262791405412j),3923.686105120736,(-0.0645467289229805-0.09074262791405299j),3923.6861051207356
4906,4906,10.49059375,0.0072573900694962,(-0.08433820713026798-0.06086769122564624j),3924.486041125858,(-0.084338207130271-0.0608676912256482j),3924.4860411258574
4907,4907,10.49069375,0.0066222502471317,(0.12006010771698433-0.03415843597512474j),3925.2859771309786,(0.1200601077169855-0.034158435975126404j),3925.2859771309786
4908,4908,10.49079375,0.0038655075372201,(-0.013521506480476852+0.0016263205754288921j),3926.0859131361,(-0.013521506480476366+0.0016263205754253958j),3926.0859131361003
4909,4909,10.49089375,0.0051901098235748,(-0.0493129786347324-0.032223408950104566j),3926.8858491412216,(-0.04931297863472953-0.032223408950101895j),3926.8858491412216
4910,4910,10.49099375,0.005003777421515,(0.03695309617466835+0.05391098727096932j),3927.685785146343,(0.036953096174666404+0.053910987270970094j),3927.685785146343
4911,4911,10.49109375,0.0031189438163478,(0.027674849257400193-0.10892117388283384j),3928.485721151465,(0.027674849257403676-0.10892117388283248j),3928.4857211514645
4912,4912,10.49119375,0.005301621680092,(0.023958916895396073-0.046896595775838115j),3929.285657156586,(0.023958916895397177-0.046896595775839614j),3929.285657156586
4913,4913,10.49129375,0.0060764191474822,(-0.07367955360341887-0.019271287821789426j),3930.085593161708,(-0.07367955360342136-0.01927128782179279j),3930.0855931617075
4914,4914,10.49139375,0.00624065111197,(0.011585263376262388-0.029909479979530924j),3930.8855291668287,(0.011585263376261886-0.029909479979529772j),3930.8855291668287
4915,4915,10.49149375,0.0047794441753478,(0.004949248860856877-0.0852626493160145j),3931.6854651719514,(0.004949248860858327-0.08526264931601577j),3931.6854651719505
4916,4916,10.49159375,0.0053111356297509,(0.1143447952590581-0.06899175470375872j),3932.485401177072,(0.11434479525906097-0.06899175470376136j),3932.4854011770717
4917,4917,10.49169375,0.0058548186597929,(-0.08405937556043491-0.01853256974970528j),3933.2853371821934,(-0.08405937556043237-0.018532569749705824j),3933.2853371821934
4918,4918,10.49179375,0.0035994924294086,(0.10259737194563738+0.06944167554850125j),3934.085273187314,(0.10259737194563752+0.06944167554850005j),3934.0852731873147
4919,4919,10.49189375,0.0039299480477941,(0.021128877259786325+0.0107247683154379j),3934.885209192436,(0.021128877259787304+0.01072476831543328j),3934.885209192436
4920,4920,10.49199375,0.0029023423267422,(0.1793289038031649-0.020168636062816825j),3935.6851451975576,(0.17932890380316518-0.020168636062813702j),3935.6851451975576
4921,4921,10.49209375,0.0019181619354886,(0.011407937142093432+0.023590725106086036j),3936.485081202679,(0.011407937142098215+0.023590725106086865j),3936.485081202679
4922,4922,10.49219375,0.0018197784988906,(0.028962135157253124-0.06524078958378657j),3937.2850172078006,(0.028962135157251316-0.06524078958378579j),3937.2850172078006
4923,4923,10.49229375,0.0031442703080714,(0.011521263255707154-0.09300655192668131j),3938.084953212922,(0.011521263255706765-0.09300655192668002j),3938.084953212922
4924,4924,10.49239375,0.0053817798400569,(0.13254130659104257+0.028449585822541156j),3938.884889218044,(0.13254130659104293+0.028449585822545354j),3938.8848892180436
4925,4925,10.49249375,0.0058813815932347,(0.051962174798229385-0.058896388495739804j),3939.684825223165,(0.05196217479823058-0.058896388495744995j),3939.684825223165
4926,4926,10.49259375,0.0049291584082089,(-0.017621581038222867+0.05440043147832418j),3940.4847612282874,(-0.017621581038219293+0.05440043147832894j),3940.4847612282865
4927,4927,10.49269375,0.0040783433173089,(-0.004892786993450743+0.03847719380221707j),3941.284697233408,(-0.004892786993453156+0.038477193802214975j),3941.2846972334078
4928,4928,10.49279375,0.0049048992937923,(0.04804696898744639+0.03800607756300587j),3942.084633238529,(0.04804696898744483+0.038006077563004254j),3942.084633238529
4929,4929,10.49289375,0.0051354015335,(0.008412743641897475+0.0668520773654289j),3942.8845692436503,(0.00841274364189377+0.06685207736542922j),3942.8845692436507
4930,4930,10.49299375,0.0038771732847449,(-0.019956471952566664+0.008736401287974462j),3943.684505248772,(-0.01995647195256954+0.008736401287971948j),3943.684505248772
4931,4931,10.49309375,0.0018125615662637,(-0.005116150538153844-0.03927794361724298j),3944.4844412538937,(-0.005116150538152569-0.03927794361724353j),3944.4844412538937
4932,4932,10.49319375,0.0026431367119284,(0.08032124081859508-0.0756418465455614j),3945.284377259015,(0.08032124081859475-0.07564184654556069j),3945.284377259015
4933,4933,10.49329375,0.0026504656112119,(0.02301999547481199+0.03724769244539908j),3946.0843132641367,(0.02301999547481199+0.03724769244539682j),3946.0843132641367
4934,4934,10.49339375,0.0022527773166709,(-0.03443101847455932+0.05782755730185731j),3946.884249269258,(-0.034431018474557235+0.05782755730185618j),3946.884249269258
4935,4935,10.49349375,0.0025253693822724,(0.04722154598216044+0.02125625235255102j),3947.68418527438,(0.047221545982159524+0.021256252352548848j),3947.6841852743796
4936,4936,10.49359375,0.0025382981772841,(-0.07575251444914269+0.032388346119027106j),3948.484121279501,(-0.07575251444914838+0.03238834611902676j),3948.484121279501
4937,4937,10.49369375,0.0023196356578113,(-0.02392565776028663-0.09397287737954732j),3949.284057284622,(-0.023925657760286906-0.09397287737955176j),3949.284057284622
4938,4938,10.49379375,0.0024915308787692,(-0.14226752203775495-0.09239256059327815j),3950.083993289744,(-0.1422675220377538-0.0923925605932758j),3950.083993289744
4939,4939,10.49389375,0.0032800140205951,(-0.0020324767254898055+0.1302287786356024j),3950.883929294865,(-0.0020324767254870507+0.13022877863560212j),3950.883929294865
4940,4940,10.49399375,0.0029732386204217,(-0.03432599433750572-0.07622532024796506j),3951.683865299987,(-0.03432599433750881-0.07622532024796215j),3951.683865299987
4941,4941,10.49409375,0.0019607351121662,(0.01555505177703345+0.031578712954897316j),3952.483801305108,(0.015555051777036023+0.03157871295489701j),3952.483801305108
4942,4942,10.49419375,0.0033448427755327,(-0.0531759709697672+0.013406903566557535j),3953.2837373102298,(-0.05317597096976985+0.013406903566553979j),3953.2837373102298
4943,4943,10.49429375,0.0056596343663176,(0.043855610122592585-0.0021373695481719563j),3954.083673315351,(0.04385561012259219-0.0021373695481725036j),3954.083673315351
4944,4944,10.49439375,0.0051973578032014,(-0.003944723071241628+0.07429110552900717j),3954.8836093204727,(-0.003944723071234751+0.07429110552900703j),3954.8836093204727
4945,4945,10.49449375,0.0055358355103618,(-0.047121735017273556+0.01857170106891369j),3955.683545325594,(-0.04712173501726648+0.018571701068914884j),3955.683545325594
4946,4946,10.49459375,0.0046754557772772,(0.011806128638403163-0.07662532358465837j),3956.483481330715,(0.011806128638405591-0.07662532358465352j),3956.483481330715
4947,4947,10.49469375,0.0033470089315431,(0.07494452615109885-0.10077184850181797j),3957.283417335837,(0.07494452615109852-0.1007718485018157j),3957.283417335837
4948,4948,10.49479375,0.003244503738634,(0.03209300243723573+0.031366846966826296j),3958.083353340958,(0.03209300243723497+0.031366846966826324j),3958.083353340958
4949,4949,10.49489375,0.0039195395875382,(-0.020646184665258607+0.0309336650025767j),3958.88328934608,(-0.02064618466526032+0.03093366500257454j),3958.88328934608
4950,4950,10.49499375,0.0036713272112848,(-0.04763096038996906-0.09648918602723974j),3959.683225351201,(-0.04763096038996682-0.09648918602724084j),3959.683225351201
4951,4951,10.49509375,0.0016783881025952,(0.0009584163363323822+0.12231455878315144j),3960.483161356323,(0.0009584163363357961+0.12231455878315246j),3960.483161356323
4952,4952,10.49519375,0.0051429049251819,(0.021989200622470933-0.016652507408198278j),3961.283097361444,(0.02198920062246907-0.016652507408196807j),3961.283097361444
4953,4953,10.49529375,0.0067456296179626,(0.06201010615409157+0.08269421980412753j),3962.083033366566,(0.062010106154094524+0.08269421980413218j),3962.083033366566
4954,4954,10.49539375,0.0066066740802176,(-0.06148449341252913+0.04337748086317862j),3962.882969371687,(-0.061484493412528166+0.04337748086318076j),3962.882969371687
4955,4955,10.49549375,0.0058270955977962,(0.02734271389919533-0.057264257823687464j),3963.682905376808,(0.027342713899193433-0.05726425782368434j),3963.6829053768083
4956,4956,10.49559375,0.006431134209316,(0.052570594577758915+0.06262442993495738j),3964.48284138193,(0.052570594577758166+0.06262442993495483j),3964.48284138193
4957,4957,10.49569375,0.0067193482663962,(0.04625944101013556+0.0033611292490694344j),3965.2827773870513,(0.04625944101013786+0.0033611292490631998j),3965.2827773870513
4958,4958,10.49579375,0.0055970602246655,(-0.08436669015248999-0.042152306989629545j),3966.082713392173,(-0.08436669015249064-0.042152306989633154j),3966.082713392173
4959,4959,10.49589375,0.0053333573336675,(-0.09898730897638514-0.06922477470445901j),3966.8826493972942,(-0.09898730897638508-0.06922477470446217j),3966.8826493972942
4960,4960,10.49599375,0.0065781414278163,(0.07901468202520369+0.06230211700940151j),3967.682585402416,(0.07901468202520309+0.0623021170094027j),3967.682585402416
4961,4961,10.49609375,0.0064524372241042,(0.023812054652981706-0.05836021478142625j),3968.482521407537,(0.023812054652983927-0.058360214781427625j),3968.482521407537
4962,4962,10.49619375,0.0063364437288156,(-0.04538118976032582+0.00764486165434879j),3969.282457412659,(-0.04538118976032752+0.007644861654345526j),3969.282457412659
4963,4963,10.49629375,0.0075512587801089,(-0.10048784366609262+0.007070097491111434j),3970.08239341778,(-0.10048784366608911+0.00707009749110922j),3970.08239341778
4964,4964,10.49639375,0.0082373791710185,(-0.016373659409476857-0.002622762398385386j),3970.882329422901,(-0.016373659409474328-0.002622762398381771j),3970.8823294229014
4965,4965,10.49649375,0.0095121362248567,(-0.07814831866945562-0.1229668814476512j),3971.682265428023,(-0.0781483186694531-0.12296688144765079j),3971.682265428023
4966,4966,10.49659375,0.0093058117214014,(0.010149782839820145+0.023642763250933403j),3972.482201433144,(0.010149782839816941+0.0236427632509356j),3972.4822014331444
4967,4967,10.49669375,0.0082733763522898,(-0.008886215994196003+0.03665248548254951j),3973.282137438266,(-0.008886215994196813+0.03665248548254971j),3973.282137438266
4968,4968,10.49679375,0.0087828824890187,(0.11640310174471993+0.009543079531158176j),3974.0820734433873,(0.11640310174471898+0.009543079531160667j),3974.0820734433873
4969,4969,10.49689375,0.0076731510094333,(0.038937517935409456+0.09572962521088488j),3974.882009448509,(0.03893751793541013+0.09572962521088503j),3974.882009448509
4970,4970,10.49699375,0.0082540418171798,(-0.018652623357174398-0.04167282444474735j),3975.6819454536303,(-0.01865262335717305-0.04167282444475042j),3975.6819454536303
4971,4971,10.49709375,0.0072984306176254,(0.05988659265441477-0.05443546903028968j),3976.481881458752,(0.059886592654413366-0.05443546903028678j),3976.481881458752
4972,4972,10.49719375,0.0086853498892209,(-0.10801876563417447+0.04052630027591036j),3977.281817463873,(-0.10801876563417251+0.040526300275910705j),3977.2818174638733
4973,4973,10.49729375,0.0078918816174556,(0.09597480399703304-0.04468369635618165j),3978.0817534689945,(0.09597480399702962-0.04468369635617808j),3978.0817534689945
4974,4974,10.49739375,0.0071554325845418,(0.06495538305083975-0.042730794244272036j),3978.881689474116,(0.06495538305083784-0.04273079424427302j),3978.8816894741162
4975,4975,10.49749375,0.0066584464475124,(-0.00737140525340008+0.030781843014142284j),3979.6816254792375,(-0.007371405253399678+0.03078184301414144j),3979.6816254792375
4976,4976,10.49759375,0.0081108439831291,(-0.16946416554485297-0.05600912670332833j),3980.481561484359,(-0.16946416554485338-0.056009126703331066j),3980.481561484359
4977,4977,10.49769375,0.0095488671792976,(-0.046483007931442104+0.039171945982048886j),3981.28149748948,(-0.0464830079314432+0.03917194598204554j),3981.2814974894804
4978,4978,10.49779375,0.0083679125008057,(0.015910382490945525+0.06515890817016046j),3982.081433494602,(0.015910382490945955+0.06515890817016166j),3982.081433494602
4979,4979,10.49789375,0.0088738697582208,(-0.08358659394709977-0.08567363006082543j),3982.8813694997234,(-0.08358659394709947-0.08567363006082612j),3982.8813694997234
4980,4980,10.49799375,0.0072425957103582,(-0.011145326554828847-0.017515710291076233j),3983.6813055048447,(-0.011145326554827667-0.01751571029107517j),3983.6813055048447
4981,4981,10.49809375,0.0069787170701938,(0.04048785695598807+0.09889555696412484j),3984.4812415099664,(0.04048785695598801+0.09889555696412292j),3984.4812415099664
4982,4982,10.49819375,0.0050730810900706,(0.019739013154243003-0.03221666880147159j),3985.281177515088,(0.01973901315424385-0.03221666880147401j),3985.2811775150876
4983,4983,10.49829375,0.0060431910228258,(0.15595397794850285+0.0068076944930147015j),3986.081113520209,(0.15595397794850682+0.006807694493016422j),3986.0811135202093
4984,4984,10.49839375,0.0057790686298419,(-0.10147443041482129+0.09299274268897181j),3986.8810495253306,(-0.10147443041481938+0.09299274268897245j),3986.8810495253306
4985,4985,10.49849375,0.0052227419095173,(-0.09943840682373448-0.09604980262032482j),3987.680985530452,(-0.09943840682373448-0.0960498026203257j),3987.6809855304523
4986,4986,10.49859375,0.0052478024155135,(0.04588218833189306+0.0602988982676593j),3988.4809215355735,(0.04588218833189067+0.060298898267659204j),3988.4809215355735
4987,4987,10.49869375,0.0078610496660815,(0.0329675621019948+0.062406615898578745j),3989.2808575406953,(0.03296756210199791+0.062406615898574776j),3989.2808575406953
4988,4988,10.49879375,0.0083322646375815,(0.007536798796364959-0.008468946529411691j),3990.080793545817,(0.007536798796365079-0.00846894652941618j),3990.0807935458165
4989,4989,10.49889375,0.0083098494204247,(-0.03975510631109755-0.11141673289739056j),3990.8807295509378,(-0.03975510631109677-0.11141673289738738j),3990.8807295509378
4990,4990,10.49899375,0.0075797629620684,(0.0008033463507998648+0.028721403567030946j),3991.68066555606,(0.0008033463507996132+0.028721403567029916j),3991.6806655560595
4991,4991,10.49909375,0.0078511242486081,(0.1039265051183943+0.09840618781934028j),3992.4806015611807,(0.10392650511839319+0.09840618781934302j),3992.4806015611807
4992,4992,10.49919375,0.0077561166473951,(0.03192533901791265+0.009813806902074472j),3993.2805375663024,(0.031925339017914355+0.009813806902071124j),3993.2805375663024
4993,4993,10.49929375,0.0053147345048479,(-0.0587522905499625-0.04114831851382853j),3994.080473571424,(-0.05875229054996284-0.041148318513833534j),3994.0804735714237
4994,4994,10.49939375,0.0046714203536792,(-0.05533946714801522+0.0985708089271486j),3994.8804095765454,(-0.055339467148015374+0.09857080892715037j),3994.8804095765454
4995,4995,10.49949375,0.0036937013087483,(0.05192871231210109+0.09838758900407968j),3995.680345581666,(0.05192871231210334+0.09838758900407923j),3995.6803455816666
4996,4996,10.49959375,0.0039588547279233,(0.008177254239136924-0.003912657649879319j),3996.480281586789,(0.008177254239136518-0.003912657649874832j),3996.4802815867884
4997,4997,10.49969375,0.0039408561333699,(-0.16634264860050726+0.05200535534374119j),3997.2802175919096,(-0.16634264860050918+0.052005355343745174j),3997.2802175919096
4998,4998,10.49979375,0.0050609829729861,(0.0073053603197873185-0.054530708917180495j),3998.080153597031,(0.007305360319790132-0.05453070891718324j),3998.080153597031
4999,4999,10.49989375,0.0061607178823912,(-0.11661818550723817-0.011899005184355776j),3998.880089602153,(-0.11661818550724046-0.01189900518435887j),3998.8800896021526
5000,5000,10.49999375,0.0054283915620008,(-0.0920523440417386+0.2477219797100617j),3999.680025607274,(-0.09205234404173976+0.24772197971006488j),3999.680025607274
5001,5001,10.50009375,0.0064839230777053,(0.038394951618979455+0.06349494392092835j),4000.479961612396,(0.03839495161898031+0.06349494392093094j),4000.4799616123955
5002,5002,10.50019375,0.0051443643192183,(0.12859795410628222-0.07206389230035992j),4001.279897617517,(0.12859795410628347-0.072063892300359j),4001.279897617517
5003,5003,10.50029375,0.0052870684410403,(-0.018352639736489113+0.07703876252133163j),4002.0798336226394,(-0.018352639736489575+0.07703876252132978j),4002.0798336226385
5004,5004,10.50039375,0.0041372244020686,(-0.0027338027591128117+0.027999092831706575j),4002.87976962776,(-0.002733802759116635+0.02799909283171154j),4002.8797696277597
5005,5005,10.50049375,0.0038548949070286,(0.10789140013532372-0.018965382189070325j),4003.6797056328815,(0.10789140013532905-0.018965382189071782j),4003.6797056328815
5006,5006,10.50059375,0.0025159298163874,(-0.06200742256425039-0.011657228503677751j),4004.4796416380022,(-0.06200742256424919-0.011657228503672276j),4004.4796416380027
5007,5007,10.50069375,0.0034664601517418,(0.0758952320745712-0.04333176416438992j),4005.279577643124,(0.07589523207457177-0.04333176416438607j),4005.279577643124
5008,5008,10.50079375,0.0029014633398756,(-0.09724848391539187+0.1676128329390678j),4006.0795136482457,(-0.09724848391539419+0.16761283293907084j),4006.0795136482457
5009,5009,10.50089375,0.0050075419157664,(-0.06268857640269634+0.04892514585744791j),4006.879449653367,(-0.06268857640269765+0.04892514585744728j),4006.879449653367
5010,5010,10.50099375,0.0034970795878705,(-0.007195926890968818+0.06197445087997737j),4007.6793856584886,(-0.00719592689097167+0.06197445087997244j),4007.6793856584886
5011,5011,10.50109375,0.0047524312784,(0.023217610252053537+0.07272522834092815j),4008.47932166361,(0.023217610252053843+0.07272522834092786j),4008.47932166361
5012,5012,10.50119375,0.0036585293917321,(0.0315743587633891-0.04760726128027899j),4009.279257668732,(0.03157435876338907-0.04760726128027967j),4009.2792576687316
5013,5013,10.50129375,0.0047809008633709,(-0.04304312175069652+0.05060248854153874j),4010.079193673853,(-0.043043121750701276+0.0506024885415427j),4010.079193673853
5014,5014,10.50139375,0.0029806169721846,(-0.07362948145698202-0.028859229038852408j),4010.879129678975,(-0.07362948145698171-0.028859229038844803j),4010.8791296789746
5015,5015,10.50149375,0.0020151518481593,(-0.07686200340046595-0.05722605318198175j),4011.679065684096,(-0.0768620034004665-0.05722605318198183j),4011.679065684096
5016,5016,10.50159375,0.0019183742095974,(-0.04878607671155173-0.05781318607570752j),4012.479001689217,(-0.04878607671155419-0.057813186075706235j),4012.479001689217
5017,5017,10.50169375,0.0030984941159841,(0.05455250864679109-0.01879411410680138j),4013.2789376943383,(0.054552508646787366-0.018794114106803143j),4013.2789376943388
5018,5018,10.50179375,0.0028643651955892,(-0.019828255574673638+0.025429190688014885j),4014.07887369946,(-0.019828255574673975+0.02542919068801477j),4014.07887369946
5019,5019,10.50189375,0.0041948725472772,(0.027243020133550323+0.02439553035755006j),4014.8788097045817,(0.027243020133552353+0.02439553035754707j),4014.8788097045817
5020,5020,10.50199375,0.0035439444634132,(-0.10393235204442475-0.11264747108163925j),4015.678745709703,(-0.10393235204442428-0.11264747108164004j),4015.678745709703
5021,5021,10.50209375,0.0036063232307587,(0.07550027436988152-0.02307076115452416j),4016.4786817148247,(0.07550027436988468-0.02307076115452773j),4016.4786817148247
5022,5022,10.50219375,0.0032017483466299,(-0.12757878238229017+0.025744016298739427j),4017.278617719946,(-0.12757878238228648+0.025744016298742026j),4017.278617719946
5023,5023,10.50229375,0.002271681923709,(0.039414335143391405-0.01878277099757749j),4018.078553725068,(0.03941433514339048-0.018782770997579357j),4018.0785537250676
5024,5024,10.50239375,0.0030308891905548,(-0.03453666861863063-0.06894782511008067j),4018.878489730189,(-0.03453666861863081-0.0689478251100802j),4018.878489730189
5025,5025,10.50249375,0.0026075891073553,(0.00670102495232632+0.042585849194417456j),4019.67842573531,(0.006701024952321498+0.04258584919441793j),4019.67842573531
5026,5026,10.50259375,0.0031361180161367,(-0.060900109914899546+0.045854703587143456j),4020.478361740432,(-0.06090010991489875+0.045854703587140645j),4020.478361740432
5027,5027,10.50269375,0.004280685290534,(-0.03599956439660654+0.026959109912134523j),4021.278297745553,(-0.03599956439660652+0.026959109912132313j),4021.278297745553
5028,5028,10.50279375,0.0050658690506551,(-0.049482327262712435-0.028487224294157183j),4022.078233750675,(-0.04948232726271311-0.0284872242941516j),4022.078233750675
5029,5029,10.50289375,0.0058313889489234,(-0.07532032959981816-0.010549361972095949j),4022.878169755796,(-0.07532032959981995-0.010549361972097444j),4022.878169755796
5030,5030,10.50299375,0.0048167871150794,(0.004012848151924905-0.03935203371218096j),4023.678105760918,(0.004012848151927036-0.03935203371217778j),4023.678105760918
5031,5031,10.50309375,0.0050061915605444,(0.09121684909711898+0.09658454388331743j),4024.478041766039,(0.09121684909711884+0.09658454388331715j),4024.478041766039
5032,5032,10.50319375,0.004755524627907,(0.18083919241646623-0.023234513167708824j),4025.2779777711607,(0.18083919241646618-0.023234513167707j),4025.2779777711607
5033,5033,10.50329375,0.0038117510162719,(0.006317051829315627-0.0013097340149574145j),4026.077913776282,(0.006317051829322854-0.0013097340149582515j),4026.077913776282
5034,5034,10.50339375,0.004195700910027,(-0.04999559551453576+0.05479638378308833j),4026.8778497814033,(-0.04999559551453618+0.05479638378309307j),4026.8778497814033
5035,5035,10.50349375,0.0043530375391773,(-0.15105180125127024+0.13428306301823112j),4027.677785786525,(-0.1510518012512721+0.1342830630182292j),4027.677785786525
5036,5036,10.50359375,0.0039902324233213,(0.036380775171529406+0.0827373456861364j),4028.477721791646,(0.03638077517152926+0.08273734568613729j),4028.477721791646
5037,5037,10.50369375,0.0043200084698274,(-0.02551765742358402-0.10800401480520064j),4029.277657796768,(-0.02551765742358253-0.10800401480520073j),4029.277657796768
5038,5038,10.50379375,0.004973205747965,(-0.10303711475803987-0.08966128665699262j),4030.077593801889,(-0.10303711475803949-0.08966128665699084j),4030.077593801889
5039,5039,10.50389375,0.0062139718988557,(-0.05438221321765962+0.08824768478908027j),4030.877529807011,(-0.0543822132176596+0.08824768478907867j),4030.877529807011
5040,5040,10.50399375,0.0069891225088966,(0.0977672899896363+0.030205771726723216j),4031.677465812132,(0.0977672899896379+0.03020577172672018j),4031.677465812132
5041,5041,10.50409375,0.0072667520094304,(0.15917605014550668-0.022779396358225706j),4032.477401817254,(0.159176050145507-0.022779396358226622j),4032.477401817254
5042,5042,10.50419375,0.006338787401364,(0.02759674595822599-0.10932125393770818j),4033.277337822375,(0.027596745958230227-0.10932125393770994j),4033.277337822375
5043,5043,10.50429375,0.0061160270647352,(-0.05652702039130201-0.021380504031325593j),4034.077273827496,(-0.056527020391301516-0.021380504031320982j),4034.0772738274964
5044,5044,10.50439375,0.0077733579700897,(-0.006884585908414242-0.07165692827472131j),4034.877209832618,(-0.00688458590841327-0.07165692827471802j),4034.877209832618
5045,5045,10.50449375,0.0075251045051014,(0.0791605404677143-0.018097037147852157j),4035.6771458377393,(0.07916054046771685-0.01809703714784965j),4035.6771458377393
5046,5046,10.50459375,0.0057835242656221,(0.13815986155135962-0.01057211477120984j),4036.477081842861,(0.1381598615513619-0.010572114771208327j),4036.477081842861
5047,5047,10.50469375,0.0047823924052807,(-0.018080747646414895+0.027121476038959084j),4037.2770178479823,(-0.01808074764641065+0.027121476038955206j),4037.2770178479823
5048,5048,10.50479375,0.0061527249902824,(-0.0625167735531565+0.04321855711912473j),4038.076953853104,(-0.06251677355315409+0.0432185571191223j),4038.076953853104
5049,5049,10.50489375,0.0063972034024951,(0.04955638226948071+0.0649070070174433j),4038.876889858225,(0.0495563822694788+0.06490700701744673j),4038.8768898582252
5050,5050,10.50499375,0.0062657608926328,(-0.009879372009982207+0.026711329532490773j),4039.6768258633465,(-0.009879372009981256+0.02671132953248673j),4039.6768258633465
5051,5051,10.50509375,0.0067115360732818,(-0.028314925762960432+0.011422169689916349j),4040.476761868468,(-0.028314925762960602+0.011422169689917985j),4040.476761868468
5052,5052,10.50519375,0.0073743491175271,(-0.09932987375907062-0.003958243189987221j),4041.2766978735895,(-0.09932987375907357-0.0039582431899867j),4041.2766978735895
5053,5053,10.50529375,0.0076181032251211,(-0.10355022496539522+0.02496108181400067j),4042.076633878711,(-0.10355022496539598+0.024961081814002424j),4042.076633878711
5054,5054,10.50539375,0.0080906306943103,(0.0023353119019718267-0.03861310766785252j),4042.876569883832,(0.0023353119019693495-0.03861310766785256j),4042.8765698838324
5055,5055,10.50549375,0.0086409698238223,(-0.0016707998144002197-0.06238225893451743j),4043.676505888954,(-0.0016707998144006656-0.06238225893451548j),4043.676505888954
5056,5056,10.50559375,0.008624653986466,(-0.0066960336413929185-0.0736233335574885j),4044.4764418940754,(-0.006696033641393977-0.07362333355748904j),4044.4764418940754
5057,5057,10.50569375,0.0076447710863706,(-0.10503096695801517+0.03185698846408508j),4045.276377899197,(-0.10503096695801553+0.031856988464083025j),4045.276377899197
5058,5058,10.50579375,0.0079298023520478,(-0.010557695998446033+0.10473389441380612j),4046.0763139043183,(-0.010557695998445886+0.10473389441380627j),4046.0763139043183
5059,5059,10.50589375,0.0077086522626804,(0.05403204094107186+0.1018348698539597j),4046.87624990944,(0.05403204094107311+0.10183486985395901j),4046.8762499094396
5060,5060,10.50599375,0.0069208945709861,(-0.0109928894287913-0.08743332156760496j),4047.676185914561,(-0.010992889428792035-0.08743332156760505j),4047.6761859145613
5061,5061,10.50609375,0.0067102934535038,(-0.03661588025221974-0.0003926121331463408j),4048.4761219196826,(-0.0366158802522204-0.00039261213314462085j),4048.4761219196826
5062,5062,10.50619375,0.0072599290220176,(-0.008988283567386415+0.07809908457712264j),4049.276057924804,(-0.008988283567387602+0.07809908457712017j),4049.2760579248043
5063,5063,10.50629375,0.0078238510535294,(0.012481089791602614+0.057625392138393634j),4050.0759939299255,(0.01248108979160007+0.057625392138394474j),4050.0759939299255
5064,5064,10.50639375,0.0070652698418927,(0.04059627367161213+0.05769768009263482j),4050.875929935047,(0.04059627367160897+0.057697680092636164j),4050.875929935047
5065,5065,10.50649375,0.0082868413650793,(-0.012239170065218973-0.01723873561601319j),4051.675865940169,(-0.012239170065220323-0.017238735616015806j),4051.6758659401685
5066,5066,10.50659375,0.0081655932144279,(0.091124950756787-0.005860303688009348j),4052.47580194529,(0.09112495075678781-0.005860303688008867j),4052.47580194529
5067,5067,10.50669375,0.0086935614696268,(-0.029372237059228867+0.04326555934228739j),4053.275737950411,(-0.029372237059225696+0.043265559342288554j),4053.2757379504114
5068,5068,10.50679375,0.0078388258549686,(0.09365312507613409+0.03277740017173536j),4054.0756739555327,(0.09365312507613749+0.03277740017173348j),4054.0756739555327
5069,5069,10.50689375,0.0073665394381511,(-0.008822095043398431-0.0029398175138480474j),4054.8756099606544,(-0.00882209504339771-0.002939817513850333j),4054.8756099606544
5070,5070,10.50699375,0.007396031132757,(0.026914954070349044-0.04660780673744183j),4055.675545965776,(0.026914954070349252-0.04660780673744306j),4055.6755459657757
5071,5071,10.50709375,0.0068396523258982,(0.01594340569700231+0.04208315964117824j),4056.475481970898,(0.015943405696999677+0.04208315964118069j),4056.4754819708974
5072,5072,10.50719375,0.0070004940824843,(-0.031072316463916866+0.03582423186321345j),4057.2754179760186,(-0.031072316463915513+0.03582423186321465j),4057.2754179760186
5073,5073,10.50729375,0.0053299881561346,(-0.029302329459827005-0.0026762003258001717j),4058.07535398114,(-0.029302329459825548-0.0026762003258030184j),4058.0753539811403
5074,5074,10.50739375,0.0066321861920197,(0.07310969807393376+0.06432715043697375j),4058.8752899862616,(0.07310969807393188+0.06432715043697455j),4058.8752899862616
5075,5075,10.50749375,0.0072581040660697,(-0.0008498675939809085+0.01671095291613102j),4059.6752259913833,(-0.000849867593979794+0.016710952916132768j),4059.6752259913833
5076,5076,10.50759375,0.0089078544410841,(0.0018494420506149911-0.03669332542019791j),4060.475161996505,(0.0018494420506135287-0.03669332542019045j),4060.4751619965045
5077,5077,10.50769375,0.0069921575746056,(0.01962680018464528+0.08875958318474841j),4061.275098001626,(0.019626800184649046+0.0887595831847482j),4061.275098001626
5078,5078,10.50779375,0.0073125456731403,(-0.0054902729268250655-0.03409516387930481j),4062.075034006748,(-0.005490272926821154-0.03409516387930227j),4062.0750340067475
5079,5079,10.50789375,0.0059625889958927,(0.058926176241149646-0.003294800073921611j),4062.8749700118688,(0.058926176241150006-0.0032948000739235666j),4062.8749700118688
5080,5080,10.50799375,0.0057600342927137,(-0.053283636430104024-0.04372017706354664j),4063.6749060169914,(-0.05328363643010669-0.04372017706354894j),4063.6749060169905
5081,5081,10.50809375,0.0050979084830059,(0.007559184151039421+0.059062977227158j),4064.474842022112,(0.0075591841510419325+0.05906297722715697j),4064.4748420221117
5082,5082,10.50819375,0.0057547301059757,(0.0036532726395603655-0.02872057534024249j),4065.2747780272334,(0.0036532726395571346-0.028720575340239585j),4065.2747780272334
5083,5083,10.50829375,0.0041155039875825,(-0.004448094457688435+0.03244067521228275j),4066.074714032354,(-0.00444809445769136+0.03244067521228104j),4066.0747140323547
5084,5084,10.50839375,0.0047378797164377,(-0.029778689462937467-0.048324540391839976j),4066.874650037477,(-0.029778689462935937-0.04832454039184012j),4066.8746500374764
5085,5085,10.50849375,0.0036143094569405,(-0.052722787462548874+0.030036433075252965j),4067.6745860425976,(-0.05272278746254903+0.03003643307525193j),4067.6745860425976
5086,5086,10.50859375,0.0049011654729125,(0.024776721132192488+0.009387686487077235j),4068.474522047719,(0.024776721132191964+0.00938768648707668j),4068.474522047719
5087,5087,10.50869375,0.0037975874258594,(0.06683442283835875-0.010058652777790587j),4069.2744580528406,(0.06683442283835941-0.010058652777791747j),4069.2744580528406
5088,5088,10.50879375,0.0048851920202514,(0.049499633311659526-0.032860163328979744j),4070.074394057962,(0.049499633311661344-0.03286016332898163j),4070.074394057962
5089,5089,10.50889375,0.0041245025050753,(-0.09240033847204986-0.025160389102092118j),4070.874330063084,(-0.09240033847204701-0.025160389102094276j),4070.8743300630836
5090,5090,10.50899375,0.0043893285076257,(0.009402591312602428-0.006332241508171718j),4071.674266068205,(0.009402591312602534-0.006332241508173877j),4071.674266068205
5091,5091,10.50909375,0.0040334460372292,(0.014024127254843748+0.042501221735996j),4072.474202073327,(0.01402412725484355+0.042501221735997685j),4072.4742020733265
5092,5092,10.50919375,0.0038727929949265,(-0.05857684012349056-0.014067943031119901j),4073.274138078448,(-0.05857684012348284-0.014067943031122479j),4073.274138078448
5093,5093,10.50929375,0.003019772463751,(-0.017019352743988095-0.10491664749475747j),4074.0740740835695,(-0.01701935274399218-0.10491664749475901j),4074.0740740835695
5094,5094,10.50939375,0.0024231694084704,(-0.014899327816090956-0.029524676951297405j),4074.8740100886903,(-0.014899327816084627-0.02952467695129668j),4074.8740100886907
5095,5095,10.50949375,0.0013320224305471,(-0.04705038818116568+0.003915393061458369j),4075.673946093812,(-0.04705038818116517+0.003915393061455663j),4075.673946093812
5096,5096,10.50959375,0.0019410449660366,(0.06517531688002011-0.006579383122878632j),4076.4738820989337,(0.06517531688001957-0.006579383122878528j),4076.4738820989337
5097,5097,10.50969375,0.0020843355250494,(0.02590590032672031-0.003586750535115476j),4077.273818104055,(0.025905900326719508-0.003586750535112702j),4077.273818104055
5098,5098,10.50979375,0.0034829895694979,(-0.022115145499392128+0.024512513049809444j),4078.0737541091767,(-0.022115145499392763+0.02451251304981531j),4078.0737541091767
5099,5099,10.50989375,0.0031508805507332,(0.06936213290840428+0.0021345472081668593j),4078.873690114298,(0.0693621329084043+0.0021345472081685697j),4078.873690114298
5100,5100,10.50999375,0.0043956561403563,(-0.01646998048379056-0.027903948534880686j),4079.67362611942,(-0.016469980483786867-0.027903948534883427j),4079.6736261194196
5101,5101,10.51009375,0.0046157856704882,(0.02335671800912461-0.027928637200722185j),4080.473562124541,(0.023356718009122437-0.027928637200721276j),4080.473562124541
5102,5102,10.51019375,0.0045588562715192,(-0.02615801549899266-0.013822685511425183j),4081.273498129663,(-0.026158015498990075-0.013822685511425807j),4081.2734981296626
5103,5103,10.51029375,0.0029199130820581,(-0.0006895951076852644-0.009100401236211036j),4082.073434134784,(-0.0006895951076824275-0.00910040123621358j),4082.073434134784
5104,5104,10.51039375,0.0031448528045187,(0.05661799677404432-0.038938734888823115j),4082.873370139905,(0.05661799677404229-0.03893873488882563j),4082.873370139905
5105,5105,10.51049375,0.0034289958720002,(0.040959313003230684-0.013590059478611706j),4083.673306145027,(0.04095931300322975-0.01359005947860848j),4083.673306145027
5106,5106,10.51059375,0.0034308540791801,(-0.0598064993577242-0.02421881822517221j),4084.473242150148,(-0.05980649935772413-0.024218818225171874j),4084.473242150148
5107,5107,10.51069375,0.001780173522311,(0.0178363121755239-0.03032307821312847j),4085.2731781552698,(0.017836312175528883-0.03032307821312682j),4085.2731781552698
5108,5108,10.51079375,0.0022690416747785,(-0.03494316642100945-0.029178836330821276j),4086.073114160391,(-0.03494316642100806-0.02917883633081767j),4086.073114160391
5109,5109,10.51089375,0.0026132971851279,(-0.026451710754664074+0.0185002784992613j),4086.8730501655127,(-0.02645171075466256+0.018500278499259032j),4086.8730501655127
5110,5110,10.51099375,0.0034171894968667,(0.0558892372549+0.002103666440738644j),4087.672986170634,(0.055889237254897584+0.0021036664407391922j),4087.672986170634
5111,5111,10.51109375,0.0023226885501014,(0.03753316768660152-0.02743084275216376j),4088.472922175756,(0.03753316768659941-0.02743084275216426j),4088.4729221757557
5112,5112,10.51119375,0.0043737404501797,(-0.028583088311778557+0.04733851671135435j),4089.272858180877,(-0.028583088311781045+0.04733851671135734j),4089.272858180877
5113,5113,10.51129375,0.0053073055253231,(0.016178113600077922+0.003993140688378245j),4090.072794185998,(0.016178113600077704+0.003993140688382626j),4090.072794185998
5114,5114,10.51139375,0.005809926802207,(-0.061875531042898654-0.018188331281562144j),4090.87273019112,(-0.06187553104290088-0.01818833128156532j),4090.87273019112
5115,5115,10.51149375,0.0059249200198309,(-0.013358808305370425+0.006089922584401138j),4091.672666196241,(-0.013358808305372106+0.0060899225844008534j),4091.672666196241
5116,5116,10.51159375,0.0055238207916692,(0.0011396193884641876+0.02793988821695286j),4092.472602201363,(0.0011396193884622898+0.027939888216956678j),4092.472602201363
5117,5117,10.51169375,0.0046417127459034,(-0.05129498249369646+0.013688049408251766j),4093.272538206484,(-0.051294982493696586+0.013688049408251043j),4093.272538206484
5118,5118,10.51179375,0.0037978392664038,(-0.07051060664770678+0.06255012773900376j),4094.072474211606,(-0.07051060664770648+0.06255012773900342j),4094.072474211606
5119,5119,10.51189375,0.0028804222232285,(-0.07106363188868656-0.02447043034963365j),4094.872410216727,(-0.07106363188868894-0.02447043034963449j),4094.872410216727
5120,5120,10.51199375,0.0037182547833171,(0.027222352877054705+0.017477883829543354j),4095.672346221849,(0.027222352877052287+0.017477883829540762j),4095.672346221849
5121,5121,10.51209375,0.0023991678227038,(-0.06154261469894081-0.04968262765261624j),4096.47228222697,(-0.06154261469894564-0.04968262765261403j),4096.47228222697
5122,5122,10.51219375,0.0035071073266269,(0.034173978507061074-0.04802557043863749j),4097.272218232091,(0.034173978507061414-0.04802557043864038j),4097.272218232091
5123,5123,10.51229375,0.0047837769849196,(-0.08054101706286775+0.0033338712061232387j),4098.072154237213,(-0.08054101706286448+0.003333871206125563j),4098.072154237213
5124,5124,10.51239375,0.0066222232135998,(0.0539846843474204-0.03869923035289084j),4098.872090242335,(0.05398468434741933-0.03869923035288995j),4098.872090242335
5125,5125,10.51249375,0.0076217041909472,(0.005704512718176215-0.03907910198597468j),4099.672026247456,(0.005704512718175401-0.03907910198597788j),4099.6720262474555
5126,5126,10.51259375,0.0071641514613172,(0.04475847892462936+0.04208004689317077j),4100.471962252577,(0.04475847892462917+0.04208004689316977j),4100.471962252577
5127,5127,10.51269375,0.0079907069518773,(-0.06349515079491652-0.017326068394378107j),4101.271898257699,(-0.06349515079492071-0.017326068394378315j),4101.271898257699
5128,5128,10.51279375,0.0084087634191249,(0.0784310998224174+0.06265490075801895j),4102.071834262821,(0.07843109982241417+0.06265490075801759j),4102.071834262821
5129,5129,10.51289375,0.0074132964840942,(0.026412353198064235+0.07085506318422052j),4102.871770267941,(0.026412353198062517+0.07085506318422022j),4102.871770267941
5130,5130,10.51299375,0.007674936356091,(0.035552038667613244+0.002343257594189173j),4103.671706273063,(0.03555203866761782+0.0023432575941883995j),4103.671706273063
5131,5131,10.51309375,0.0058491701904854,(0.0036724469258610742-0.013268401212160073j),4104.471642278185,(0.0036724469258621307-0.013268401212158783j),4104.471642278185
5132,5132,10.51319375,0.0069727049278452,(0.00515402127484006+0.019370919509463493j),4105.271578283306,(0.005154021274843986+0.019370919509466362j),4105.271578283306
5133,5133,10.51329375,0.007319104112139,(-0.020290556824961437+0.04418729855544129j),4106.071514288427,(-0.020290556824960084+0.044187298555442275j),4106.071514288427
5134,5134,10.51339375,0.0061929223101735,(0.049784280619803105-0.016175531280376094j),4106.871450293549,(0.0497842806198059-0.01617553128037336j),4106.871450293549
5135,5135,10.51349375,0.0060800420074342,(0.04844337699993308+0.03280683855314271j),4107.671386298671,(0.0484433769999331+0.03280683855314524j),4107.671386298671
5136,5136,10.51359375,0.0058526964779157,(0.007078412537478316-0.015132600098523647j),4108.471322303792,(0.007078412537478183-0.01513260009852368j),4108.471322303792
5137,5137,10.51369375,0.0070898749370189,(-0.020359289566173847-0.026582347542874526j),4109.271258308913,(-0.02035928956617584-0.026582347542876954j),4109.271258308913
5138,5138,10.51379375,0.007277762979512,(0.06760254129441318+0.09856497027597097j),4110.071194314035,(0.06760254129441368+0.09856497027597003j),4110.071194314035
5139,5139,10.51389375,0.0075526467436159,(0.008190539454330015-0.00761666236772678j),4110.871130319156,(0.008190539454329161-0.0076166623677250914j),4110.871130319156
5140,5140,10.51399375,0.0079936511093554,(0.047507529753131696-0.06750770548904683j),4111.6710663242775,(0.04750752975313196-0.06750770548904705j),4111.6710663242775
5141,5141,10.51409375,0.0090763044790847,(-0.07523910413120989+0.013887228654419086j),4112.471002329399,(-0.07523910413120868+0.01388722865441934j),4112.471002329399
5142,5142,10.51419375,0.0084205985515706,(-0.10391273680089251+0.03011278747571189j),4113.270938334521,(-0.10391273680089515+0.03011278747571017j),4113.270938334521
5143,5143,10.51429375,0.0093791423424627,(-0.045932442127104+0.016394100306608362j),4114.070874339642,(-0.045932442127108467+0.016394100306607973j),4114.070874339642
5144,5144,10.51439375,0.0082722444481558,(-0.006116744425534702-0.031993598089539686j),4114.870810344763,(-0.006116744425533617-0.031993598089539284j),4114.870810344763
5145,5145,10.51449375,0.0082724825810614,(-0.03160622524705136-0.05186889659161943j),4115.670746349885,(-0.031606225247049605-0.051868896591624955j),4115.670746349885
5146,5146,10.51459375,0.007421776219487,(-0.03631867442930773-0.0840877856066814j),4116.470682355007,(-0.03631867442930796-0.08408778560668104j),4116.470682355007
5147,5147,10.51469375,0.0076728839967611,(-0.06603768496034729+0.0288673009643107j),4117.270618360128,(-0.06603768496034865+0.02886730096431117j),4117.270618360128
5148,5148,10.51479375,0.0079592808456164,(0.031816674719773425-0.053005011216365736j),4118.070554365249,(0.03181667471977379-0.053005011216363425j),4118.070554365249
5149,5149,10.51489375,0.0083022144652693,(-0.012651469739174494-0.04493919877495386j),4118.870490370371,(-0.012651469739173488-0.044939198774955544j),4118.870490370371
5150,5150,10.51499375,0.007042604311674,(0.016443179830121363-0.04206033949301457j),4119.670426375492,(0.016443179830118927-0.042060339493012265j),4119.670426375492
5151,5151,10.51509375,0.0084726510464693,(0.010948809846565186+0.09631240280297722j),4120.470362380614,(0.010948809846563781+0.09631240280298034j),4120.470362380614
5152,5152,10.51519375,0.0077966321932285,(0.09028665343643352-0.07016681710387535j),4121.270298385735,(0.09028665343643108-0.0701668171038728j),4121.270298385735
5153,5153,10.51529375,0.0088943775617094,(0.004645362977004814-0.06082055671503596j),4122.070234390857,(0.00464536297700574-0.060820556715036j),4122.070234390857
5154,5154,10.51539375,0.0079528745322256,(0.059032887267504754-0.10095206959666382j),4122.870170395978,(0.059032887267505184-0.10095206959666517j),4122.870170395978
5155,5155,10.51549375,0.0082380865496118,(0.025854731793973747+0.11599721174139704j),4123.6701064011,(0.025854731793972484+0.11599721174139821j),4123.6701064010995
5156,5156,10.51559375,0.0071049698059928,(-0.0204761144126816-0.01879545705805453j),4124.470042406221,(-0.020476114412677417-0.018795457058055375j),4124.470042406221
5157,5157,10.51569375,0.0070192823761278,(0.12202371821440601-0.05337695650009735j),4125.269978411342,(0.12202371821440626-0.05337695650009829j),4125.269978411342
5158,5158,10.51579375,0.0078129616702617,(0.03735870829218029+0.12940166302254685j),4126.069914416464,(0.03735870829217829+0.12940166302254616j),4126.069914416464
5159,5159,10.51589375,0.0072591900480896,(-0.10591052979174827+0.1164337675769097j),4126.869850421585,(-0.10591052979174592+0.11643376757690896j),4126.869850421585
5160,5160,10.51599375,0.0059499752198927,(0.022260608784539435-0.047056492443966966j),4127.669786426707,(0.022260608784538626-0.04705649244396509j),4127.669786426707
5161,5161,10.51609375,0.005947648391821,(-0.008013365274491643+0.0692898879997765j),4128.469722431828,(-0.008013365274492281+0.0692898879997778j),4128.469722431828
5162,5162,10.51619375,0.0047474802571049,(0.02891211905805326-0.05249482309299971j),4129.26965843695,(0.02891211905805347-0.05249482309299843j),4129.26965843695
5163,5163,10.51629375,0.0065647785783099,(-0.004881580343360854-0.05174197098386133j),4130.069594442071,(-0.004881580343357946-0.051741970983863066j),4130.069594442071
5164,5164,10.51639375,0.0048099808950378,(0.0428547387193925-0.03542391870329656j),4130.869530447192,(0.04285473871939034-0.035423918703294456j),4130.869530447192
5165,5165,10.51649375,0.003637279909177,(-0.014572945189895898-0.06779681722829434j),4131.669466452314,(-0.014572945189894151-0.06779681722829085j),4131.669466452314
5166,5166,10.51659375,0.003657719572732,(-0.038761489774119334+0.034033921584783355j),4132.469402457436,(-0.03876148977411929+0.03403392158478376j),4132.4694024574355
5167,5167,10.51669375,0.0043433283882805,(0.020985577767960437-0.07579936339189225j),4133.269338462557,(0.020985577767960922-0.07579936339189661j),4133.269338462557
5168,5168,10.51679375,0.005102242287185,(-0.01917210565835215+0.005673949510570395j),4134.069274467678,(-0.019172105658351486+0.005673949510569707j),4134.069274467678
5169,5169,10.51689375,0.0026228737215721,(0.02556450335854539-0.019796186702687596j),4134.8692104728,(0.02556450335854403-0.019796186702685372j),4134.8692104728
5170,5170,10.51699375,0.0049537053406537,(0.08375263083315457-0.01351558200942414j),4135.6691464779215,(0.08375263083315872-0.013515582009422752j),4135.6691464779215
5171,5171,10.51709375,0.0064914177505575,(0.006536715333629527-0.02011271626494187j),4136.469082483043,(0.006536715333621313-0.0201127162649395j),4136.469082483043
5172,5172,10.51719375,0.0054048340786521,(0.07445475243492039+0.05985827889223924j),4137.269018488164,(0.07445475243491925+0.05985827889223937j),4137.269018488164
5173,5173,10.51729375,0.0041953884345537,(0.029912046199538328+0.04787021595951322j),4138.068954493286,(0.029912046199539296+0.047870215959512435j),4138.068954493286
5174,5174,10.51739375,0.0047367287296567,(-0.07362107093715795-0.02217485135054053j),4138.868890498407,(-0.07362107093715825-0.02217485135054166j),4138.868890498407
5175,5175,10.51749375,0.0041134617225975,(-0.09800078485016693+0.037161433006096034j),4139.668826503528,(-0.09800078485016628+0.03716143300609559j),4139.668826503528
5176,5176,10.51759375,0.0029547837378204,(0.033446023832342214+0.030024893980604716j),4140.46876250865,(0.033446023832344685+0.030024893980608154j),4140.46876250865
5177,5177,10.51769375,0.0006413199996108,(-0.014399613482532256-0.07146767855471771j),4141.268698513772,(-0.014399613482528686-0.07146767855471312j),4141.268698513772
5178,5178,10.51779375,0.0009412529269968,(0.014481191303789078-0.04509824137007203j),4142.068634518893,(0.01448119130379191-0.04509824137007422j),4142.068634518893
5179,5179,10.51789375,0.001458196761751,(0.09231829496547168-0.015231284984647268j),4142.868570524014,(0.09231829496546748-0.015231284984647079j),4142.868570524014
5180,5180,10.51799375,0.0031753120345925,(-0.04853930126690182-0.009554399900296294j),4143.668506529136,(-0.04853930126690529-0.009554399900295236j),4143.668506529136
5181,5181,10.51809375,0.0032181510070708,(0.13749052659811803-0.07330786888565922j),4144.4684425342575,(0.13749052659811628-0.07330786888565487j),4144.4684425342575
5182,5182,10.51819375,0.0033124691337266,(-0.06572132207065816-0.00032846556264196254j),4145.268378539378,(-0.06572132207065975-0.00032846556264353594j),4145.268378539378
5183,5183,10.51829375,0.0041552879832241,(-0.10495250195768187+0.023607787215179483j),4146.0683145445,(-0.10495250195768019+0.023607787215178134j),4146.0683145445
5184,5184,10.51839375,0.0045408873758043,(-0.0355432869224452-0.05798526693203707j),4146.868250549622,(-0.03554328692244564-0.05798526693203655j),4146.868250549622
5185,5185,10.51849375,0.0039065372164558,(-0.028703384114755627-0.0009185395601321623j),4147.668186554743,(-0.028703384114754208-0.0009185395601339127j),4147.668186554743
5186,5186,10.51859375,0.0030720497082994,(0.03184106980744189+0.029315991389958156j),4148.468122559864,(0.031841069807441925+0.029315991389959325j),4148.468122559864
5187,5187,10.51869375,0.0020705351148506,(0.029790702962180785+0.007055951464323355j),4149.268058564986,(0.029790702962181476+0.0070559514643187445j),4149.268058564986
5188,5188,10.51879375,0.0019967229155317,(-0.10062752594357033-0.002350650899237694j),4150.067994570108,(-0.10062752594356827-0.002350650899237604j),4150.067994570108
5189,5189,10.51889375,0.0011825892952856,(-0.01941520942069822+0.06934818204258222j),4150.867930575229,(-0.01941520942069621+0.06934818204258283j),4150.867930575229
5190,5190,10.51899375,0.0021328038617453,(0.06751252278147922+0.048793082472027446j),4151.66786658035,(0.0675125227814774+0.0487930824720305j),4151.66786658035
5191,5191,10.51909375,0.0020346516204987,(0.03810227649411281+0.02872922408008112j),4152.467802585472,(0.03810227649411242+0.028729224080077838j),4152.467802585472
5192,5192,10.51919375,0.0030891074525045,(-0.028430327816177013-0.023215554031271485j),4153.267738590594,(-0.028430327816174845-0.023215554031270392j),4153.267738590594
5193,5193,10.51929375,0.0026520804420077,(-0.09391455551897257-0.007638000946430294j),4154.067674595714,(-0.09391455551897347-0.00763800094642586j),4154.067674595714
5194,5194,10.51939375,0.0050219642739139,(-0.02317718469885364-0.05896846208785468j),4154.867610600836,(-0.023177184698853333-0.05896846208785611j),4154.867610600836
5195,5195,10.51949375,0.0046778305228401,(-0.03511818851585444-0.07479255223709952j),4155.667546605958,(-0.03511818851585252-0.07479255223709635j),4155.667546605958
5196,5196,10.51959375,0.0048709436449207,(0.017825828037875104-0.0369251096490303j),4156.46748261108,(0.017825828037871187-0.036925109649026726j),4156.4674826110795
5197,5197,10.51969375,0.0031424531588141,(-0.04204488120186984-0.009255444258488526j),4157.2674186162,(-0.0420448812018672-0.009255444258485413j),4157.2674186162
5198,5198,10.51979375,0.0040710631489573,(-0.1280903211007136+0.033053470546294254j),4158.067354621322,(-0.12809032110071394+0.0330534705462936j),4158.067354621322
5199,5199,10.51989375,0.0039139520244816,(0.032552725077141964-0.044763098564953294j),4158.867290626444,(0.03255272507714291-0.044763098564953085j),4158.867290626444
5200,5200,10.51999375,0.0044470816409318,(0.009506623099286283-0.025820088955693234j),4159.6672266315645,(0.009506623099284586-0.025820088955691357j),4159.6672266315645
5201,5201,10.52009375,0.003414223393543,(-0.0328169382353853-0.07019268539330033j),4160.467162636686,(-0.032816938235384376-0.07019268539329962j),4160.467162636686
5202,5202,10.52019375,0.0040607806436704,(0.073147803794855-0.006046356295266682j),4161.267098641808,(0.07314780379485643-0.00604635629526817j),4161.267098641808
5203,5203,10.52029375,0.0035902089449862,(0.03954768670802707-0.0600688478268445j),4162.06703464693,(0.0395476867080293-0.0600688478268458j),4162.06703464693
5204,5204,10.52039375,0.0048296089306574,(-0.12201758653289169+0.013892869144088063j),4162.86697065205,(-0.12201758653288866+0.013892869144090762j),4162.86697065205
5205,5205,10.52049375,0.0055724938640784,(-0.023475382879165528-0.019909813361953375j),4163.666906657172,(-0.023475382879161347-0.019909813361952813j),4163.666906657172
5206,5206,10.52059375,0.0060483722447662,(-0.05656501683158527+0.14580996081397293j),4164.466842662294,(-0.05656501683158084+0.1458099608139697j),4164.466842662294
5207,5207,10.52069375,0.0061380579601984,(-0.023646703733577717+0.08001724431014243j),4165.266778667416,(-0.02364670373357731+0.08001724431013986j),4165.266778667416
5208,5208,10.52079375,0.0063028767432839,(0.025445160041806407+0.004204947348932954j),4166.066714672536,(0.02544516004180441+0.0042049473489319915j),4166.066714672536
5209,5209,10.52089375,0.0064949675587221,(0.017293997546309677-0.02683747329009384j),4166.866650677658,(0.017293997546309725-0.02683747329009193j),4166.866650677658
5210,5210,10.52099375,0.0069780382281624,(-0.06545217379168475-0.014477037577049552j),4167.66658668278,(-0.065452173791687-0.014477037577049875j),4167.66658668278
5211,5211,10.52109375,0.0065857490361911,(-0.023206951360456814-0.056586926102166604j),4168.466522687901,(-0.02320695136045765-0.05658692610216766j),4168.466522687901
5212,5212,10.52119375,0.0064674666878743,(0.1262214624488104+0.0049235609757200816j),4169.266458693022,(0.12622146244880977+0.004923560975719761j),4169.266458693022
5213,5213,10.52129375,0.0068783065082041,(0.01287732615202776-0.04025794242491433j),4170.066394698144,(0.012877326152027045-0.04025794242491049j),4170.066394698144
5214,5214,10.52139375,0.0076682663325768,(-0.07788223352568892-0.0037544994270722887j),4170.866330703266,(-0.07788223352569176-0.003754499427072948j),4170.866330703266
5215,5215,10.52149375,0.0078876225397316,(0.05105574876127868+0.1185446138630994j),4171.6662667083865,(0.051055748761276845+0.11854461386310136j),4171.6662667083865
5216,5216,10.52159375,0.0085655770284234,(0.015630290380539164+0.07385348495822934j),4172.466202713508,(0.015630290380542092+0.07385348495823105j),4172.466202713508
5217,5217,10.52169375,0.007051841609315,(-0.11370974928658209+0.00912543667467864j),4173.26613871863,(-0.11370974928658113+0.009125436674679362j),4173.26613871863
5218,5218,10.52179375,0.0081906066885436,(0.04864924832001982-0.04174391436487988j),4174.066074723751,(0.04864924832001516-0.04174391436487971j),4174.066074723751
5219,5219,10.52189375,0.0077825214475359,(-0.03415611896893636-0.008515137964011314j),4174.866010728872,(-0.03415611896893485-0.008515137964010924j),4174.866010728872
5220,5220,10.52199375,0.0071093204167295,(0.031671208350728855-0.07893046679947102j),4175.665946733994,(0.03167120835073038-0.07893046679947044j),4175.665946733994
5221,5221,10.52209375,0.0062859780155396,(0.051261292842932404-0.0588819304579217j),4176.465882739116,(0.05126129284293372-0.05888193045792104j),4176.465882739116
5222,5222,10.52219375,0.0073958867160693,(0.022617367475499302-0.03526827168417208j),4177.265818744237,(0.02261736747549828-0.03526827168417337j),4177.265818744237
5223,5223,10.52229375,0.0073096768614485,(0.01992918126945664-0.13412048907191026j),4178.065754749358,(0.019929181269454706-0.13412048907190713j),4178.065754749358
5224,5224,10.52239375,0.0078797320298629,(-0.12542954387029254+0.041910159328207935j),4178.86569075448,(-0.12542954387029362+0.041910159328208824j),4178.86569075448
5225,5225,10.52249375,0.0061959369746122,(-0.01698378841207979+0.024607156531433454j),4179.665626759602,(-0.016983788412084193+0.024607156531434724j),4179.665626759602
5226,5226,10.52259375,0.0084422427096137,(0.0748748200013975-0.08494555448020191j),4180.465562764723,(0.07487482000140099-0.08494555448019922j),4180.465562764723
5227,5227,10.52269375,0.0078074088902932,(0.022788008021311916+0.08814699437850604j),4181.265498769844,(0.022788008021316777+0.08814699437850163j),4181.265498769844
5228,5228,10.52279375,0.0098972224400002,(-0.0942419253381134-0.06212572563508727j),4182.065434774966,(-0.09424192533811103-0.06212572563508585j),4182.065434774966
5229,5229,10.52289375,0.0079266164532398,(0.004061991082124565+0.10822167085669027j),4182.865370780087,(0.004061991082123566+0.1082216708566913j),4182.865370780087
5230,5230,10.52299375,0.0079479807424191,(0.0077223161195377685+0.022851268190644414j),4183.6653067852085,(0.007722316119535946+0.02285126819064638j),4183.6653067852085
5231,5231,10.52309375,0.0077387674181534,(0.047341578040000575+0.006170534515888624j),4184.46524279033,(0.047341578039997535+0.006170534515885645j),4184.46524279033
5232,5232,10.52319375,0.0071658823369406,(0.0465430482659422-0.07408439432687437j),4185.265178795452,(0.04654304826593978-0.0740843943268771j),4185.265178795452
5233,5233,10.52329375,0.0063422684992177,(-0.06304868904003427-0.007213214305177705j),4186.065114800573,(-0.06304868904003509-0.00721321430518012j),4186.065114800573
5234,5234,10.52339375,0.0071631479319305,(0.027217755841713598+0.06141666780828674j),4186.865050805694,(0.027217755841713834+0.061416667808287584j),4186.865050805694
5235,5235,10.52349375,0.0076200117147427,(0.11980295374598848-0.006073056252509444j),4187.664986810816,(0.11980295374598798-0.006073056252513254j),4187.664986810816
5236,5236,10.52359375,0.0081550646242543,(-0.04743510846127112+0.004729989126998323j),4188.464922815937,(-0.04743510846127579+0.004729989127000085j),4188.464922815937
5237,5237,10.52369375,0.007833355244965,(-0.04720383361658053+0.092669066066447j),4189.264858821059,(-0.04720383361658173+0.09266906606644781j),4189.264858821059
5238,5238,10.52379375,0.0086921882896073,(0.02804292038659959+0.05806253725329881j),4190.06479482618,(0.028042920386601583+0.05806253725329845j),4190.06479482618
5239,5239,10.52389375,0.007447227942657,(0.009439924965956827+0.041645399325825415j),4190.864730831302,(0.009439924965959287+0.04164539932582356j),4190.864730831302
5240,5240,10.52399375,0.0075461810436179,(0.005668567520580052-0.041499718750967446j),4191.664666836423,(0.0056685675205822225-0.041499718750970534j),4191.664666836423
5241,5241,10.52409375,0.0066418620465339,(0.06110174945459203+0.019747190816504022j),4192.464602841545,(0.06110174945459042+0.019747190816505507j),4192.464602841545
5242,5242,10.52419375,0.0073506994408016,(0.01846350512198689-0.04957121274829148j),4193.264538846666,(0.018463505121988737-0.049571212748289746j),4193.264538846666
5243,5243,10.52429375,0.0057457684807017,(-0.02047902886496126+0.030325324064937396j),4194.064474851787,(-0.02047902886496455+0.030325324064933948j),4194.064474851787
5244,5244,10.52439375,0.006593813469538,(0.020668637131018963+0.016538556406749307j),4194.864410856909,(0.02066863713102026+0.016538556406750175j),4194.864410856909
5245,5245,10.52449375,0.0054028436398953,(0.03440838721828022+0.08458714874420808j),4195.664346862031,(0.034408387218279685+0.08458714874420696j),4195.6643468620305
5246,5246,10.52459375,0.0060177845697789,(-0.013254164873353114+0.023551964405227114j),4196.464282867152,(-0.01325416487334934+0.02355196440523135j),4196.464282867152
5247,5247,10.52469375,0.0054507012149702,(-0.04070076970737314+0.056125254149480094j),4197.264218872273,(-0.04070076970737101+0.05612525414948307j),4197.264218872273
5248,5248,10.52479375,0.0062956405253733,(0.0642388373768595-0.003919120849097568j),4198.064154877395,(0.06423883737686259-0.0039191208490961735j),4198.064154877395
5249,5249,10.52489375,0.0054470215327782,(-0.06103859673393596-0.06624045863390163j),4198.864090882516,(-0.06103859673393455-0.06624045863390132j),4198.864090882516
5250,5250,10.52499375,0.005559489574969,(0.03101962533876118+0.0034400809477543245j),4199.664026887638,(0.031019625338759127+0.0034400809477573204j),4199.664026887638
5251,5251,10.52509375,0.0040123203044429,(0.055734952700378836-0.06168466068380737j),4200.463962892759,(0.055734952700383374-0.06168466068380524j),4200.463962892759
5252,5252,10.52519375,0.0038870528580736,(0.055808650084511274-0.03378076693128827j),4201.263898897881,(0.05580865008450903-0.03378076693128713j),4201.263898897881
5253,5253,10.52529375,0.0039941077199874,(0.022702213404428465+0.010165475754142794j),4202.063834903002,(0.02270221340442863+0.010165475754138528j),4202.063834903002
5254,5254,10.52539375,0.0044498445880863,(0.0250465336132985-0.016289313953839833j),4202.863770908123,(0.02504653361329805-0.016289313953840284j),4202.863770908123
5255,5255,10.52549375,0.0036300170291354,(-0.014879994836794303-0.052892561156501684j),4203.663706913245,(-0.014879994836795949-0.052892561156499034j),4203.663706913245
5256,5256,10.52559375,0.0041806064204399,(-0.03771712862887963+0.047899490070152394j),4204.463642918367,(-0.03771712862888153+0.04789949007015374j),4204.4636429183665
5257,5257,10.52569375,0.00418784716046,(0.005091207222063045+0.015009189449403253j),4205.263578923488,(0.005091207222064526+0.015009189449401873j),4205.263578923488
5258,5258,10.52579375,0.0042645321439899,(-0.02243331593191481-0.01137420987089894j),4206.063514928609,(-0.022433315931910187-0.011374209870902208j),4206.063514928609
5259,5259,10.52589375,0.0050221434607218,(0.03281473461802821-0.10520448913717036j),4206.863450933731,(0.03281473461802921-0.10520448913716961j),4206.863450933731
5260,5260,10.52599375,0.0041120034956226,(0.17285980873250079-0.07676711459551366j),4207.663386938852,(0.17285980873249898-0.07676711459551032j),4207.663386938852
5261,5261,10.52609375,0.0028649960049749,(-0.012788829599170414-0.01756332476555309j),4208.463322943973,(-0.012788829599169684-0.017563324765552932j),4208.463322943973
5262,5262,10.52619375,0.0019684699799895,(-0.031950264216448046-0.0154831464246109j),4209.263258949095,(-0.03195026421644819-0.015483146424609883j),4209.263258949095
5263,5263,10.52629375,0.0021797454158001,(0.07560813133018433+0.04667940348285014j),4210.063194954217,(0.07560813133018789+0.046679403482848346j),4210.063194954217
5264,5264,10.52639375,0.0020718137487419,(0.0580582029428991-0.035420514272269964j),4210.863130959338,(0.05805820294289769-0.03542051427226965j),4210.863130959338
5265,5265,10.52649375,0.0016845874801111,(0.04989313762516206-0.024619051002181043j),4211.663066964459,(0.049893137625162336-0.024619051002181945j),4211.663066964459
5266,5266,10.52659375,0.0016653532829961,(0.01199726631340924+0.03332554266095708j),4212.463002969581,(0.011997266313413375+0.03332554266095718j),4212.463002969581
5267,5267,10.52669375,0.0030509942001642,(-0.014833377412152213-0.04676473671574679j),4213.262938974703,(-0.014833377412151738-0.0467647367157487j),4213.262938974703
5268,5268,10.52679375,0.0030153954227753,(-0.09960520531120133+0.012001573026076292j),4214.062874979824,(-0.09960520531120091+0.012001573026077553j),4214.062874979824
5269,5269,10.52689375,0.0031452678606192,(-0.07207212639259096+0.05960595811872044j),4214.862810984945,(-0.07207212639259412+0.059605958118721915j),4214.862810984945
5270,5270,10.52699375,0.0028943284609086,(0.0345885943561754-0.04209236904650403j),4215.662746990067,(0.034588594356175215-0.0420923690465049j),4215.662746990067
5271,5271,10.52709375,0.0030016524044408,(0.03224409557949484+0.13931349309778093j),4216.4626829951885,(0.03224409557949485+0.13931349309778288j),4216.4626829951885
5272,5272,10.52719375,0.0026138418426001,(-0.0067342217875722005-0.06486687818860387j),4217.262619000309,(-0.00673422178756972-0.06486687818860208j),4217.262619000309
5273,5273,10.52729375,0.003055442253989,(0.03457393211247777-0.08275910228127226j),4218.062555005431,(0.03457393211247438-0.08275910228127539j),4218.062555005431
5274,5274,10.52739375,0.0049571551312777,(-0.02585777462367593-0.05923764858139056j),4218.862491010553,(-0.02585777462367401-0.059237648581389725j),4218.862491010553
5275,5275,10.52749375,0.0035634690990722,(-0.015615406192015038+0.08528623621292014j),4219.662427015674,(-0.015615406192015048+0.0852862362129233j),4219.662427015674
5276,5276,10.52759375,0.0021152268574939,(0.02701050219190281+0.005566665614740335j),4220.462363020795,(0.027010502191903065+0.005566665614741334j),4220.462363020795
5277,5277,10.52769375,0.0031207113159437,(0.006815577687376138+0.11528927596712302j),4221.262299025917,(0.006815577687378633+0.11528927596712614j),4221.262299025917
5278,5278,10.52779375,0.003122887196145,(-0.03915110549820103+0.030987001644839467j),4222.062235031039,(-0.03915110549820557+0.030987001644841985j),4222.062235031039
5279,5279,10.52789375,0.0033268390362918,(-0.025761073075971037+0.08572031867422505j),4222.862171036159,(-0.02576107307596908+0.08572031867422658j),4222.862171036159
5280,5280,10.52799375,0.0034374219559845,(0.012147021975432111+0.011465315491399874j),4223.662107041281,(0.012147021975428478+0.011465315491402618j),4223.662107041281
5281,5281,10.52809375,0.0029133975285085,(-0.006781016569803252-0.06819355874968694j),4224.462043046403,(-0.006781016569802435-0.06819355874968876j),4224.462043046403
5282,5282,10.52819375,0.0038200778224577,(-0.048054826392944394-0.008191923992060809j),4225.261979051525,(-0.04805482639294521-0.008191923992063695j),4225.261979051525
5283,5283,10.52829375,0.0048197814881306,(-0.030056506145962135-0.050982057967654405j),4226.061915056645,(-0.030056506145962947-0.05098205796765692j),4226.061915056645
5284,5284,10.52839375,0.0067081592707386,(0.010671327383337079-0.014705569033599162j),4226.861851061767,(0.010671327383335427-0.014705569033598149j),4226.861851061767
5285,5285,10.52849375,0.005624986824843,(-0.07457755823321682-0.0665387251544152j),4227.661787066889,(-0.07457755823321467-0.06653872515441382j),4227.661787066889
5286,5286,10.52859375,0.005501636743669,(0.03380061966695753+0.03217017199103584j),4228.4617230720105,(0.03380061966695867+0.032170171991037035j),4228.4617230720105
5287,5287,10.52869375,0.0066780287100477,(-0.06170631325774718+0.02208468003491034j),4229.261659077131,(-0.061706313257748835+0.02208468003490927j),4229.261659077131
5288,5288,10.52879375,0.0056805815918857,(-0.06157672533329972+0.0033430918731358963j),4230.061595082253,(-0.06157672533330356+0.0033430918731306124j),4230.061595082253
5289,5289,10.52889375,0.0051195739801713,(-0.13873973261796707-0.056006508671571774j),4230.861531087375,(-0.13873973261796496-0.05600650867157345j),4230.861531087375
5290,5290,10.52899375,0.0048044996857403,(-0.11817937303209682-0.05735131918312364j),4231.661467092496,(-0.11817937303209758-0.057351319183126914j),4231.6614670924955
5291,5291,10.52909375,0.0051265788284361,(0.07821777544444651-0.01565684114455255j),4232.461403097617,(0.07821777544444801-0.015656841144554054j),4232.461403097617
5292,5292,10.52919375,0.0068495448458771,(-0.03532860115280627-0.06051201989232437j),4233.261339102739,(-0.03532860115280705-0.060512019892320655j),4233.261339102739
5293,5293,10.52929375,0.0075963115995096,(0.01194193499845722+0.04568058206675509j),4234.061275107861,(0.011941934998458144+0.04568058206675234j),4234.061275107861
5294,5294,10.52939375,0.0064833603568499,(0.03825469159386109+0.04924861886619975j),4234.861211112981,(0.038254691593864104+0.049248618866200244j),4234.861211112981
5295,5295,10.52949375,0.0065251580587929,(0.03241856322106267+0.01803011990222606j),4235.661147118103,(0.03241856322106188+0.018030119902226943j),4235.661147118103
5296,5296,10.52959375,0.0075749075031006,(-0.026996601651815014-0.0016126368453215356j),4236.461083123225,(-0.026996601651809986-0.0016126368453273816j),4236.461083123225
5297,5297,10.52969375,0.0090981395066446,(0.001248149167417344+0.02664287947236645j),4237.261019128346,(0.001248149167420696+0.026642879472368763j),4237.261019128346
5298,5298,10.52979375,0.0076766712872674,(0.009729282265898302+0.0766775806560223j),4238.060955133467,(0.009729282265896776+0.07667758065602158j),4238.060955133467
5299,5299,10.52989375,0.0061699160753035,(0.020544551278439703+0.011165457061674027j),4238.860891138589,(0.02054455127844105+0.011165457061671073j),4238.860891138589
5300,5300,10.52999375,0.0072521341243226,(0.04489415392093259-0.09052772415680653j),4239.660827143711,(0.044894153920932496-0.09052772415680668j),4239.660827143711
5301,5301,10.53009375,0.008911784311004,(-0.046960658142927623-0.06939574786405835j),4240.460763148832,(-0.04696065814292956-0.06939574786405837j),4240.460763148832
5302,5302,10.53019375,0.0092604487154006,(2.6503468248537804e-05-0.05067164634898637j),4241.260699153953,(2.650346825125785e-05-0.050671646348987756j),4241.260699153953
5303,5303,10.53029375,0.0070484058875992,(0.04323728184323866-0.023356526996430822j),4242.060635159075,(0.04323728184323907-0.023356526996430323j),4242.060635159075
5304,5304,10.53039375,0.0052880483819963,(0.04371826730254139+0.0006668373411153495j),4242.860571164196,(0.043718267302542385+0.0006668373411164528j),4242.860571164196
5305,5305,10.53049375,0.0070125450136851,(-0.005164144286758654-0.05210261372099828j),4243.6605071693175,(-0.005164144286755514-0.05210261372099825j),4243.6605071693175
5306,5306,10.53059375,0.0089542214252956,(0.011049231370188314+0.01281515139600976j),4244.460443174439,(0.011049231370188987+0.012815151396012896j),4244.460443174439
5307,5307,10.53069375,0.0079514761030642,(0.014637685032043778+0.028705938797350415j),4245.260379179561,(0.014637685032045208+0.028705938797347893j),4245.260379179561
5308,5308,10.53079375,0.0069654605068104,(-0.04583922635330059+0.04449106595776071j),4246.060315184682,(-0.04583922635329727+0.04449106595776292j),4246.060315184682
5309,5309,10.53089375,0.0079668343914421,(0.028493332872136+0.01888386608394893j),4246.860251189803,(0.02849333287213196+0.018883866083944566j),4246.860251189803
5310,5310,10.53099375,0.0084146240820697,(-0.10208029065912112-0.060647752168578366j),4247.660187194925,(-0.1020802906591221-0.060647752168578394j),4247.660187194925
5311,5311,10.53109375,0.0079935058289344,(-0.041410951552118706-0.00766310509303425j),4248.460123200047,(-0.04141095155211748-0.00766310509303062j),4248.460123200047
5312,5312,10.53119375,0.0073408854826559,(0.032123649038028466-0.040844678951392155j),4249.260059205168,(0.03212364903802666-0.04084467895139243j),4249.260059205168
5313,5313,10.53129375,0.0067701294891223,(0.10067512892908823+0.01739821085020334j),4250.059995210289,(0.10067512892908755+0.017398210850204092j),4250.059995210289
5314,5314,10.53139375,0.0078411314041375,(0.0552278432204106+0.045746543233215156j),4250.859931215411,(0.055227843220414186+0.04574654323321675j),4250.859931215411
5315,5315,10.53149375,0.0083375293737451,(0.0063277388129857216-0.006694134383908769j),4251.659867220532,(0.006327738812988206-0.006694134383909736j),4251.659867220532
5316,5316,10.53159375,0.0091356606343899,(0.026559913518821483+0.011742431539270386j),4252.459803225654,(0.026559913518819686+0.011742431539271004j),4252.459803225654
5317,5317,10.53169375,0.0079096575559501,(0.010434869816715537+0.08381815275054504j),4253.259739230775,(0.010434869816713878+0.08381815275054502j),4253.259739230775
5318,5318,10.53179375,0.007688801874934,(0.011766278167592417+0.03954227131853572j),4254.059675235897,(0.01176627816759177+0.03954227131853668j),4254.059675235897
5319,5319,10.53189375,0.0069126593083226,(0.05273684993545759+0.01643132914634421j),4254.859611241018,(0.052736849935460677+0.016431329146341083j),4254.859611241018
5320,5320,10.53199375,0.0071353641008015,(-0.0021405706209459245-0.014581556398944382j),4255.65954724614,(-0.0021405706209449375-0.014581556398946174j),4255.6595472461395
5321,5321,10.53209375,0.0080284715734359,(-0.030194738222432932+0.02108179656051562j),4256.459483251261,(-0.03019473822243024+0.021081796560513674j),4256.459483251261
5322,5322,10.53219375,0.0075355179077254,(-0.13214254954084892-0.05948510089650784j),4257.259419256382,(-0.13214254954084684-0.05948510089650918j),4257.259419256382
5323,5323,10.53229375,0.0058721087461619,(-0.1136307350409222+0.008085540077884005j),4258.059355261504,(-0.11363073504092598+0.008085540077879995j),4258.059355261504
5324,5324,10.53239375,0.0061605354025846,(0.00693504159644273-0.03707039750347477j),4258.859291266625,(0.006935041596442054-0.037070397503470326j),4258.859291266625
5325,5325,10.53249375,0.0074354065669998,(0.02674863122678961-0.036311591241323854j),4259.659227271747,(0.026748631226786952-0.03631159124132277j),4259.659227271747
5326,5326,10.53259375,0.0067794135248448,(-0.0943674081215341-0.1064214248962907j),4260.459163276868,(-0.09436740812153657-0.10642142489628875j),4260.459163276868
5327,5327,10.53269375,0.0028052314856829,(-0.0379639880732518+0.017950506340050867j),4261.25909928199,(-0.03796398807325217+0.017950506340052158j),4261.25909928199
5328,5328,10.53279375,0.006264214876618,(0.010293659841503353-0.033277912418735914j),4262.059035287111,(0.010293659841501778-0.03327791241873575j),4262.059035287111
5329,5329,10.53289375,0.0076210023347587,(0.0586865345914534-0.015614245118723231j),4262.858971292233,(0.058686534591450575-0.015614245118715881j),4262.858971292233
5330,5330,10.53299375,0.0065385528354072,(0.017933260845467553-0.09696661010011431j),4263.658907297354,(0.017933260845469735-0.09696661010011146j),4263.658907297354
5331,5331,10.53309375,0.0034861133257691,(-0.016926566026165397+0.0026830338374146025j),4264.458843302476,(-0.01692656602616542+0.0026830338374167614j),4264.4588433024755
5332,5332,10.53319375,0.0060248072531879,(0.07339402494576618+0.02928110912364664j),4265.258779307597,(0.0733940249457669+0.02928110912365041j),4265.258779307597
5333,5333,10.53329375,0.0079535390747954,(0.0020918928498017417+0.035383772097030274j),4266.058715312718,(0.0020918928497950743+0.03538377209703441j),4266.058715312718
5334,5334,10.53339375,0.0043951087627549,(0.1087224157268909+0.07065688723101513j),4266.85865131784,(0.10872241572688646+0.07065688723101574j),4266.85865131784
5335,5335,10.53349375,0.0034439714196967,(0.07903662022868349-0.004052875427288903j),4267.6585873229615,(0.0790366202286817-0.004052875427291054j),4267.6585873229615
5336,5336,10.53359375,0.0046091232041513,(0.07546983478440494+0.021793472745850733j),4268.458523328083,(0.07546983478440682+0.02179347274585329j),4268.458523328083
5337,5337,10.53369375,0.0039575067397154,(0.009792610689160798-0.0022678153066690377j),4269.258459333204,(0.00979261068915911-0.0022678153066722543j),4269.258459333204
5338,5338,10.53379375,0.0032588337954907,(-0.002009783182452299-0.01089575096471058j),4270.058395338326,(-0.002009783182453045-0.010895750964708536j),4270.058395338326
5339,5339,10.53389375,0.0015340689436747,(-0.01787014425368117-0.00017312041993813865j),4270.858331343447,(-0.01787014425368353-0.00017312041993543074j),4270.858331343447
5340,5340,10.53399375,0.0018917750993106,(0.013464695292815724+0.03983080755520944j),4271.658267348568,(0.01346469529281374+0.03983080755521535j),4271.658267348568
5341,5341,10.53409375,0.0029542465648073,(-0.0783299077327569+0.056095945865453224j),4272.45820335369,(-0.07832990773275861+0.05609594586545829j),4272.45820335369
5342,5342,10.53419375,0.0027835875096961,(0.1259036521550744+0.0037636035426044726j),4273.258139358812,(0.12590365215507074+0.0037636035426024117j),4273.258139358812
5343,5343,10.53429375,0.0049479334316144,(0.055191990147440195+0.024341282244893844j),4274.058075363933,(0.05519199014743745+0.024341282244894697j),4274.058075363933
5344,5344,10.53439375,0.0047614147330036,(0.008383135160657772-0.0468718747333762j),4274.858011369054,(0.008383135160657496-0.04687187473337299j),4274.858011369054
5345,5345,10.53449375,0.0043459466052806,(-0.08436088539825849+0.06472344285038659j),4275.657947374176,(-0.08436088539826064+0.06472344285038388j),4275.657947374176
5346,5346,10.53459375,0.0035346273447308,(-0.03967160502798348+0.022608563441553518j),4276.4578833792975,(-0.03967160502798137+0.022608563441552265j),4276.4578833792975
5347,5347,10.53469375,0.0033993694767211,(-0.0037575011458388665+0.007024270769758593j),4277.257819384419,(-0.0037575011458367007+0.007024270769759007j),4277.257819384419
5348,5348,10.53479375,0.0025103984136823,(0.07412885964864534+0.03604575962093448j),4278.05775538954,(0.07412885964864495+0.03604575962093815j),4278.05775538954
5349,5349,10.53489375,0.0020381754135845,(0.042133307923397194+0.015017838157983321j),4278.857691394662,(0.0421333079233976+0.015017838157976708j),4278.857691394662
5350,5350,10.53499375,0.0022080622480543,(-0.023174557521682234-0.13316970663625083j),4279.657627399783,(-0.023174557521680902-0.13316970663625113j),4279.657627399783
5351,5351,10.53509375,0.0022449824426095,(-0.06613198779969051-0.016301357756400348j),4280.457563404904,(-0.06613198779969101-0.01630135775640155j),4280.457563404904
5352,5352,10.53519375,0.0020413794265716,(-0.04065408273253576-0.02946526157499539j),4281.257499410026,(-0.040654082732533625-0.02946526157499039j),4281.257499410026
5353,5353,10.53529375,0.0019349810001148,(-0.03852093921070013+0.0013661420765829976j),4282.057435415148,(-0.03852093921070311+0.0013661420765799723j),4282.057435415148
5354,5354,10.53539375,0.002659438390384,(-0.13845451705493553-0.038302564585471724j),4282.857371420269,(-0.13845451705493483-0.03830256458547515j),4282.857371420269
5355,5355,10.53549375,0.0026649906668756,(0.020298260860732643+0.02937922782324307j),4283.65730742539,(0.02029826086073393+0.02937922782324044j),4283.65730742539
5356,5356,10.53559375,0.0017348767480319,(0.022607172822369327+0.013070605325467645j),4284.457243430512,(0.022607172822366992+0.013070605325467556j),4284.457243430512
5357,5357,10.53569375,0.002921866223053,(0.04020500897855547+0.044615926124010476j),4285.257179435634,(0.04020500897855232+0.04461592612401084j),4285.257179435634
5358,5358,10.53579375,0.0046333474516588,(0.00576993527934052-0.04170524940250245j),4286.057115440754,(0.005769935279340477-0.04170524940250413j),4286.057115440754
5359,5359,10.53589375,0.0056471105274785,(0.0167236093190083-0.02721106902029745j),4286.857051445876,(0.016723609319011987-0.02721106902030022j),4286.857051445876
5360,5360,10.53599375,0.0046490124960123,(0.04971219893048788-0.007042655974174163j),4287.656987450998,(0.049712198930486964-0.007042655974175877j),4287.656987450998
5361,5361,10.53609375,0.0043886489624606,(-0.026955677139081154-0.030301803010791724j),4288.45692345612,(-0.02695567713907879-0.03030180301079142j),4288.4569234561195
5362,5362,10.53619375,0.0050843140976807,(0.06607768825304139+0.04419415397934538j),4289.25685946124,(0.06607768825304325+0.04419415397934483j),4289.25685946124
5363,5363,10.53629375,0.0038610190909179,(-0.0578427017499932+0.02196510953441837j),4290.056795466362,(-0.057842701749989706+0.021965109534416518j),4290.056795466362
5364,5364,10.53639375,0.0037306370875404,(-0.04206516864836867-0.06641447747722141j),4290.856731471484,(-0.04206516864836898-0.0664144774772272j),4290.856731471484
5365,5365,10.53649375,0.0036430535017346,(-0.07844336450712584+0.04218011330242035j),4291.656667476605,(-0.07844336450712704+0.042180113302417215j),4291.656667476605
5366,5366,10.53659375,0.0029221847859994,(0.05716425428263274+0.060775367940606874j),4292.456603481726,(0.057164254282631353+0.06077536794060942j),4292.456603481726
5367,5367,10.53669375,0.0035756953965864,(-0.0422241339672254+0.010808636484477272j),4293.256539486848,(-0.04222413396722598+0.010808636484480298j),4293.256539486848
5368,5368,10.53679375,0.004585452195006,(-0.01443670498678526-0.03676486950351481j),4294.05647549197,(-0.014436704986783785-0.03676486950351827j),4294.05647549197
5369,5369,10.53689375,0.0052496216284389,(-0.009305411855709766-0.0219031548769914j),4294.85641149709,(-0.009305411855711616-0.021903154876993007j),4294.85641149709
5370,5370,10.53699375,0.0047861038407203,(0.031153959665730466+0.05072102769694468j),4295.656347502212,(0.03115395966573228+0.050721027696945385j),4295.656347502212
5371,5371,10.53709375,0.0057318446328016,(0.04347514617675638+0.018202145392798023j),4296.456283507334,(0.04347514617675908+0.018202145392794498j),4296.456283507334
5372,5372,10.53719375,0.0061178198868316,(-0.056282325393815454-0.02118274984218515j),4297.256219512456,(-0.05628232539381417-0.021182749842186287j),4297.256219512456
5373,5373,10.53729375,0.007663214396702,(0.04258250699756745-0.061131664509673125j),4298.056155517576,(0.042582506997565696-0.061131664509674125j),4298.056155517576
5374,5374,10.53739375,0.0080525891149847,(-0.009942720886970277+0.041207504116206585j),4298.856091522698,(-0.009942720886968941+0.04120750411621074j),4298.856091522698
5375,5375,10.53749375,0.0088591949038446,(0.021219837189238606+0.04941599630286584j),4299.65602752782,(0.02121983718923577+0.04941599630286286j),4299.65602752782
5376,5376,10.53759375,0.0085188880213781,(0.01064313127498609-0.018887371412528588j),4300.455963532941,(0.01064313127498694-0.01888737141252884j),4300.455963532941
5377,5377,10.53769375,0.0076214865790854,(-0.034276343474932004-0.006986690457627634j),4301.255899538062,(-0.03427634347493113-0.006986690457633176j),4301.255899538062
5378,5378,10.53779375,0.0066004092658977,(0.08066233110907195-0.06855285478290093j),4302.055835543184,(0.08066233110906901-0.06855285478290109j),4302.055835543184
5379,5379,10.53789375,0.0061551428225193,(-0.04480184579555289-0.04889059417364493j),4302.855771548306,(-0.04480184579555582-0.048890594173647293j),4302.855771548306
5380,5380,10.53799375,0.0034720361872929,(0.0034089012600693417-0.04717362155002135j),4303.6557075534265,(0.0034089012600661793-0.04717362155002177j),4303.6557075534265
5381,5381,10.53809375,0.0058042245767496,(-0.08066782338728898-0.020909823982285247j),4304.455643558548,(-0.08066782338728953-0.02090982398227914j),4304.455643558548
5382,5382,10.53819375,0.0053617726027543,(0.015523230946342134-0.030474374388039363j),4305.25557956367,(0.015523230946341983-0.03047437438803951j),4305.25557956367
5383,5383,10.53829375,0.0076277120838367,(-0.000835138198881904+0.024232117539077377j),4306.055515568791,(-0.0008351381988835481+0.024232117539078897j),4306.055515568791
5384,5384,10.53839375,0.0064774476846469,(0.04043505899599638+0.025550989577572205j),4306.855451573912,(0.040435058995995+0.02555098957757349j),4306.855451573912
5385,5385,10.53849375,0.0082399245488321,(0.09195507705089295-0.039349402624174884j),4307.655387579034,(0.09195507705089125-0.039349402624172j),4307.655387579034
5386,5386,10.53859375,0.0088903702274971,(0.020574708551936886-0.028672619272473016j),4308.455323584156,(0.02057470855193637-0.02867261927247564j),4308.455323584156
5387,5387,10.53869375,0.0106393117712985,(-0.015431375828155323-0.005778705982596877j),4309.255259589277,(-0.015431375828154998-0.005778705982595591j),4309.255259589277
5388,5388,10.53879375,0.0095009791145629,(-0.08721171900229907+0.00399403243124926j),4310.055195594398,(-0.08721171900229746+0.003994032431247324j),4310.055195594398
5389,5389,10.53889375,0.0092280877396805,(0.006387532912290425-0.0921553049153408j),4310.85513159952,(0.006387532912291705-0.09215530491534195j),4310.85513159952
5390,5390,10.53899375,0.008244533643135,(0.0204260396754669-0.006474927803648562j),4311.655067604642,(0.020426039675465014-0.006474927803647925j),4311.655067604642
5391,5391,10.53909375,0.007359367891468,(0.05372635368613435+0.02838699334454365j),4312.455003609763,(0.05372635368614052+0.02838699334454088j),4312.455003609763
5392,5392,10.53919375,0.0080451610701225,(-0.028113126090981846+0.0746338954793419j),4313.254939614884,(-0.028113126090984302+0.07463389547934307j),4313.254939614884
5393,5393,10.53929375,0.00830735369054,(0.0837918539278412+0.048316881502602584j),4314.054875620006,(0.08379185392784015+0.04831688150260248j),4314.054875620006
5394,5394,10.53939375,0.0056961432729966,(-0.05015794978200499+0.053082231296995665j),4314.854811625127,(-0.050157949782005246+0.05308223129699273j),4314.854811625127
5395,5395,10.53949375,0.0054838061312308,(-0.0315822466324667+0.012578626798275365j),4315.6547476302485,(-0.03158224663246605+0.012578626798277525j),4315.6547476302485
5396,5396,10.53959375,0.0075622510192799,(-0.05731555887404094-0.02115459525160427j),4316.45468363537,(-0.057315558874038094-0.021154595251604905j),4316.45468363537
5397,5397,10.53969375,0.0085251678188876,(-0.007020763468841666+0.003381942616900442j),4317.254619640492,(-0.007020763468839191+0.003381942616898178j),4317.254619640492
5398,5398,10.53979375,0.0072873912384412,(-0.01239322396995643-0.002233296827262019j),4318.054555645613,(-0.012393223969958315-0.0022332968272605275j),4318.054555645613
5399,5399,10.53989375,0.0073166950291653,(0.059505369132604256-0.026052675734990555j),4318.854491650734,(0.05950536913260497-0.02605267573498947j),4318.854491650734
5400,5400,10.53999375,0.0098222060200526,(0.0005675045567397098-0.08249632325983847j),4319.654427655856,(0.0005675045567395398-0.08249632325983837j),4319.654427655856
5401,5401,10.54009375,0.0098547494292535,(-0.0063814896761695186-0.01863136569059391j),4320.454363660977,(-0.0063814896761724416-0.018631365690594787j),4320.454363660977
5402,5402,10.54019375,0.0094115462950023,(-0.04454776866262809-0.0032404044070528312j),4321.254299666099,(-0.044547768662627316-0.003240404407050701j),4321.254299666099
5403,5403,10.54029375,0.0092115142784259,(0.0620320247491251+0.016336647747220122j),4322.05423567122,(0.06203202474912459+0.016336647747217565j),4322.05423567122
5404,5404,10.54039375,0.0076436922301759,(0.0470882333746003+0.10230271899862613j),4322.854171676342,(0.04708823337459955+0.10230271899862808j),4322.854171676342
5405,5405,10.54049375,0.0077853360146642,(-0.0005898167842774008+0.02756542080689834j),4323.654107681463,(-0.0005898167842791364+0.027565420806898316j),4323.654107681463
5406,5406,10.54059375,0.0070074659479009,(0.006587963276849547+0.001527045314566042j),4324.454043686585,(0.006587963276851151+0.0015270453145657366j),4324.454043686585
5407,5407,10.54069375,0.0070137218872626,(-0.05279182743324427-0.014120915714211285j),4325.253979691706,(-0.05279182743324573-0.014120915714208558j),4325.253979691706
5408,5408,10.54079375,0.0057580389475233,(0.03145727459704417+0.008959342267660786j),4326.053915696828,(0.03145727459704499+0.008959342267657558j),4326.053915696828
5409,5409,10.54089375,0.005464012992373,(0.008606084179771148-0.06437917400100183j),4326.853851701949,(0.008606084179770768-0.0643791740009984j),4326.853851701949
5410,5410,10.54099375,0.005600272950897,(0.051037355073670715-0.02508608076543538j),4327.653787707071,(0.05103735507366709-0.02508608076543751j),4327.6537877070705
5411,5411,10.54109375,0.0055714055941496,(0.08252834159323624-0.023306897375432678j),4328.453723712192,(0.08252834159323409-0.02330689737543075j),4328.453723712192
5412,5412,10.54119375,0.0045086754005294,(0.057523676911534316-0.04329384382036284j),4329.253659717313,(0.05752367691153358-0.04329384382036223j),4329.253659717313
5413,5413,10.54129375,0.0042500224327662,(-0.003004683334916591+0.01042825940630369j),4330.053595722435,(-0.0030046833349117235+0.010428259406306026j),4330.053595722435
5414,5414,10.54139375,0.0039927418055826,(0.04528080992234375+0.02195275851329269j),4330.853531727556,(0.045280809922338724+0.021952758513289483j),4330.853531727556
5415,5415,10.54149375,0.0056520766018358,(-0.031875161131687514-0.006194647376874434j),4331.653467732678,(-0.031875161131689235-0.006194647376875421j),4331.653467732678
5416,5416,10.54159375,0.0061841891363824,(0.028241836821243593-0.016009940763177313j),4332.453403737799,(0.028241836821244065-0.0160099407631801j),4332.453403737799
5417,5417,10.54169375,0.0057423569501455,(0.0054307452841397385-0.024775232606155734j),4333.253339742921,(0.005430745284136917-0.024775232606154506j),4333.253339742921
5418,5418,10.54179375,0.0058141831223522,(0.020323694033068076-0.04001902575814402j),4334.053275748042,(0.02032369403306649-0.040019025758142875j),4334.053275748042
5419,5419,10.54189375,0.0060216318156596,(-0.02157016286243486+0.010426593055035866j),4334.853211753163,(-0.02157016286243381+0.010426593055033535j),4334.853211753163
5420,5420,10.54199375,0.0048018716816403,(-0.006541088725912226-0.00996828176834192j),4335.653147758285,(-0.006541088725910085-0.009968281768342708j),4335.653147758285
5421,5421,10.54209375,0.0039433708339352,(-0.017448042593933576-0.00329140408344306j),4336.453083763407,(-0.01744804259393121-0.003291404083443289j),4336.4530837634065
5422,5422,10.54219375,0.0023358700207859,(-0.0705349300387235+0.0221816319715918j),4337.253019768528,(-0.07053493003872421+0.02218163197159677j),4337.253019768528
5423,5423,10.54229375,0.0017518251255259,(0.006500429774843448+0.0032061860852154863j),4338.052955773649,(0.006500429774843357+0.0032061860852168585j),4338.052955773649
5424,5424,10.54239375,0.0007150360469883,(-0.045144677918834225+0.04550263915707942j),4338.852891778771,(-0.0451446779188366+0.045502639157079375j),4338.852891778771
5425,5425,10.54249375,0.0017097858434015,(-0.05583831504479406-0.03048162701961676j),4339.6528277838925,(-0.055838315044795-0.03048162701961308j),4339.6528277838925
5426,5426,10.54259375,0.0028576946640249,(-0.07803332627938557+0.03748093739175625j),4340.452763789014,(-0.07803332627938216+0.037480937391757986j),4340.452763789014
5427,5427,10.54269375,0.002907674262966,(-0.007154793034668312+0.03639539754163698j),4341.252699794135,(-0.0071547930346689305+0.03639539754163687j),4341.252699794135
5428,5428,10.54279375,0.0032506051619277,(-0.041884581829501305-0.027312741896474802j),4342.052635799257,(-0.041884581829502186-0.027312741896471197j),4342.052635799257
5429,5429,10.54289375,0.0030395056930827,(-0.010153661896472028-0.007852585057248616j),4342.852571804378,(-0.010153661896473827-0.007852585057253421j),4342.852571804378
5430,5430,10.54299375,0.0048262616074045,(0.015240678507017493-0.04136029243260938j),4343.652507809499,(0.015240678507013694-0.04136029243261185j),4343.652507809499
5431,5431,10.54309375,0.0035612451501217,(0.023382057258063606-0.003083808419669469j),4344.452443814621,(0.023382057258067683-0.00308380841967041j),4344.452443814621
5432,5432,10.54319375,0.0041642855706399,(0.061246335123000206+0.09018845577123066j),4345.252379819743,(0.06124633512300069+0.09018845577123007j),4345.252379819743
5433,5433,10.54329375,0.0039975279171308,(0.030663574196362883-0.05603230683113554j),4346.052315824864,(0.030663574196365555-0.05603230683113896j),4346.052315824864
5434,5434,10.54339375,0.0043525345866692,(-0.0077806921112411435+0.02736868018072649j),4346.852251829985,(-0.007780692111239546+0.027368680180732897j),4346.852251829985
5435,5435,10.54349375,0.0030841926425127,(-0.010816497435155935+0.008614035440756262j),4347.652187835107,(-0.010816497435156605+0.00861403544075656j),4347.652187835107
5436,5436,10.54359375,0.0033617249721908,(0.08595216750828236+0.05231204578337565j),4348.4521238402285,(0.08595216750828387+0.052312045783376615j),4348.4521238402285
5437,5437,10.54369375,0.0023816480152287,(0.014173936420214882-0.013677827041425537j),4349.252059845349,(0.014173936420211896-0.013677827041428673j),4349.252059845349
5438,5438,10.54379375,0.002355800124975,(0.006028679945808864-0.004892546598293352j),4350.051995850471,(0.0060286799458063-0.004892546598291442j),4350.051995850471
5439,5439,10.54389375,0.0007129017337072,(-0.026194109342534574-0.026199135268546683j),4350.851931855593,(-0.026194109342537596-0.026199135268544713j),4350.851931855593
5440,5440,10.54399375,0.0007714341413065,(0.004608751448354409-0.011189182530154301j),4351.651867860714,(0.004608751448349525-0.011189182530157552j),4351.651867860714
5441,5441,10.54409375,0.0032343314262276,(0.03236132182439466-0.00427636690159419j),4352.451803865835,(0.032361321824390776-0.00427636690159653j),4352.451803865835
5442,5442,10.54419375,0.0029442581048819,(-0.03666234864512029-0.007593229281526986j),4353.251739870957,(-0.03666234864512069-0.007593229281528108j),4353.251739870957
5443,5443,10.54429375,0.003696471089701,(0.00021276040586604714+0.008894459146063509j),4354.051675876079,(0.0002127604058640765+0.008894459146064152j),4354.051675876079
5444,5444,10.54439375,0.0044562196144056,(-0.027453528581633746+0.012445961140998458j),4354.8516118812,(-0.02745352858163525+0.0124459611409973j),4354.8516118811995
5445,5445,10.54449375,0.006525762392063,(0.025438077828499217+0.05416973721053184j),4355.651547886321,(0.025438077828499536+0.05416973721053222j),4355.651547886321
5446,5446,10.54459375,0.0057502093177985,(-0.0009653341230670231+0.03652265337573504j),4356.451483891443,(-0.0009653341230672326+0.03652265337573135j),4356.451483891443
5447,5447,10.54469375,0.0050138359475545,(0.015844812226045127-0.0609317577316986j),4357.251419896565,(0.015844812226044103-0.06093175773169928j),4357.251419896565
5448,5448,10.54479375,0.0054903985484403,(0.0553665860461065-0.01074117265111025j),4358.051355901685,(0.05536658604610935-0.010741172651108882j),4358.051355901685
5449,5449,10.54489375,0.0060638326405219,(-0.006882092056080127-0.03504465314651185j),4358.851291906807,(-0.006882092056078963-0.0350446531465142j),4358.851291906807
5450,5450,10.54499375,0.004968674339875,(0.015453737319265115+0.01243884563559899j),4359.651227911929,(0.015453737319266194+0.012438845635601502j),4359.651227911929
5451,5451,10.54509375,0.0031584614681274,(0.0021014818684343094-0.03644305415862703j),4360.4511639170505,(0.0021014818684344135-0.03644305415862636j),4360.4511639170505
5452,5452,10.54519375,0.0031498375348284,(-0.002173570111956284-0.07920135877696843j),4361.251099922171,(-0.0021735701119518155-0.07920135877696952j),4361.251099922171
5453,5453,10.54529375,0.0047755659089909,(-0.04449366400774657+0.003343214113128762j),4362.051035927293,(-0.04449366400774346+0.00334321411313079j),4362.051035927293
5454,5454,10.54539375,0.0049662679042369,(0.0031529371434176447+0.037906825962156054j),4362.850971932415,(0.003152937143417184+0.037906825962152786j),4362.850971932415
5455,5455,10.54549375,0.0049504795745981,(-0.03455525095351084-0.02428800551678221j),4363.650907937536,(-0.034555250953508566-0.02428800551678512j),4363.6509079375355
5456,5456,10.54559375,0.0043099578173978,(-0.018230495752612624-0.027800018402616346j),4364.450843942657,(-0.018230495752611518-0.027800018402610045j),4364.450843942657
5457,5457,10.54569375,0.006457628315722,(0.05819750608380371-0.06199001645005003j),4365.250779947779,(0.05819750608380382-0.06199001645004901j),4365.250779947779
5458,5458,10.54579375,0.0078003416562694,(-0.00827581507103699+0.025330403170155655j),4366.050715952901,(-0.00827581507103739+0.025330403170157525j),4366.050715952901
5459,5459,10.54589375,0.0086812377693965,(-0.007342614443838094+0.04551958011786519j),4366.850651958021,(-0.0073426144438399395+0.04551958011786256j),4366.850651958021
5460,5460,10.54599375,0.0074163292834162,(0.02288149864928547-0.017148293471215725j),4367.650587963143,(0.022881498649281778-0.017148293471219968j),4367.650587963143
5461,5461,10.54609375,0.0069471726545337,(0.046204832857624986+0.0819860767856995j),4368.450523968265,(0.0462048328576227+0.08198607678569808j),4368.450523968265
5462,5462,10.54619375,0.0074999311964685,(-0.03384074233318623-0.018271348269862393j),4369.250459973386,(-0.03384074233318504-0.018271348269862518j),4369.250459973386
5463,5463,10.54629375,0.0088375334637617,(0.0018169004053433038-0.055869429394748635j),4370.050395978507,(0.0018169004053443655-0.05586942939474704j),4370.050395978507
5464,5464,10.54639375,0.0066000844868107,(-0.002783299507457041+0.04145183456178918j),4370.850331983629,(-0.0027832995074593553+0.041451834561790774j),4370.850331983629
5465,5465,10.54649375,0.006432243100032,(-0.07294195454106656+0.06279756564039136j),4371.650267988751,(-0.07294195454106427+0.06279756564039049j),4371.650267988751
5466,5466,10.54659375,0.004651924709819,(-0.0017795604192086007+0.05330688305260383j),4372.450203993872,(-0.001779560419208617+0.05330688305260246j),4372.450203993872
5467,5467,10.54669375,0.005664571152017,(-0.01184106538814545+0.04675241318935714j),4373.250139998993,(-0.011841065388147014+0.046752413189353914j),4373.250139998993
5468,5468,10.54679375,0.005438636669712,(0.05197858942079224+0.046034189726269506j),4374.050076004115,(0.051978589420788264+0.046034189726265586j),4374.050076004115
5469,5469,10.54689375,0.006652618609254,(-0.0376123883036357+0.02315281473424269j),4374.850012009237,(-0.03761238830363597+0.023152814734241814j),4374.850012009237
5470,5470,10.54699375,0.0068302280468719,(-0.016257710564954547+0.03431824413283176j),4375.6499480143575,(-0.016257710564954165+0.034318244132837794j),4375.6499480143575
5471,5471,10.54709375,0.0064565131807025,(-0.07336491035596718+0.03869094831047673j),4376.449884019479,(-0.07336491035596242+0.038690948310472956j),4376.449884019479
5472,5472,10.54719375,0.00818374738224,(0.07892834288887321-0.05110614106581759j),4377.249820024601,(0.07892834288887182-0.05110614106581698j),4377.249820024601
5473,5473,10.54729375,0.009781742999065,(0.014322926808049145-0.015526521519592645j),4378.049756029722,(0.014322926808048767-0.015526521519592357j),4378.049756029722
5474,5474,10.54739375,0.009879941433446,(0.0030874093802541877+0.03846875154697946j),4378.849692034843,(0.003087409380251274+0.03846875154697697j),4378.849692034843
5475,5475,10.54749375,0.0089387635136353,(0.09037952885744557-0.0028722986674733567j),4379.649628039965,(0.09037952885745063-0.00287229866747582j),4379.649628039965
5476,5476,10.54759375,0.0084467371491494,(-0.07012785784194163+0.02965731513045218j),4380.449564045087,(-0.07012785784193946+0.029657315130450244j),4380.449564045087
5477,5477,10.54769375,0.0086821381495505,(-0.05781790266780734-0.001390890037736913j),4381.249500050208,(-0.057817902667805926-0.0013908900377352165j),4381.249500050208
5478,5478,10.54779375,0.0084581525872953,(0.0068127902797724535-0.0019479555592402703j),4382.049436055329,(0.006812790279771717-0.0019479555592416696j),4382.049436055329
5479,5479,10.54789375,0.0072908821306605,(0.05273110420362033-0.024022718367634064j),4382.849372060451,(0.05273110420361568-0.024022718367632402j),4382.849372060451
5480,5480,10.54799375,0.0049869599862819,(-0.01725280093118722-0.044956457307498185j),4383.649308065572,(-0.017252800931188216-0.04495645730750056j),4383.649308065572
5481,5481,10.54809375,0.0059628574983809,(-0.048022429315780456-0.08465829443642946j),4384.449244070694,(-0.04802242931577867-0.08465829443642922j),4384.449244070694
5482,5482,10.54819375,0.0074454985110506,(-0.037315290272483946+0.007887722154805382j),4385.249180075815,(-0.03731529027248469+0.007887722154808673j),4385.249180075815
5483,5483,10.54829375,0.0068748774141228,(0.0046156008701820775-0.010790091064097042j),4386.049116080937,(0.004615600870178947-0.010790091064101287j),4386.049116080937
5484,5484,10.54839375,0.0056209182985186,(-0.021831971444350947-0.07771314139187038j),4386.849052086058,(-0.021831971444349323-0.07771314139187185j),4386.849052086058
5485,5485,10.54849375,0.0073287726866817,(0.009968369953054322-0.006416162115753237j),4387.64898809118,(0.00996836995305222-0.006416162115750034j),4387.6489880911795
5486,5486,10.54859375,0.0098818494378241,(0.04245631393047469+0.02201751230364682j),4388.448924096301,(0.04245631393047478+0.022017512303643783j),4388.448924096301
5487,5487,10.54869375,0.0097189672913248,(-0.030574668831896155+0.04175706214512179j),4389.248860101423,(-0.030574668831895562+0.04175706214511844j),4389.248860101423
5488,5488,10.54879375,0.0079137679628199,(-0.01859334883541928-0.0527970842322837j),4390.048796106544,(-0.01859334883541807-0.052797084232284006j),4390.048796106544
5489,5489,10.54889375,0.0086351614479114,(0.038743501347208956-0.005425727587023078j),4390.848732111665,(0.03874350134720975-0.005425727587026004j),4390.848732111665
5490,5490,10.54899375,0.0091398770170422,(0.02124789256485815-0.03176114484132343j),4391.648668116787,(0.02124789256486074-0.03176114484132262j),4391.648668116787
5491,5491,10.54909375,0.0096547988016485,(0.02342791347817803+0.006862007181175313j),4392.448604121908,(0.023427913478180178+0.006862007181172797j),4392.448604121908
5492,5492,10.54919375,0.0077753310503694,(-0.04545023528968728+0.023998519037668406j),4393.24854012703,(-0.0454502352896867+0.023998519037670023j),4393.24854012703
5493,5493,10.54929375,0.0063876916269945,(-0.026304678925133638+0.04210036797757428j),4394.048476132151,(-0.02630467892513188+0.0421003679775729j),4394.048476132151
5494,5494,10.54939375,0.0042962699399475,(-0.008670575770450445-0.016124514502709308j),4394.848412137273,(-0.008670575770454707-0.016124514502711622j),4394.848412137273
5495,5495,10.54949375,0.0040406456273867,(-0.005237617861002301+0.10294802322727302j),4395.648348142394,(-0.005237617860998502+0.10294802322727122j),4395.648348142394
5496,5496,10.54959375,0.0035991528101893,(-0.026782200168100855+0.07351944938117469j),4396.448284147516,(-0.02678220016810141+0.0735194493811756j),4396.448284147516
5497,5497,10.54969375,0.0033204269883747,(-0.0555896991318898+0.08633264817243559j),4397.248220152637,(-0.05558969913189001+0.08633264817243592j),4397.248220152637
5498,5498,10.54979375,0.0036285643848452,(0.036616956415648+0.004005226824850894j),4398.048156157758,(0.03661695641564705+0.004005226824844378j),4398.048156157758
5499,5499,10.54989375,0.0037710250800637,(-0.011952375829797373+0.05253085068053968j),4398.84809216288,(-0.011952375829798948+0.05253085068054028j),4398.84809216288
5500,5500,10.54999375,0.0064654787641548,(-0.05421646321686042-0.0360335013440938j),4399.6480281680015,(-0.05421646321686061-0.03603350134409329j),4399.6480281680015
5501,5501,10.55009375,0.007656046937704,(-0.018414733211998373+0.05640254707745328j),4400.447964173123,(-0.018414733211997707+0.0564025470774518j),4400.447964173123
5502,5502,10.55019375,0.0071789145758788,(-0.037285092983539755-0.008666212640483215j),4401.247900178244,(-0.03728509298353599-0.008666212640481093j),4401.247900178244
5503,5503,10.55029375,0.0072483822061492,(-0.03669111070752856-0.0022456664212809757j),4402.047836183366,(-0.03669111070752624-0.002245666421277392j),4402.047836183366
5504,5504,10.55039375,0.005836272959475,(-0.0006101267556901987-0.025589023620753663j),4402.847772188487,(-0.0006101267556903288-0.025589023620753343j),4402.847772188487
5505,5505,10.55049375,0.0072676946086672,(9.084811300318595e-05-0.03134392683402082j),4403.647708193609,(9.084811300298819e-05-0.0313439268340174j),4403.647708193609
5506,5506,10.55059375,0.0029335968623451,(0.05800231470786377+0.030071892163422924j),4404.44764419873,(0.05800231470786274+0.030071892163425207j),4404.44764419873
5507,5507,10.55069375,0.0026440167276075,(-0.015676760732922405+0.01467144349010545j),4405.247580203852,(-0.01567676073292254+0.01467144349010709j),4405.247580203852
5508,5508,10.55079375,0.0009079139827846,(0.023313829480396977+0.002532426407218869j),4406.047516208973,(0.02331382948039863+0.002532426407218455j),4406.047516208973
5509,5509,10.55089375,0.0005947764891378,(0.0284458264642087-0.04474950069150918j),4406.847452214094,(0.02844582646421178-0.04474950069151056j),4406.847452214094
5510,5510,10.55099375,0.0013136514913083,(0.01760173899784869+0.01674043445734928j),4407.647388219216,(0.017601738997850093+0.01674043445734998j),4407.647388219216
5511,5511,10.55109375,0.0001002441314562,(0.006923740181973358-0.013756033225309423j),4408.4473242243375,(0.0069237401819720575-0.01375603322530501j),4408.4473242243375
5512,5512,10.55119375,0.0023497088129338,(0.07761831339891952-0.024595587044317274j),4409.247260229459,(0.0776183133989202-0.024595587044316296j),4409.247260229459
5513,5513,10.55129375,0.0038490245696062,(-0.04048049197055611-0.046865280060118204j),4410.04719623458,(-0.040480491970549946-0.04686528006012033j),4410.04719623458
5514,5514,10.55139375,0.0048592342366152,(0.010284837823699839-0.07918101166186531j),4410.847132239702,(0.010284837823696727-0.07918101166186386j),4410.847132239702
5515,5515,10.55149375,0.0040919534965926,(0.027337922069420928-0.016486350751004405j),4411.647068244824,(0.027337922069422427-0.016486350751001615j),4411.6470682448235
5516,5516,10.55159375,0.005290310154009,(0.00614865762307195+0.007207753482840846j),4412.447004249944,(0.006148657623072627+0.007207753482842525j),4412.447004249944
5517,5517,10.55169375,0.0047358019057127,(-0.04427361481492387-0.060243519593372846j),4413.246940255066,(-0.04427361481492371-0.0602435195933712j),4413.246940255066
5518,5518,10.55179375,0.0045577244208514,(-0.017218093705868714-0.004075850924233062j),4414.046876260188,(-0.01721809370587045-0.004075850924233328j),4414.046876260188
5519,5519,10.55189375,0.0032257413619611,(0.021619367407691506-0.02077848841151452j),4414.846812265309,(0.021619367407694205-0.020778488411516305j),4414.846812265309
5520,5520,10.55199375,0.0027722333780244,(0.023001475531791698-0.060691632803978934j),4415.64674827043,(0.023001475531790615-0.06069163280398023j),4415.64674827043
5521,5521,10.55209375,0.0006697979599301,(0.034104567795398597+0.00213112885300161j),4416.446684275552,(0.034104567795397764+0.0021311288530039985j),4416.446684275552
5522,5522,10.55219375,0.0003650575936903,(0.018332631984133946-0.0008117051618295439j),4417.246620280674,(0.01833263198413938-0.0008117051618284129j),4417.246620280674
5523,5523,10.55229375,0.001155983741885,(0.017794844174564277+0.05776136449996968j),4418.046556285794,(0.017794844174561335+0.05776136449996837j),4418.046556285794
5524,5524,10.55239375,0.001631791120731,(0.013679757168418603-0.03211886822323275j),4418.846492290916,(0.013679757168422015-0.03211886822323147j),4418.846492290916
5525,5525,10.55249375,0.0017008652104422,(-0.007655538581286876+0.06727037689552363j),4419.646428296038,(-0.007655538581285506+0.06727037689552341j),4419.646428296038
5526,5526,10.55259375,0.0035213501139794,(-0.01482641485557161+0.03894185832516053j),4420.44636430116,(-0.014826414855569198+0.03894185832516073j),4420.4463643011595
5527,5527,10.55269375,0.003074529191702,(0.015148123731596188+0.04606800679308525j),4421.24630030628,(0.015148123731598098+0.046068006793085446j),4421.24630030628
5528,5528,10.55279375,0.0049746591581349,(0.007849108804309298+0.008877030749975824j),4422.046236311402,(0.007849108804307363+0.008877030749977794j),4422.046236311402
5529,5529,10.55289375,0.0044880818511714,(-0.06594291730154819+0.07888707103284093j),4422.846172316524,(-0.06594291730154662+0.07888707103284143j),4422.846172316524
5530,5530,10.55299375,0.0058155884010885,(-0.06295154030090558+0.03430624680824206j),4423.646108321645,(-0.06295154030090756+0.034306246808244276j),4423.646108321645
5531,5531,10.55309375,0.0050801538804278,(-0.020010951370654805-0.009031276449912778j),4424.446044326766,(-0.020010951370652424-0.00903127644990957j),4424.446044326766
5532,5532,10.55319375,0.0048468274283307,(-0.04006889626237207+0.057016096575915595j),4425.245980331888,(-0.04006889626237153+0.057016096575916185j),4425.245980331888
5533,5533,10.55329375,0.0051869177844186,(-0.050949157747537+0.018046451953646944j),4426.04591633701,(-0.05094915774753788+0.01804645195364293j),4426.04591633701
5534,5534,10.55339375,0.0047863319077664,(-0.07004643066054017-0.0607915409935134j),4426.8458523421305,(-0.0700464306605388-0.06079154099351407j),4426.8458523421305
5535,5535,10.55349375,0.0048506846630883,(-0.03892488896049956-0.03681248483613811j),4427.645788347252,(-0.03892488896049793-0.0368124848361372j),4427.645788347252
5536,5536,10.55359375,0.0054018996018225,(-0.013096041597659727-0.06338889521949549j),4428.445724352374,(-0.013096041597663727-0.06338889521949857j),4428.445724352374
5537,5537,10.55369375,0.0039632153844345,(0.046276149179688246-0.07115205715780325j),4429.245660357496,(0.046276149179689786-0.0711520571577995j),4429.245660357496
5538,5538,10.55379375,0.0047073528115445,(0.029293783963433854-0.041857446362350434j),4430.045596362616,(0.029293783963432712-0.04185744636235184j),4430.045596362616
5539,5539,10.55389375,0.0042897229933455,(-0.07011665475222303+0.0015509375607607803j),4430.845532367738,(-0.07011665475221932+0.0015509375607613216j),4430.845532367738
5540,5540,10.55399375,0.0062691462482405,(-0.04253097301190484+0.013068395440496176j),4431.64546837286,(-0.04253097301190408+0.01306839544049521j),4431.64546837286
5541,5541,10.55409375,0.0052399268080512,(0.05776584514875117+0.03934818490004808j),4432.445404377981,(0.057765845148748836+0.03934818490004759j),4432.445404377981
5542,5542,10.55419375,0.0057904785229034,(0.055329875836383546-0.056348945484179826j),4433.245340383102,(0.05532987583638435-0.05634894548417894j),4433.245340383102
5543,5543,10.55429375,0.0076723123863599,(0.05151965289197484-0.03708659630044736j),4434.045276388224,(0.051519652891974084-0.03708659630044434j),4434.045276388224
5544,5544,10.55439375,0.0080619699840942,(0.02092082193480313+0.04718654333856743j),4434.845212393346,(0.020920821934800188+0.047186543338569836j),4434.845212393346
5545,5545,10.55449375,0.0080647741379937,(-0.04200351284618953+0.04985624941605278j),4435.6451483984665,(-0.04200351284618897+0.049856249416055584j),4435.6451483984665
5546,5546,10.55459375,0.0075341961457039,(0.04382044825993973+0.05689452884244857j),4436.445084403588,(0.043820448259945737+0.056894528842449305j),4436.445084403588
5547,5547,10.55469375,0.0083224393852877,(-0.027530240122931954+0.008953112050924772j),4437.24502040871,(-0.027530240122934785+0.008953112050924633j),4437.24502040871
5548,5548,10.55479375,0.0071933423445696,(0.060951182182626906+0.014171282729474318j),4438.044956413832,(0.060951182182623576+0.01417128272947666j),4438.044956413832
5549,5549,10.55489375,0.0058748131314147,(0.03635353581744446-0.01352322467362777j),4438.844892418952,(0.03635353581744549-0.013523224673629108j),4438.844892418952
5550,5550,10.55499375,0.0065350640214733,(0.009273993616917048+0.06884921425915534j),4439.644828424074,(0.009273993616916826+0.06884921425915651j),4439.644828424074
5551,5551,10.55509375,0.0068692774912702,(-0.012961364171466226-0.015707183558399496j),4440.444764429196,(-0.012961364171465909-0.015707183558399406j),4440.444764429196
5552,5552,10.55519375,0.0069929991740442,(0.0018150658658804449-0.031157833165922733j),4441.244700434317,(0.0018150658658817372-0.03115783316592277j),4441.244700434317
5553,5553,10.55529375,0.006701372786064,(-0.026139533986105908+0.07050540379796683j),4442.044636439438,(-0.026139533986106307+0.07050540379796709j),4442.044636439438
5554,5554,10.55539375,0.0064208854604095,(-0.04193902629759548+0.17762765081165355j),4442.84457244456,(-0.04193902629759837+0.17762765081165408j),4442.84457244456
5555,5555,10.55549375,0.0075698570295661,(-0.07129828702444266+0.08491885675543231j),4443.644508449682,(-0.07129828702444543+0.08491885675543048j),4443.644508449682
5556,5556,10.55559375,0.0076726793960043,(-0.044587662446660674-0.03198939784028425j),4444.444444454803,(-0.04458766244665896-0.03198939784028215j),4444.444444454803
5557,5557,10.55569375,0.0073511797631165,(-0.052119303824907266-0.05990456572472748j),4445.244380459924,(-0.05211930382490538-0.059904565724727736j),4445.244380459924
5558,5558,10.55579375,0.0086792023263489,(-0.0547752282385245+0.0004514650797365939j),4446.044316465046,(-0.054775228238521906+0.00045146507973505695j),4446.044316465046
5559,5559,10.55589375,0.0096726370681869,(-0.04701588428575378-0.00898091332704313j),4446.844252470167,(-0.047015884285752305-0.0089809133270441j),4446.844252470167
5560,5560,10.55599375,0.0086971052481622,(-0.04901028776674878-0.054121919194365j),4447.6441884752885,(-0.04901028776674843-0.05412191919436446j),4447.6441884752885
5561,5561,10.55609375,0.007607948631628,(-0.003824578107811-0.028228514263410234j),4448.44412448041,(-0.0038245781078124486-0.028228514263405342j),4448.44412448041
5562,5562,10.55619375,0.0076972437136271,(-0.03208181527594484-0.11249455417839757j),4449.244060485532,(-0.03208181527594536-0.1124945541783975j),4449.244060485532
5563,5563,10.55629375,0.0072278208563332,(-0.05139444586857017-0.005832920299079666j),4450.043996490653,(-0.05139444586857685-0.005832920299078585j),4450.043996490653
5564,5564,10.55639375,0.0046762169256423,(-0.013761271657793065-0.03876608601365492j),4450.843932495774,(-0.013761271657795698-0.03876608601365298j),4450.843932495774
5565,5565,10.55649375,0.0069392852417461,(0.04641118358350167-0.05455106594812563j),4451.643868500896,(0.04641118358350124-0.05455106594812931j),4451.643868500896
5566,5566,10.55659375,0.0076134634505352,(0.1115888457995827-0.025470763824750477j),4452.443804506018,(0.11158884579958403-0.0254707638247502j),4452.443804506018
5567,5567,10.55669375,0.0083886746690134,(0.06404010714282989-0.0542396936049971j),4453.243740511139,(0.06404010714282696-0.05423969360499674j),4453.243740511139
5568,5568,10.55679375,0.0075587035783019,(0.03702987146638754+0.043750599293825104j),4454.04367651626,(0.037029871466386685+0.043750599293822925j),4454.04367651626
5569,5569,10.55689375,0.009590256850755,(0.06642040922706165-0.0477271095246935j),4454.843612521382,(0.06642040922706348-0.047727109524693966j),4454.843612521382
5570,5570,10.55699375,0.0098955992563947,(0.009386061290705827-0.041978029113133086j),4455.643548526503,(0.00938606129070171-0.04197802911313561j),4455.643548526503
5571,5571,10.55709375,0.0078618868523467,(0.015874514470325847-0.005490518940451635j),4456.443484531625,(0.01587451447032652-0.005490518940445856j),4456.443484531625
5572,5572,10.55719375,0.0084504051894693,(0.053226774890162684+0.04910367938308959j),4457.243420536746,(0.053226774890162046+0.049103679383085685j),4457.243420536746
5573,5573,10.55729375,0.0064347634381104,(0.00805081598358302+0.01299353526083098j),4458.043356541868,(0.008050815983581594+0.012993535260830425j),4458.043356541868
5574,5574,10.55739375,0.0071661619809914,(0.10302254608105346+0.05433215494483659j),4458.843292546989,(0.10302254608105241+0.05433215494483721j),4458.843292546989
5575,5575,10.55749375,0.0066996118356272,(-0.01587881931478491+0.04082419797100879j),4459.643228552111,(-0.01587881931478477+0.04082419797100542j),4459.6432285521105
5576,5576,10.55759375,0.0069768593344036,(-0.08638157979388951+0.14442404672498063j),4460.443164557232,(-0.08638157979389048+0.14442404672498166j),4460.443164557232
5577,5577,10.55769375,0.0069650290408457,(-0.08621234623096631+0.0703841423614094j),4461.243100562353,(-0.08621234623095946+0.07038414236141026j),4461.243100562353
5578,5578,10.55779375,0.0066435715971215,(-0.02998445633757749+0.03715261997136961j),4462.043036567475,(-0.029984456337577497+0.037152619971371696j),4462.043036567475
5579,5579,10.55789375,0.0060951835310144,(-0.004257262161853627+0.020443917813219227j),4462.842972572596,(-0.0042572621618535535+0.020443917813217284j),4462.842972572596
5580,5580,10.55799375,0.005731839402024,(-0.04196966228904179-0.021855977558261835j),4463.642908577718,(-0.041969662289043336-0.021855977558263552j),4463.642908577718
5581,5581,10.55809375,0.0036171451894699,(-0.013205656246089058+0.02174960888180028j),4464.442844582839,(-0.013205656246087525+0.021749608881799824j),4464.442844582839
5582,5582,10.55819375,0.0046589604968474,(-0.027153936001462715+0.07929139624122106j),4465.242780587961,(-0.02715393600146333+0.07929139624121916j),4465.242780587961
5583,5583,10.55829375,0.0040531955097068,(0.0031931327774129903-0.023265011080172482j),4466.042716593082,(0.003193132777412481-0.023265011080175143j),4466.042716593082
5584,5584,10.55839375,0.0039015802788628,(-0.01920332460474901+0.05503876328866597j),4466.842652598203,(-0.019203324604745033+0.055038763288665485j),4466.842652598203
5585,5585,10.55849375,0.0045743010796559,(-0.04832737452072667+0.03173160747138176j),4467.642588603325,(-0.048327374520727426+0.03173160747138313j),4467.642588603325
5586,5586,10.55859375,0.0045684086380879,(-0.09148406374079263+0.06801135636952985j),4468.442524608447,(-0.09148406374079246+0.06801135636953137j),4468.442524608447
5587,5587,10.55869375,0.005521020024839,(-0.0563484489131823-0.006396662750410731j),4469.242460613568,(-0.05634844891318217-0.0063966627504107865j),4469.242460613568
5588,5588,10.55879375,0.0061960727181409,(-0.029418137917543066-0.0851950180526734j),4470.042396618689,(-0.029418137917542272-0.0851950180526754j),4470.042396618689
5589,5589,10.55889375,0.0055077350686306,(-0.06474952038469296-0.05206119381400937j),4470.842332623811,(-0.06474952038469194-0.052061193814008186j),4470.842332623811
5590,5590,10.55899375,0.0040690681249618,(-0.009701530318243763-0.0195325540179147j),4471.6422686289325,(-0.009701530318243449-0.01953255401791396j),4471.6422686289325
5591,5591,10.55909375,0.0026763525072731,(0.09329086912628975-0.03441344358989404j),4472.442204634054,(0.09329086912628866-0.03441344358989269j),4472.442204634054
5592,5592,10.55919375,0.002537498147026,(0.035632532622914964-0.0672791543272113j),4473.242140639175,(0.035632532622910114-0.06727915432721075j),4473.242140639175
5593,5593,10.55929375,0.0028568204878868,(0.07631924462050263-0.07475173514703692j),4474.042076644297,(0.0763192446205055-0.07475173514703953j),4474.042076644297
5594,5594,10.55939375,0.0007745314102202,(0.062485626054682414-0.015061958379149799j),4474.842012649418,(0.062485626054682664-0.015061958379148761j),4474.842012649418
5595,5595,10.55949375,0.0015818138869152,(0.09839280811881368+0.11598220767492708j),4475.641948654539,(0.09839280811881243+0.11598220767492787j),4475.641948654539
5596,5596,10.55959375,0.0008803826289375,(-0.031170347851817402+0.05097719732471156j),4476.441884659661,(-0.031170347851821347+0.05097719732471692j),4476.441884659661
5597,5597,10.55969375,0.0027627788924846,(0.020113774459660273-0.0077272948469131394j),4477.241820664783,(0.020113774459658163-0.0077272948469159376j),4477.241820664783
5598,5598,10.55979375,0.0036018201197656,(0.045081261694194436-0.018650481462787194j),4478.041756669904,(0.045081261694194324-0.018650481462788124j),4478.041756669904
5599,5599,10.55989375,0.0036801889039146,(0.024794669554003376+0.09463135473086692j),4478.841692675025,(0.02479466955400362+0.09463135473086698j),4478.841692675025
5600,5600,10.55999375,0.0047923338153904,(0.02251748303190125+0.08404845034353621j),4479.641628680147,(0.02251748303190257+0.08404845034353693j),4479.641628680147
5601,5601,10.56009375,0.0041869219816716,(-0.009365623036033527+0.10241522224372179j),4480.4415646852685,(-0.009365623036033836+0.10241522224371917j),4480.4415646852685
5602,5602,10.56019375,0.0034255222551682,(-0.00355209261132936+0.036704788046990365j),4481.241500690389,(-0.003552092611328359+0.03670478804698769j),4481.241500690389
5603,5603,10.56029375,0.0028854388014713,(-0.019449476399325278+0.04189106973411752j),4482.041436695511,(-0.01944947639932689+0.04189106973411968j),4482.041436695511
5604,5604,10.56039375,0.0035210441399769,(-0.07038220420151048+0.17027357927811893j),4482.841372700633,(-0.07038220420150984+0.17027357927811482j),4482.841372700633
5605,5605,10.56049375,0.0014157814514284,(-0.14545716129511285+0.08752001502008042j),4483.641308705754,(-0.14545716129511385+0.08752001502007706j),4483.641308705754
5606,5606,10.56059375,0.0018409508007541,(-0.1357159970264755-0.01631267241190783j),4484.441244710875,(-0.1357159970264712-0.01631267241191374j),4484.441244710875
5607,5607,10.56069375,0.0006336677839674,(-0.09924907600829536-0.10016041543753462j),4485.241180715997,(-0.099249076008292-0.10016041543753576j),4485.241180715997
5608,5608,10.56079375,0.0027873573980294,(-0.06295520944292066-0.021504797315186744j),4486.041116721119,(-0.062955209442925-0.021504797315184j),4486.041116721119
5609,5609,10.56089375,0.0016334229051699,(-0.013180184478573748-0.11733026855811138j),4486.84105272624,(-0.013180184478571229-0.11733026855811127j),4486.84105272624
5610,5610,10.56099375,0.0033509543797831,(0.0252339395259732-0.048316971665645476j),4487.640988731361,(0.025233939525974074-0.04831697166564209j),4487.640988731361
5611,5611,10.56109375,0.0030710928505411,(0.07113093963490319-0.01974077107544183j),4488.440924736483,(0.07113093963490144-0.019740771075441213j),4488.440924736483
5612,5612,10.56119375,0.0043179319805336,(-0.07148572519792662+0.0345066344970848j),4489.240860741605,(-0.07148572519792261+0.03450663449708338j),4489.240860741605
5613,5613,10.56129375,0.005363360098717,(-0.03966956485625357-0.06642196895301658j),4490.040796746725,(-0.03966956485625093-0.06642196895301736j),4490.040796746725
5614,5614,10.56139375,0.0063093456162718,(0.010443815981307954-0.022337589038034324j),4490.840732751847,(0.010443815981304075-0.022337589038033148j),4490.840732751847
5615,5615,10.56149375,0.0051313235434716,(-0.012995131779859639-0.06992845038318025j),4491.640668756969,(-0.01299513177985916-0.06992845038317873j),4491.640668756969
5616,5616,10.56159375,0.0052535887912594,(0.04231874674042261-0.05682895769019799j),4492.4406047620905,(0.042318746740423796-0.056828957690197565j),4492.4406047620905
5617,5617,10.56169375,0.0063714582164309,(0.030884012413535368-0.017384729463710218j),4493.240540767211,(0.03088401241353419-0.017384729463708594j),4493.240540767211
5618,5618,10.56179375,0.0059395329568444,(-0.01385110006875824-0.06262455261228073j),4494.040476772333,(-0.013851100068760627-0.06262455261228055j),4494.040476772333
5619,5619,10.56189375,0.0049117433331975,(0.09752043063913114+0.0205344819784975j),4494.840412777455,(0.09752043063913211+0.020534481978499712j),4494.840412777455
5620,5620,10.56199375,0.0036146709079942,(0.05633923333635462+0.13940764190209778j),4495.640348782576,(0.05633923333635196+0.13940764190209537j),4495.6403487825755
5621,5621,10.56209375,0.0041440825115811,(0.0922092330164093+0.10692777551873665j),4496.440284787697,(0.092209233016413+0.10692777551873467j),4496.440284787697
5622,5622,10.56219375,0.0040411558093761,(0.03069527602496872+0.06503070970821606j),4497.240220792819,(0.03069527602497282+0.06503070970821856j),4497.240220792819
5623,5623,10.56229375,0.0039419883700577,(0.00367790046900298+0.04791262837268381j),4498.040156797941,(0.0036779004690068937+0.04791262837268577j),4498.040156797941
5624,5624,10.56239375,0.0041565114786764,(0.0225768775179903+0.012932023517120462j),4498.840092803061,(0.022576877517988342+0.012932023517122946j),4498.840092803061
5625,5625,10.56249375,0.0057064076403557,(0.08235971367667032+0.016333525373753426j),4499.640028808183,(0.08235971367667269+0.016333525373752968j),4499.640028808183
5626,5626,10.56259375,0.0074132090268656,(-0.11072160883332206+0.13566864850533697j),4500.439964813305,(-0.1107216088333233+0.13566864850533733j),4500.439964813305
5627,5627,10.56269375,0.0077780368710158,(-0.06348571575088108+0.046172825039845586j),4501.239900818427,(-0.06348571575087719+0.046172825039844684j),4501.239900818427
5628,5628,10.56279375,0.0084545438547464,(-0.16712440035820994-0.07281954020082379j),4502.039836823547,(-0.1671244003582086-0.07281954020082243j),4502.039836823547
5629,5629,10.56289375,0.0085903045682749,(0.07224831165548751-0.0003802509726785787j),4502.839772828669,(0.07224831165548848-0.00038025097267941135j),4502.839772828669
5630,5630,10.56299375,0.0083512580414994,(0.057113856861292264+0.04279039764707335j),4503.639708833791,(0.057113856861288795+0.04279039764707517j),4503.639708833791
5631,5631,10.56309375,0.0082636365941472,(-0.023853216448481554+0.07150552268730341j),4504.439644838912,(-0.023853216448480014+0.07150552268730283j),4504.439644838912
5632,5632,10.56319375,0.0081033611463301,(-0.018187477826657972-0.0015604331686906708j),4505.239580844033,(-0.018187477826662607-0.0015604331686873626j),4505.239580844033
5633,5633,10.56329375,0.0077370510349745,(-0.03501820403205812-0.03388591231342349j),4506.039516849155,(-0.03501820403206075-0.03388591231342506j),4506.039516849155
5634,5634,10.56339375,0.0060430449351595,(0.005742014149857049-0.033570447195050895j),4506.839452854277,(0.0057420141498605495-0.03357044719505112j),4506.839452854277
5635,5635,10.56349375,0.0066959005932728,(-0.03955779683276826-0.035154920407174085j),4507.6393888593975,(-0.03955779683277067-0.03515492040717583j),4507.6393888593975
5636,5636,10.56359375,0.0069342363494529,(0.029144013060732367-0.033461029806672704j),4508.439324864519,(0.02914401306073327-0.03346102980667126j),4508.439324864519
5637,5637,10.56369375,0.0084516038205831,(0.023761302498029768+0.038122260174005725j),4509.239260869641,(0.023761302498029963+0.03812226017400472j),4509.239260869641
5638,5638,10.56379375,0.0071098854284595,(0.002623320395973374+0.055048767330685464j),4510.039196874762,(0.00262332039597573+0.05504876733068571j),4510.039196874762
5639,5639,10.56389375,0.008047192814536,(-0.00818496941067107+0.03571910249556559j),4510.839132879883,(-0.008184969410671787+0.03571910249556721j),4510.839132879883
5640,5640,10.56399375,0.006838836371645,(-0.009770899356923386+0.013983212341540353j),4511.639068885005,(-0.00977089935692294+0.013983212341536528j),4511.639068885005
5641,5641,10.56409375,0.007727958560502,(0.025858870237626747-0.0488000004871153j),4512.439004890127,(0.025858870237626775-0.048800000487116385j),4512.439004890127
5642,5642,10.56419375,0.0071012351312572,(0.00838201738629011-0.02749484835871837j),4513.238940895248,(0.008382017386291366-0.027494848358723505j),4513.238940895248
5643,5643,10.56429375,0.0086280409940666,(-0.09095270400761574-0.03596565928896893j),4514.038876900369,(-0.09095270400761432-0.03596565928896807j),4514.038876900369
5644,5644,10.56439375,0.0081863564988013,(-0.05749490043498719-0.14310984880573563j),4514.838812905491,(-0.05749490043498691-0.14310984880573452j),4514.838812905491
5645,5645,10.56449375,0.0097884847486803,(0.05078392314786531-0.10574645823466933j),4515.638748910613,(0.05078392314786242-0.10574645823467009j),4515.638748910613
5646,5646,10.56459375,0.0071838038245844,(0.0641099102606002-0.04865393563565221j),4516.438684915734,(0.06410991026060019-0.048653935635655565j),4516.438684915734
5647,5647,10.56469375,0.0075959765134249,(0.04596657725930813+0.08472001153398442j),4517.238620920855,(0.04596657725930999+0.08472001153398702j),4517.238620920855
5648,5648,10.56479375,0.005249123979177,(0.008123503824253031-0.012462260442775144j),4518.038556925977,(0.008123503824251699-0.012462260442776863j),4518.038556925977
5649,5649,10.56489375,0.0084952697104464,(0.014657276485017095+0.04440047405416796j),4518.838492931098,(0.01465727648501575+0.04440047405417097j),4518.838492931098
5650,5650,10.56499375,0.0075764773443382,(0.01564736280686069-0.0902798593931625j),4519.63842893622,(0.01564736280686496-0.09027985939316156j),4519.6384289362195
5651,5651,10.56509375,0.0095938069016707,(0.06244598882771163-0.017197324042494293j),4520.438364941341,(0.06244598882771214-0.017197324042491503j),4520.438364941341
5652,5652,10.56519375,0.0063524142371309,(0.07840549244047079+0.09738156415409503j),4521.238300946463,(0.07840549244047065+0.09738156415409639j),4521.238300946463
5653,5653,10.56529375,0.0069940369112619,(0.09806251832531457+0.058138144592794976j),4522.038236951584,(0.09806251832531596+0.058138144592800235j),4522.038236951584
5654,5654,10.56539375,0.0079909600304827,(0.06439618741518419+0.1511468286302121j),4522.838172956705,(0.06439618741518369+0.15114682863021073j),4522.838172956705
5655,5655,10.56549375,0.0086625849690281,(0.004128728421472961+0.047908281618578755j),4523.638108961827,(0.004128728421474926+0.047908281618582925j),4523.638108961827
5656,5656,10.56559375,0.0064863026848178,(0.053373430700933644+0.1027747938330764j),4524.438044966948,(0.053373430700931576+0.10277479383307916j),4524.438044966948
5657,5657,10.56569375,0.0062405959500839,(0.02817668593324197+0.06213738824801304j),4525.23798097207,(0.028176685933240603+0.062137388248013535j),4525.23798097207
5658,5658,10.56579375,0.0064777646704833,(0.006469276155261404+0.05893194941705135j),4526.037916977191,(0.006469276155258941+0.05893194941704876j),4526.037916977191
5659,5659,10.56589375,0.0064126518433425,(-0.04710401283942059+0.19062555249141225j),4526.837852982313,(-0.04710401283942464+0.1906255524914125j),4526.837852982313
5660,5660,10.56599375,0.0049410980329016,(-0.055955780571338654+0.1064132138867743j),4527.637788987434,(-0.05595578057133639+0.10641321388677727j),4527.637788987434
5661,5661,10.56609375,0.0063427828236222,(-0.10401960274982774+0.06811238864298227j),4528.437724992556,(-0.1040196027498327+0.06811238864298233j),4528.437724992556
5662,5662,10.56619375,0.0057874868710007,(-0.06813610269173882+0.023281974136088464j),4529.237660997677,(-0.06813610269173956+0.02328197413608459j),4529.237660997677
5663,5663,10.56629375,0.0064303404189233,(-0.20580023256135974+0.08679706770865259j),4530.037597002798,(-0.20580023256135777+0.08679706770865159j),4530.037597002798
5664,5664,10.56639375,0.0039740686765124,(-0.14136316965800833-0.00891814013782502j),4530.83753300792,(-0.14136316965800805-0.008918140137826852j),4530.83753300792
5665,5665,10.56649375,0.0058739450537711,(-0.14053568949898554-0.018349084117594436j),4531.6374690130415,(-0.1405356894989851-0.0183490841175976j),4531.6374690130415
5666,5666,10.56659375,0.0051240989441604,(0.028142930441589116-0.16131629595551772j),4532.437405018163,(0.028142930441591114-0.16131629595551827j),4532.437405018163
5667,5667,10.56669375,0.0047553510673279,(-0.018840539971173863-0.03485920436325661j),4533.237341023284,(-0.0188405399711741-0.03485920436325099j),4533.237341023284
5668,5668,10.56679375,0.0030627014742269,(-0.033678926182972746+0.009110468264907775j),4534.037277028406,(-0.03367892618297208+0.009110468264907141j),4534.037277028406
5669,5669,10.56689375,0.0033464168293992,(-0.033376296547055984-0.021867126562175213j),4534.837213033527,(-0.03337629654705332-0.021867126562174884j),4534.837213033527
5670,5670,10.56699375,0.003997899015263,(-0.0468389233016874-0.0852025388947302j),4535.637149038649,(-0.04683892330168791-0.08520253889473124j),4535.637149038649
5671,5671,10.56709375,0.0049653212283869,(-0.03866701091989797-0.042449819728476765j),4536.43708504377,(-0.03866701091989744-0.04244981972847646j),4536.43708504377
5672,5672,10.56719375,0.0036231076751334,(0.03418899315730116-0.047981404514707914j),4537.237021048892,(0.03418899315730238-0.047981404514707164j),4537.237021048892
5673,5673,10.56729375,0.0057048240056123,(0.025540268446602316-0.061098172384412036j),4538.036957054013,(0.025540268446604786-0.0610981723844094j),4538.036957054013
5674,5674,10.56739375,0.0048774028779899,(0.04428025988291398-0.033119790949457543j),4538.836893059134,(0.04428025988291964-0.03311979094945677j),4538.836893059134
5675,5675,10.56749375,0.0064971423576211,(0.089419304031995-0.08333615248214375j),4539.636829064256,(0.08941930403199336-0.08333615248214406j),4539.636829064256
5676,5676,10.56759375,0.003900211794816,(0.1506552208874647+0.03839879272864219j),4540.4367650693775,(0.1506552208874667+0.03839879272864451j),4540.4367650693775
5677,5677,10.56769375,0.0033872963779528,(0.04590428779821178+0.18217507226790083j),4541.236701074499,(0.045904287798208675+0.18217507226790294j),4541.236701074499
5678,5678,10.56779375,0.001551404689962,(0.06802743131544388-0.059843125760276394j),4542.03663707962,(0.06802743131544241-0.05984312576027354j),4542.03663707962
5679,5679,10.56789375,0.0010579748147746,(-0.0026027252623073184+0.059610629054966655j),4542.836573084742,(-0.002602725262308994+0.05961062905496718j),4542.836573084742
5680,5680,10.56799375,0.0005125733777876,(0.059473169359087946+0.023122608706505378j),4543.636509089864,(0.05947316935908636+0.023122608706509187j),4543.6365090898635
5681,5681,10.56809375,0.0024906149622688,(0.03808438037867218+0.010612415498626121j),4544.436445094984,(0.038084380378667404+0.010612415498629289j),4544.436445094984
5682,5682,10.56819375,0.0014659426463466,(0.10367508539803202-0.00713165878493403j),4545.236381100106,(0.10367508539803154-0.007131658784934897j),4545.236381100106
5683,5683,10.56829375,0.0029289903149129,(0.12574546296180011+0.07612187670743348j),4546.036317105228,(0.12574546296179806+0.0761218767074362j),4546.036317105228
5684,5684,10.56839375,0.0037956771154917,(0.04348185058447912+0.16670444171245802j),4546.836253110349,(0.043481850584481535+0.1667044417124588j),4546.836253110349
5685,5685,10.56849375,0.0045043357912184,(-0.041468199334114414+0.05423895880401586j),4547.63618911547,(-0.04146819933411847+0.05423895880401334j),4547.63618911547
5686,5686,10.56859375,0.003847000351284,(0.04736192988156493+0.1119934756888693j),4548.436125120592,(0.04736192988156661+0.11199347568886922j),4548.436125120592
5687,5687,10.56869375,0.004837608317796,(-0.07549882758243866+0.17135800094417025j),4549.236061125714,(-0.0754988275824382+0.1713580009441661j),4549.236061125714
5688,5688,10.56879375,0.0034187836073575,(-0.055251836543318306+0.04102546138775131j),4550.035997130835,(-0.05525183654331509+0.041025461387751094j),4550.035997130835
5689,5689,10.56889375,0.0023218850773066,(-0.1087103206278191+0.027474631137519284j),4550.835933135956,(-0.10871032062781934+0.02747463113751822j),4550.835933135956
5690,5690,10.56899375,0.0018225125111336,(-0.13229340007843998-0.042509238482972805j),4551.635869141078,(-0.13229340007843915-0.04250923848297367j),4551.635869141078
5691,5691,10.56909375,0.0042618258822747,(-0.19499682555570322+0.040651740369880215j),4552.4358051462,(-0.19499682555569878+0.04065174036988231j),4552.4358051461995
5692,5692,10.56919375,0.0034272864912647,(-0.16815543379821585+0.019787924079778613j),4553.23574115132,(-0.16815543379821885+0.01978792407978333j),4553.23574115132
5693,5693,10.56929375,0.0027036966619293,(-0.06821505235258146-0.018383162892901678j),4554.035677156442,(-0.06821505235258506-0.018383162892902895j),4554.035677156442
5694,5694,10.56939375,0.0033431899921389,(-0.11296534372409399-0.05367557988970946j),4554.835613161564,(-0.11296534372409628-0.05367557988971029j),4554.835613161564
5695,5695,10.56949375,0.0047388613194602,(-0.052540921592390114-0.13284469710510183j),4555.635549166685,(-0.05254092159239698-0.13284469710509905j),4555.635549166685
5696,5696,10.56959375,0.0039598886387393,(0.01257011017833927-0.08997972725185024j),4556.435485171806,(0.012570110178343672-0.08997972725184901j),4556.435485171806
5697,5697,10.56969375,0.0029258448410357,(0.016153304669233683-0.1124585516649432j),4557.235421176928,(0.016153304669234377-0.11245855166494914j),4557.235421176928
5698,5698,10.56979375,0.0038196797607074,(0.06929846864289416-0.1954201748500441j),4558.03535718205,(0.06929846864289571-0.19542017485004182j),4558.03535718205
5699,5699,10.56989375,0.0049615507339846,(0.08260557047640614+0.0577279650724174j),4558.8352931871705,(0.08260557047640774+0.057727965072417474j),4558.8352931871705
5700,5700,10.56999375,0.0055089879554874,(0.053911802373703396+0.03352076538208605j),4559.635229192292,(0.05391180237370055+0.03352076538208589j),4559.635229192292
5701,5701,10.57009375,0.0050534254801026,(0.028372139813444865-0.0034551256701806j),4560.435165197414,(0.028372139813447782-0.0034551256701794526j),4560.435165197414
5702,5702,10.57019375,0.0051629803873733,(-0.006624883842771021+0.009188899759154871j),4561.235101202536,(-0.006624883842768217+0.009188899759155046j),4561.235101202536
5703,5703,10.57029375,0.0056693948289302,(-0.0022922064726972335+0.056051712371562964j),4562.035037207656,(-0.0022922064726993395+0.056051712371563985j),4562.035037207656
5704,5704,10.57039375,0.0053824632679631,(-0.006450429619039924+0.12336535814622065j),4562.834973212778,(-0.006450429619041416+0.12336535814622182j),4562.834973212778
5705,5705,10.57049375,0.0041175151749432,(-0.01047125649363858-0.012377411647853552j),4563.6349092179,(-0.010471256493637456-0.012377411647855475j),4563.6349092179
5706,5706,10.57059375,0.004580118547647,(0.06750017654308696+0.005913749825842056j),4564.4348452230215,(0.06750017654308632+0.005913749825839685j),4564.4348452230215
5707,5707,10.57069375,0.006541546496421,(0.08420139359970387+0.07139117667189288j),4565.234781228142,(0.08420139359970373+0.07139117667189537j),4565.234781228142
5708,5708,10.57079375,0.0077960475319981,(-0.05800513885072485+0.058985074093715006j),4566.034717233264,(-0.058005138850726626+0.05898507409371297j),4566.034717233264
5709,5709,10.57089375,0.00760748876166,(-0.09690261353989599-0.01150236132915372j),4566.834653238386,(-0.09690261353989382-0.011502361329156191j),4566.834653238386
5710,5710,10.57099375,0.0069137002810931,(0.03596372990013538-0.028233220203153598j),4567.6345892435065,(0.035963729900135855-0.028233220203154483j),4567.6345892435065
5711,5711,10.57109375,0.007600575493418,(-0.05399524299407578+0.10388509484579521j),4568.434525248628,(-0.05399524299407777+0.10388509484579128j),4568.434525248628
5712,5712,10.57119375,0.0073961525157418,(-0.029882762072351087+0.023511665954260533j),4569.23446125375,(-0.02988276207235252+0.023511665954263065j),4569.23446125375
5713,5713,10.57129375,0.0068830795454591,(-0.025045009207256674-0.012901308582494055j),4570.034397258872,(-0.02504500920725496-0.012901308582492759j),4570.034397258872
5714,5714,10.57139375,0.0063597145037602,(-0.0018878475605673094-0.04071346626579685j),4570.834333263992,(-0.0018878475605678402-0.04071346626579911j),4570.834333263992
5715,5715,10.57149375,0.0064685169178514,(0.05654520119832991+0.05258130350240925j),4571.634269269114,(0.05654520119833234+0.05258130350240755j),4571.634269269114
5716,5716,10.57159375,0.0064621590423123,(0.024284594032134357+0.11205432127330349j),4572.434205274236,(0.024284594032137237+0.11205432127330332j),4572.434205274236
5717,5717,10.57169375,0.0074169598559388,(-0.050703197659300404+0.10089339835230159j),4573.234141279357,(-0.050703197659306+0.10089339835229975j),4573.234141279357
5718,5718,10.57179375,0.0079480340862928,(-0.00429327221561257+0.08389328808540422j),4574.034077284478,(-0.004293272215614992+0.08389328808540236j),4574.034077284478
5719,5719,10.57189375,0.0093167419167309,(-0.18340351103593502+0.001764054242363089j),4574.8340132896,(-0.18340351103593694+0.001764054242363311j),4574.8340132896
5720,5720,10.57199375,0.0076119194649738,(0.0434125165461692-0.0364511655229148j),4575.633949294722,(0.04341251654616551-0.03645116552291397j),4575.633949294722
5721,5721,10.57209375,0.0085821386403978,(-0.08134340923762041+0.038645490267832996j),4576.433885299843,(-0.08134340923762175+0.03864549026782896j),4576.433885299843
5722,5722,10.57219375,0.008068687716031,(-0.07286272827575127-0.0994825019377704j),4577.233821304964,(-0.07286272827574788-0.09948250193776736j),4577.233821304964
5723,5723,10.57229375,0.0086655542588253,(-0.033323853928070905-0.1206800348794157j),4578.033757310086,(-0.03332385392807202-0.1206800348794148j),4578.033757310086
5724,5724,10.57239375,0.0072240313367368,(0.043692221159572234-0.1080235427233716j),4578.833693315207,(0.04369222115957207-0.10802354272336996j),4578.833693315207
5725,5725,10.57249375,0.0073400683751167,(0.04409120627451219+0.01699566319187701j),4579.6336293203285,(0.0440912062745095+0.01699566319187621j),4579.6336293203285
5726,5726,10.57259375,0.0067802615147599,(0.01918010441023263+0.09853892549409374j),4580.43356532545,(0.01918010441023211+0.09853892549409077j),4580.43356532545
5727,5727,10.57269375,0.0067866920988919,(-0.08473842336041343+0.01641950003670149j),4581.233501330572,(-0.08473842336041258+0.01641950003669863j),4581.233501330572
5728,5728,10.57279375,0.006700294245003,(-0.049630893948083656-0.07945166368853107j),4582.033437335693,(-0.049630893948084134-0.07945166368853608j),4582.033437335693
5729,5729,10.57289375,0.0079261143551399,(-0.0270823592567249-0.048150607507146566j),4582.833373340814,(-0.027082359256726047-0.048150607507142985j),4582.833373340814
5730,5730,10.57299375,0.0075955142969478,(-0.03287010060569519-0.10493552757720431j),4583.633309345936,(-0.0328701006056991-0.10493552757719833j),4583.633309345936
5731,5731,10.57309375,0.0067651814938332,(0.042939181400392684-0.006777519759314971j),4584.433245351058,(0.04293918140039186-0.006777519759317469j),4584.433245351058
5732,5732,10.57319375,0.0078420177337877,(-0.06029548133766652-0.03285390291068293j),4585.233181356179,(-0.06029548133766897-0.032853902910680466j),4585.233181356179
5733,5733,10.57329375,0.0084007449572506,(0.14161344946344664-0.043877621259083024j),4586.0331173613,(0.14161344946344837-0.043877621259079194j),4586.0331173613
5734,5734,10.57339375,0.0087190568341919,(0.09842255961511337+0.13530039990134463j),4586.833053366422,(0.09842255961511275+0.13530039990134313j),4586.833053366422
5735,5735,10.57349375,0.0088372866425848,(0.06890393849586447+0.23058315532304682j),4587.632989371543,(0.06890393849586722+0.23058315532304796j),4587.632989371543
5736,5736,10.57359375,0.0086954261117908,(-0.06202026190633782+0.018139977365020377j),4588.432925376665,(-0.0620202619063351+0.018139977365015957j),4588.432925376665
5737,5737,10.57369375,0.0078331337372174,(-0.038977382044975084+0.02804997921778077j),4589.232861381786,(-0.03897738204497041+0.028049979217774815j),4589.232861381786
5738,5738,10.57379375,0.0065226730416877,(-0.09021858189059442-0.031404227666183254j),4590.032797386908,(-0.09021858189059524-0.03140422766618585j),4590.032797386908
5739,5739,10.57389375,0.0066860674421075,(-0.047606443081091014-0.08830025696289519j),4590.832733392029,(-0.047606443081089356-0.08830025696289326j),4590.832733392029
5740,5740,10.57399375,0.0068485439461142,(-0.014085356375002495-0.0023684844447027053j),4591.632669397151,(-0.014085356375001985-0.002368484444700865j),4591.6326693971505
5741,5741,10.57409375,0.0057916474001156,(0.1248140306262199-0.008319672275717126j),4592.432605402272,(0.1248140306262236-0.00831967227571531j),4592.432605402272
5742,5742,10.57419375,0.0061446684829231,(0.01185040737213059-0.0009268828877753705j),4593.232541407393,(0.011850407372134619-0.0009268828877774609j),4593.232541407393
5743,5743,10.57429375,0.0057740265773955,(0.07900908760330537+0.032347929446390894j),4594.032477412515,(0.07900908760330753+0.03234792944638884j),4594.032477412515
5744,5744,10.57439375,0.0070841865104608,(0.0003320327765626435+0.1286115937493265j),4594.832413417636,(0.00033203277656519703+0.12861159374932865j),4594.832413417636
5745,5745,10.57449375,0.0062282790841355,(-0.026931532933057882+0.12194370983173033j),4595.632349422758,(-0.02693153293305884+0.12194370983172952j),4595.632349422758
5746,5746,10.57459375,0.0053860226883688,(-0.1583379273874428+0.08385160185128866j),4596.432285427879,(-0.15833792738744862+0.08385160185129113j),4596.432285427879
5747,5747,10.57469375,0.0051001980201213,(-0.1604435061817272+0.018154288337168072j),4597.232221433001,(-0.16044350618172898+0.018154288337170563j),4597.232221433001
5748,5748,10.57479375,0.0050968866510926,(-0.14377853227255635+0.07149469654654418j),4598.032157438122,(-0.14377853227255386+0.07149469654654451j),4598.032157438122
5749,5749,10.57489375,0.0051069854952618,(-0.10177331168894407-0.06245102562413719j),4598.832093443244,(-0.10177331168894238-0.06245102562413937j),4598.832093443244
5750,5750,10.57499375,0.0045907430013483,(-0.09141877408079725-0.05628709922824143j),4599.632029448365,(-0.09141877408079464-0.05628709922824265j),4599.632029448365
5751,5751,10.57509375,0.0057068458824345,(0.03407548420445964-0.06625586903401427j),4600.431965453487,(0.03407548420446182-0.06625586903401778j),4600.431965453487
5752,5752,10.57519375,0.0058073548286433,(-0.03344040329265089+0.030591777248845677j),4601.231901458608,(-0.033440403292649495+0.030591777248846506j),4601.231901458608
5753,5753,10.57529375,0.0039495355306397,(-0.012851766433447168-0.03145962257929541j),4602.031837463729,(-0.01285176643344602-0.03145962257929697j),4602.031837463729
5754,5754,10.57539375,0.0030474823245982,(-0.06114120938323839-0.0669036255021909j),4602.831773468851,(-0.061141209383238776-0.0669036255021893j),4602.831773468851
5755,5755,10.57549375,0.0023749766715711,(0.07477583359280913-0.13640877606054772j),4603.6317094739725,(0.07477583359280704-0.13640877606054735j),4603.6317094739725
5756,5756,10.57559375,0.0029153787657836,(-0.02113438030537645-0.015399763899618432j),4604.431645479094,(-0.021134380305375716-0.015399763899619235j),4604.431645479094
5757,5757,10.57569375,0.0029825744963306,(0.08334981614564352+0.03895459798766275j),4605.231581484215,(0.08334981614564178+0.038954597987662154j),4605.231581484215
5758,5758,10.57579375,0.0026258352916373,(0.0015750624186664907+0.03245459517520172j),4606.031517489337,(0.0015750624186686851+0.032454595175201426j),4606.031517489337
5759,5759,10.57589375,0.0028828829289277,(-0.06113068215297404-0.052234755265207725j),4606.831453494458,(-0.06113068215297621-0.05223475526520742j),4606.831453494458
5760,5760,10.57599375,0.0051787136882353,(0.1078831179377095-0.023402685660175233j),4607.631389499579,(0.10788311793771115-0.023402685660172035j),4607.631389499579
5761,5761,10.57609375,0.0043891644764056,(0.05620840861919988-0.05761873097328546j),4608.431325504701,(0.05620840861919957-0.05761873097328633j),4608.431325504701
5762,5762,10.57619375,0.0051630012377297,(0.03154404801996412+0.03379362637756359j),4609.231261509823,(0.031544048019963855+0.033793626377559415j),4609.231261509823
5763,5763,10.57629375,0.00369205225866,(0.1286297702038714+0.05012764346537612j),4610.031197514944,(0.12862977020387434+0.05012764346537391j),4610.031197514944
5764,5764,10.57639375,0.0042169468167044,(0.03291286956585622+0.1567055641270652j),4610.831133520065,(0.0329128695658563+0.15670556412706899j),4610.831133520065
5765,5765,10.57649375,0.0018876040939292,(0.07011717757343923+0.003912819894547528j),4611.631069525187,(0.0701171775734389+0.003912819894545751j),4611.631069525187
5766,5766,10.57659375,0.0021504551686,(-0.0226553108358147+0.09801058421423482j),4612.4310055303085,(-0.022655310835815436+0.09801058421423224j),4612.4310055303085
5767,5767,10.57669375,0.0013675718364693,(0.12249300707331286+0.03006060581141519j),4613.23094153543,(0.12249300707331524+0.03006060581141446j),4613.23094153543
5768,5768,10.57679375,0.0026733045324145,(0.013545234441790267+0.11271167601000298j),4614.030877540551,(0.01354523444179493+0.11271167601000254j),4614.030877540551
5769,5769,10.57689375,0.0016579234509018,(-0.12226721524720603+0.08500753618704551j),4614.830813545673,(-0.12226721524720785+0.08500753618704528j),4614.830813545673
5770,5770,10.57699375,0.0035421191556685,(-0.11743556271330666+0.06546882198449494j),4615.6307495507945,(-0.11743556271330656+0.0654688219844907j),4615.6307495507945
5771,5771,10.57709375,0.0022952607094099,(-0.015999475839690407+0.08359440882441771j),4616.430685555915,(-0.015999475839687777+0.08359440882441907j),4616.430685555915
5772,5772,10.57719375,0.0045949826634336,(-0.16160783833224832+0.04935408993294587j),4617.230621561037,(-0.16160783833224726+0.04935408993294972j),4617.230621561037
5773,5773,10.57729375,0.0028861558718484,(-0.09149257144877222+0.04118969425298757j),4618.030557566159,(-0.09149257144877258+0.04118969425298838j),4618.030557566159
5774,5774,10.57739375,0.0043343887699921,(-0.10564460939837758-0.0038051245246810035j),4618.83049357128,(-0.10564460939837675-0.003805124524683727j),4618.83049357128
5775,5775,10.57749375,0.0030573189778354,(-0.0017900259984452334+0.07060034433512909j),4619.630429576401,(-0.0017900259984435403+0.07060034433513052j),4619.630429576401
5776,5776,10.57759375,0.0041801341389942,(-0.08716151894117471-0.04056684353261739j),4620.430365581523,(-0.08716151894117327-0.04056684353261712j),4620.430365581523
5777,5777,10.57769375,0.0035584923532304,(0.03966845858845857+0.10697328218063784j),4621.230301586645,(0.039668458588455635+0.10697328218063713j),4621.230301586645
5778,5778,10.57779375,0.0047927370834969,(-0.14261839214492225+0.0758775268154179j),4622.030237591765,(-0.14261839214492114+0.07587752681542026j),4622.030237591765
5779,5779,10.57789375,0.0042299268655726,(-0.0998725050448805-0.1606413306676987j),4622.830173596887,(-0.09987250504487852-0.1606413306676996j),4622.830173596887
5780,5780,10.57799375,0.0042790025019203,(-0.04529946939917763-0.13853996973216823j),4623.630109602009,(-0.04529946939917362-0.13853996973216945j),4623.630109602009
5781,5781,10.57809375,0.0029091104126346,(0.04168036712956986-0.10397163015122296j),4624.4300456071305,(0.041680367129571474-0.10397163015122265j),4624.4300456071305
5782,5782,10.57819375,0.0038461067740152,(-0.02717155909648969-0.10578030981903609j),4625.229981612251,(-0.02717155909648876-0.10578030981903773j),4625.229981612251
5783,5783,10.57829375,0.0034944158076807,(-0.03217397057272536-0.044970860451000176j),4626.029917617373,(-0.03217397057272456-0.044970860451003083j),4626.029917617373
5784,5784,10.57839375,0.0044233166460911,(-0.046653171598884595-0.02551883109639988j),4626.829853622495,(-0.04665317159888201-0.02551883109639763j),4626.829853622495
5785,5785,10.57849375,0.0033779405790981,(0.06724017923980329-0.13244721163143863j),4627.629789627616,(0.06724017923980283-0.13244721163143602j),4627.629789627616
5786,5786,10.57859375,0.0054275885649254,(0.09142595977994626-0.005776443304813891j),4628.429725632737,(0.0914259597799467-0.0057764433048167856j),4628.429725632737
5787,5787,10.57869375,0.0047069412762065,(0.16631205278211586+0.029602218404175186j),4629.229661637859,(0.16631205278211625+0.029602218404173573j),4629.229661637859
5788,5788,10.57879375,0.0064632967463075,(0.07036431934029658+0.13457236967247566j),4630.029597642981,(0.07036431934029805+0.13457236967247832j),4630.029597642981
5789,5789,10.57889375,0.007044530722436,(0.0593592492245875+0.128709244735295j),4630.8295336481015,(0.059359249224584965+0.12870924473529524j),4630.8295336481015
5790,5790,10.57899375,0.0072766757608376,(0.042479013017686536+0.1353105971547397j),4631.629469653223,(0.04247901301768607+0.13531059715474159j),4631.629469653223
5791,5791,10.57909375,0.0077070191827149,(-0.0004050016899978734+0.14136034921563173j),4632.429405658345,(-0.0004050016899958403+0.14136034921562762j),4632.429405658345
5792,5792,10.57919375,0.0084359159732537,(-0.014476674063415615+0.09151805215277363j),4633.229341663467,(-0.014476674063414779+0.0915180521527737j),4633.229341663467
5793,5793,10.57929375,0.0090317715396245,(0.04299897166203452+0.18512967103770084j),4634.029277668587,(0.04299897166203602+0.18512967103770067j),4634.029277668587
5794,5794,10.57939375,0.0055249273325532,(-0.169781447290564+0.16918520026700212j),4634.829213673709,(-0.16978144729056427+0.1691852002670018j),4634.829213673709
5795,5795,10.57949375,0.0040129327185931,(-0.14576946599158727-0.0034890310456198517j),4635.629149678831,(-0.14576946599158686-0.0034890310456174092j),4635.629149678831
5796,5796,10.57959375,0.0071768962076131,(-0.07278114400079022-0.13394103986490125j),4636.429085683952,(-0.07278114400078908-0.13394103986490175j),4636.429085683952
5797,5797,10.57969375,0.0057081184821113,(-0.08333297107376393-0.019622185679549695j),4637.229021689073,(-0.08333297107376139-0.019622185679551762j),4637.229021689073
5798,5798,10.57979375,0.0051100023534262,(-0.03201993022818955+0.009653199661364062j),4638.028957694195,(-0.03201993022818488+0.009653199661367245j),4638.028957694195
5799,5799,10.57989375,0.0045897312284125,(-0.08523394278083571+0.12036808071218948j),4638.828893699317,(-0.08523394278083833+0.12036808071218755j),4638.828893699317
5800,5800,10.57999375,0.0085662407829555,(-0.06522228269729342+0.017602528179270986j),4639.6288297044375,(-0.06522228269729102+0.01760252817926824j),4639.6288297044375
5801,5801,10.58009375,0.0091915381092725,(-0.21754970001662527-0.05186335879410453j),4640.428765709559,(-0.21754970001662413-0.051863358794103184j),4640.428765709559
5802,5802,10.58019375,0.0069471834194274,(-0.11221008233872555-0.12585948900675134j),4641.228701714681,(-0.1122100823387257-0.12585948900675084j),4641.228701714681
5803,5803,10.58029375,0.0081933139897771,(0.05961345766087532-0.1878797183087079j),4642.028637719802,(0.05961345766087455-0.1878797183087063j),4642.028637719802
5804,5804,10.58039375,0.0087684953166939,(0.018079175519658743-0.003774014906353345j),4642.828573724923,(0.018079175519656644-0.0037740149063521j),4642.828573724923
5805,5805,10.58049375,0.0110923587533075,(0.02528194551746466-0.15440406450934818j),4643.628509730045,(0.02528194551746054-0.15440406450934796j),4643.628509730045
5806,5806,10.58059375,0.0091828965199403,(0.048351447383921727-0.10825847690797312j),4644.428445735167,(0.04835144738392373-0.10825847690797272j),4644.428445735167
5807,5807,10.58069375,0.0057539695935665,(0.0044779529121910105-0.0038349587833331764j),4645.228381740288,(0.004477952912190231-0.0038349587833348083j),4645.228381740288
5808,5808,10.58079375,0.0056050552267094,(0.1255509352429653-0.016077229034894114j),4646.028317745409,(0.1255509352429661-0.016077229034892254j),4646.028317745409
5809,5809,10.58089375,0.0092957400922264,(0.059768773029069466+0.03472544415196029j),4646.828253750531,(0.059768773029070174+0.03472544415195889j),4646.828253750531
5810,5810,10.58099375,0.0068940578432293,(0.029945362112362456+0.09565766032220671j),4647.628189755653,(0.02994536211236449+0.09565766032220394j),4647.628189755653
5811,5811,10.58109375,0.0055420463163869,(-0.17613754720533603+0.022812005634395685j),4648.428125760774,(-0.1761375472053368+0.022812005634396115j),4648.428125760774
5812,5812,10.58119375,0.0049067568227805,(-0.07452657086033335-0.1136093712177269j),4649.228061765895,(-0.07452657086033114-0.11360937121772473j),4649.228061765895
5813,5813,10.58129375,0.0087575448489943,(0.07433990049916986-0.07512993919059477j),4650.027997771017,(0.07433990049917034-0.0751299391905984j),4650.027997771017
5814,5814,10.58139375,0.0083447752029444,(0.03166417672343478-0.048250492156516306j),4650.827933776138,(0.03166417672343429-0.04825049215651698j),4650.827933776138
5815,5815,10.58149375,0.007805527091175,(0.2127733413904376+0.019891890504843232j),4651.62786978126,(0.21277334139043488+0.019891890504840172j),4651.6278697812595
5816,5816,10.58159375,0.0082302642029964,(0.0889176729850431+0.11400488524132245j),4652.427805786381,(0.08891767298504517+0.11400488524132271j),4652.427805786381
5817,5817,10.58169375,0.010061392663065,(-0.07825750733880066+0.17348567047247582j),4653.227741791503,(-0.07825750733879609+0.1734856704724739j),4653.227741791503
5818,5818,10.58179375,0.0099066799773269,(0.013809903940610123-0.1136328776728793j),4654.027677796624,(0.013809903940611892-0.11363287767287829j),4654.027677796624
5819,5819,10.58189375,0.0104496548617019,(-0.11659285467066517+0.07371515643053557j),4654.827613801745,(-0.11659285467066507+0.07371515643053096j),4654.827613801745
5820,5820,10.58199375,0.0076915455841219,(-0.10371900854466974+0.003967471575025843j),4655.627549806867,(-0.10371900854466842+0.003967471575028164j),4655.627549806867
5821,5821,10.58209375,0.0070606553410534,(-0.0055292271271563855-0.029545807652610386j),4656.427485811988,(-0.005529227127155419-0.029545807652609318j),4656.427485811988
5822,5822,10.58219375,0.0059908846591625,(-0.019913406291960388-0.03817755321094871j),4657.22742181711,(-0.019913406291956585-0.03817755321094791j),4657.22742181711
5823,5823,10.58229375,0.0058739771868621,(0.09480266984182122+0.0185160534421689j),4658.027357822231,(0.0948026698418246+0.018516053442171762j),4658.027357822231
5824,5824,10.58239375,0.0057115280199323,(0.05844442497627772+0.07888314463977891j),4658.827293827353,(0.0584444249762827+0.07888314463978038j),4658.827293827353
5825,5825,10.58249375,0.005048084471435,(-0.09466644041007542+0.07107581439683736j),4659.627229832474,(-0.09466644041007048+0.07107581439684298j),4659.627229832474
5826,5826,10.58259375,0.0061313596247811,(-0.14687215064980114-0.014198572223276605j),4660.427165837596,(-0.14687215064980474-0.014198572223275238j),4660.427165837596
5827,5827,10.58269375,0.0067421115983068,(0.07415744396705012-0.0981938286953187j),4661.227101842717,(0.07415744396705354-0.09819382869531991j),4661.227101842717
5828,5828,10.58279375,0.0065259436020144,(-0.05099390600593739+0.13721991160862157j),4662.027037847839,(-0.05099390600593981+0.137219911608624j),4662.027037847839
5829,5829,10.58289375,0.0062992951463742,(-0.0546789659320922+0.08344649882744906j),4662.82697385296,(-0.05467896593209259+0.08344649882745321j),4662.82697385296
5830,5830,10.58299375,0.0051280218921643,(-0.09344150380785578-0.023430401475845207j),4663.6269098580815,(-0.09344150380785267-0.023430401475846355j),4663.6269098580815
5831,5831,10.58309375,0.0071719841054072,(-0.08160516597001538-0.018034358676110272j),4664.426845863203,(-0.08160516597001775-0.018034358676109506j),4664.426845863203
5832,5832,10.58319375,0.0061811134947955,(-0.0512086375020784-0.0810106925966194j),4665.226781868324,(-0.05120863750207767-0.08101069259661986j),4665.226781868324
5833,5833,10.58329375,0.0057856219262779,(0.03124226694894147-0.11089396628585524j),4666.026717873446,(0.03124226694894361-0.11089396628585257j),4666.026717873446
5834,5834,10.58339375,0.0052087566731953,(0.06806819983457832+0.10240419389835745j),4666.826653878567,(0.06806819983457904+0.10240419389835911j),4666.826653878567
5835,5835,10.58349375,0.005106577679981,(-0.0983817649448367+0.0696127756582214j),4667.626589883689,(-0.09838176494483816+0.0696127756582183j),4667.626589883689
5836,5836,10.58359375,0.0053618343135107,(-0.04445450222049215-0.060296276002087826j),4668.42652588881,(-0.04445450222049134-0.06029627600209074j),4668.42652588881
5837,5837,10.58369375,0.0039034784622405,(0.025032337520823806+9.743398121976783e-06j),4669.226461893932,(0.025032337520822595+9.743398117862019e-06j),4669.226461893932
5838,5838,10.58379375,0.0021206389090045,(0.015293816307958752-0.05755112710958383j),4670.026397899053,(0.015293816307962655-0.05755112710958696j),4670.026397899053
5839,5839,10.58389375,0.0015185963365633,(0.06166647820499612-0.0830899335869565j),4670.826333904174,(0.06166647820499908-0.08308993358695466j),4670.826333904174
5840,5840,10.58399375,0.0017947532329914,(-0.011726348812505252-0.03404193304871922j),4671.626269909296,(-0.011726348812500306-0.03404193304871578j),4671.626269909296
5841,5841,10.58409375,0.0035506738718653,(-0.0086967811181356-0.09026617376358707j),4672.426205914418,(-0.008696781118133587-0.09026617376358936j),4672.426205914418
5842,5842,10.58419375,0.0030217744830534,(-0.11368505727293543-0.12666969788778906j),4673.226141919539,(-0.1136850572729358-0.12666969788779023j),4673.226141919539
5843,5843,10.58429375,0.0021478160104012,(0.08134447353898569-0.16777829888607007j),4674.02607792466,(0.08134447353898602-0.167778298886069j),4674.02607792466
5844,5844,10.58439375,0.003056444311143,(0.12887983694257202-0.02197828755184169j),4674.826013929782,(0.12887983694257257-0.021978287551837113j),4674.826013929782
5845,5845,10.58449375,0.0051784448138118,(0.08251039173508513+0.022072513704575816j),4675.625949934904,(0.08251039173508873+0.02207251370457456j),4675.6259499349035
5846,5846,10.58459375,0.0067681036285709,(0.11677314221850434+0.020310711043088424j),4676.425885940025,(0.11677314221850502+0.020310711043088216j),4676.425885940025
5847,5847,10.58469375,0.0030780486008176,(0.15981805486652279+0.11895085376554615j),4677.225821945146,(0.15981805486652104+0.11895085376555038j),4677.225821945146
5848,5848,10.58479375,0.0023654865140801,(-0.11832797045585336+0.023421001174733655j),4678.025757950268,(-0.11832797045585511+0.023421001174733752j),4678.025757950268
5849,5849,10.58489375,0.0043401301331666,(-0.01953858285949669+0.08255490663636172j),4678.825693955389,(-0.019538582859495345+0.0825549066363646j),4678.825693955389
5850,5850,10.58499375,0.0043893229160864,(0.1508081083336626+0.012655643828862466j),4679.62562996051,(0.15080810833366273+0.012655643828858358j),4679.62562996051
5851,5851,10.58509375,0.0007076912406131,(-0.05312894029679691+0.14684786603541547j),4680.425565965632,(-0.05312894029679275+0.14684786603541464j),4680.425565965632
5852,5852,10.58519375,0.0005255377850574,(-0.05399459519416896-0.00015604407449622965j),4681.225501970754,(-0.05399459519416636-0.0001560440744983677j),4681.225501970754
5853,5853,10.58529375,0.0029012006493836,(-0.027216493777879998-0.0033848403134499458j),4682.025437975875,(-0.02721649377787693-0.0033848403134507394j),4682.025437975875
5854,5854,10.58539375,0.0028469507759936,(0.13545551637054978-0.20286051289165857j),4682.825373980996,(0.13545551637055073-0.20286051289165719j),4682.825373980996
5855,5855,10.58549375,0.0002897601492644,(0.04422367094155435-0.018902166978361667j),4683.625309986118,(0.04422367094155112-0.018902166978364544j),4683.625309986118
5856,5856,10.58559375,0.0010458996981274,(-0.002341985326534741-0.0030012444902649347j),4684.42524599124,(-0.0023419853265327422-0.003001244490259075j),4684.4252459912395
5857,5857,10.58569375,0.0025648158307909,(-0.05765011895952973+0.01844915499483587j),4685.22518199636,(-0.057650118959530504+0.018449154994838107j),4685.22518199636
5858,5858,10.58579375,0.0045790912642731,(0.02397307530019683-0.012749076112854855j),4686.025118001482,(0.023973075300197457-0.012749076112854328j),4686.025118001482
5859,5859,10.58589375,0.0032489035588455,(-0.02614881165871148+0.003612079333687234j),4686.825054006604,(-0.026148811658711024+0.0036120793336865483j),4686.825054006604
5860,5860,10.58599375,0.0054503148395157,(0.09843747456032377-0.1357549105528549j),4687.6249900117255,(0.09843747456032562-0.1357549105528522j),4687.6249900117255
5861,5861,10.58609375,0.0047858366112981,(0.05941737112154512+0.05290942952539164j),4688.424926016846,(0.05941737112154249+0.052909429525389864j),4688.424926016846
5862,5862,10.58619375,0.007140093015674,(-0.015044276477681431+0.10776927702731477j),4689.224862021968,(-0.015044276477682451+0.10776927702731857j),4689.224862021968
5863,5863,10.58629375,0.0039983734989002,(-0.039757021035400214-0.006752994596682743j),4690.02479802709,(-0.03975702103539827-0.006752994596680273j),4690.02479802709
5864,5864,10.58639375,0.0031844752282175,(-0.07285538336658282+0.07569123361132957j),4690.8247340322105,(-0.07285538336658787+0.0756912336113286j),4690.8247340322105
5865,5865,10.58649375,0.0042187478103578,(-0.037210873963699556-0.022378180112786875j),4691.624670037332,(-0.03721087396369786-0.02237818011278725j),4691.624670037332
5866,5866,10.58659375,0.0040312682488325,(0.004825752486124359-0.01304376313018275j),4692.424606042454,(0.00482575248612592-0.013043763130180262j),4692.424606042454
5867,5867,10.58669375,0.0032484816075109,(-0.046355103355517485+0.05402029246084576j),4693.224542047576,(-0.0463551033555196+0.05402029246084472j),4693.224542047576
5868,5868,10.58679375,0.0034698527174242,(-0.03487806585987509-0.006026180356027784j),4694.024478052696,(-0.03487806585987527-0.006026180356025511j),4694.024478052696
5869,5869,10.58689375,0.0055180091732855,(0.06606153891346106+0.018082465870530348j),4694.824414057818,(0.06606153891346118+0.018082465870530893j),4694.824414057818
5870,5870,10.58699375,0.0054288516481117,(-0.1334517927141938+0.008481548586066916j),4695.62435006294,(-0.13345179271418825+0.008481548586060893j),4695.62435006294
5871,5871,10.58709375,0.0040747874026389,(0.04314762324728286-0.1481883907512636j),4696.4242860680615,(0.04314762324728268-0.14818839075125986j),4696.4242860680615
5872,5872,10.58719375,0.0055428989089555,(0.16659007838817674+0.021613723139946625j),4697.224222073182,(0.16659007838817746+0.021613723139948554j),4697.224222073182
5873,5873,10.58729375,0.0074410063229537,(0.11430100093093537+0.03243352043719326j),4698.024158078304,(0.11430100093093387+0.0324335204371938j),4698.024158078304
5874,5874,10.58739375,0.0070825527207377,(0.005377305401076933+0.054586330872586894j),4698.824094083426,(0.0053773054010784384+0.05458633087258844j),4698.824094083426
5875,5875,10.58749375,0.0064654800412192,(0.04295459885605829+0.054386620847882886j),4699.6240300885465,(0.04295459885605971+0.05438662084788428j),4699.6240300885465
5876,5876,10.58759375,0.0066678795080657,(-0.12763627564594693+0.008355759852219423j),4700.423966093668,(-0.1276362756459481+0.00835575985221796j),4700.423966093668
5877,5877,10.58769375,0.0082519938996522,(0.04476219834054662+0.07053384738485184j),4701.22390209879,(0.044762198340547815+0.07053384738485224j),4701.22390209879
5878,5878,10.58779375,0.0084675560484917,(-0.0052296872236457514+0.06250780020249427j),4702.023838103912,(-0.0052296872236438745+0.0625078002024976j),4702.023838103912
5879,5879,10.58789375,0.0066342366379415,(-0.08082104846572379-0.10009203620400303j),4702.8237741090325,(-0.08082104846572372-0.10009203620400457j),4702.8237741090325
5880,5880,10.58799375,0.0070121978365837,(-0.02979450896429303-0.016689373079366684j),4703.623710114154,(-0.02979450896429349-0.016689373079364682j),4703.623710114154
5881,5881,10.58809375,0.0054732438423711,(0.04379243263981468-0.0086218798576729j),4704.423646119276,(0.04379243263981979-0.008621879857672547j),4704.423646119276
5882,5882,10.58819375,0.0059300356314833,(0.0707007291815445+0.0395232600899031j),4705.223582124397,(0.07070072918154299+0.03952326008990324j),4705.223582124397
5883,5883,10.58829375,0.0047520433642644,(0.043428731338450516-0.13005403568967436j),4706.023518129518,(0.04342873133845457-0.1300540356896762j),4706.023518129518
5884,5884,10.58839375,0.00540143586327,(0.06324809657584968-0.012459352362029283j),4706.82345413464,(0.06324809657585147-0.012459352362029738j),4706.82345413464
5885,5885,10.58849375,0.0072608056303931,(0.049360091595543325-0.04961206696557911j),4707.623390139762,(0.04936009159554189-0.04961206696558209j),4707.623390139762
5886,5886,10.58859375,0.0075843978740486,(0.061248835113334246+0.0211591841072171j),4708.423326144883,(0.061248835113332414+0.021159184107218044j),4708.423326144883
5887,5887,10.58869375,0.0081521939353909,(0.07200018054444482+0.03360841945779086j),4709.223262150004,(0.07200018054444676+0.03360841945779015j),4709.223262150004
5888,5888,10.58879375,0.0084957050895474,(0.01651664719996266+0.08254001218047377j),4710.023198155126,(0.016516647199962327+0.08254001218047394j),4710.023198155126
5889,5889,10.58889375,0.0063917152645518,(-0.07492570360483411-0.008978165868151096j),4710.823134160248,(-0.07492570360483336-0.008978165868154017j),4710.823134160248
5890,5890,10.58899375,0.0095061654266485,(0.011536445556626748+0.0285886087858288j),4711.6230701653685,(0.011536445556627745+0.02858860878582843j),4711.6230701653685
5891,5891,10.58909375,0.0082742139952288,(0.019948026194436475-0.029688606566986853j),4712.42300617049,(0.01994802619443367-0.029688606566988972j),4712.42300617049
5892,5892,10.58919375,0.0092392489253739,(0.07451332259734021+0.03186303922997112j),4713.222942175612,(0.07451332259734207+0.03186303922996999j),4713.222942175612
5893,5893,10.58929375,0.0058747046634137,(0.021020524171140382+7.057314718249513e-05j),4714.022878180733,(0.021020524171141662+7.057314718487777e-05j),4714.022878180733
5894,5894,10.58939375,0.0083956407043311,(0.05948270748617458+0.0358159887091703j),4714.822814185854,(0.05948270748617466+0.035815988709172616j),4714.822814185854
5895,5895,10.58949375,0.0072331915591162,(0.008940229872781343+0.03770226578269371j),4715.622750190976,(0.008940229872780146+0.037702265782694824j),4715.622750190976
5896,5896,10.58959375,0.0071167599587089,(0.011614055351013002+0.02348455918811196j),4716.422686196098,(0.011614055351014334+0.023484559188114016j),4716.422686196098
5897,5897,10.58969375,0.0057727339169409,(-0.13316078281270166-0.13430624665471458j),4717.222622201219,(-0.13316078281270266-0.13430624665471283j),4717.222622201219
5898,5898,10.58979375,0.0082821482892327,(0.08020616544121144-0.0552759563254671j),4718.02255820634,(0.08020616544121033-0.055275956325465864j),4718.02255820634
5899,5899,10.58989375,0.0068540903431307,(0.0883556847307192-0.03638514971879527j),4718.822494211462,(0.08835568473071602-0.036385149718794085j),4718.822494211462
5900,5900,10.58999375,0.0085515407332741,(-0.03625834329203974+0.11881593042336812j),4719.622430216583,(-0.0362583432920386+0.11881593042336482j),4719.622430216583
5901,5901,10.59009375,0.0080805884895379,(-0.05178874406539774-0.03619830769137674j),4720.422366221705,(-0.05178874406539774-0.036198307691378745j),4720.422366221705
5902,5902,10.59019375,0.0091496373399876,(0.06355344942247887+0.01936463274977747j),4721.222302226826,(0.06355344942247744+0.019364632749779183j),4721.222302226826
5903,5903,10.59029375,0.0092229671862612,(-0.04294480194278535+0.052055446709758514j),4722.022238231948,(-0.04294480194278499+0.052055446709759076j),4722.022238231948
5904,5904,10.59039375,0.0083689859671209,(-0.05132500200515808+0.04080337441508142j),4722.822174237069,(-0.051325002005151735+0.04080337441507997j),4722.822174237069
5905,5905,10.59049375,0.0084777023116953,(-0.010505607624908611-0.06278952059064147j),4723.622110242191,(-0.010505607624906165-0.06278952059064323j),4723.6221102421905
5906,5906,10.59059375,0.0076654075123692,(-0.0029503702323436173+0.07959476085523325j),4724.422046247312,(-0.002950370232346039+0.07959476085523182j),4724.422046247312
5907,5907,10.59069375,0.0064817094828181,(-0.13358139842929517+0.009366679081759983j),4725.221982252434,(-0.1335813984292912+0.009366679081763384j),4725.221982252434
5908,5908,10.59079375,0.006608950130487,(0.00728685789883976-0.10187442175687944j),4726.021918257555,(0.007286857898840572-0.10187442175688044j),4726.021918257555
5909,5909,10.59089375,0.0068735213932579,(-0.034521882337493315-0.03225542313060353j),4726.821854262676,(-0.034521882337496146-0.03225542313060621j),4726.821854262676
5910,5910,10.59099375,0.0072189403172358,(-0.023053515690237107-0.06805675905413285j),4727.621790267798,(-0.023053515690236392-0.06805675905413401j),4727.621790267798
5911,5911,10.59109375,0.006013411135396,(0.010527824527156247-0.03905798352154846j),4728.421726272919,(0.01052782452715558-0.03905798352154923j),4728.421726272919
5912,5912,10.59119375,0.0049040931783962,(-0.022992787050949468+0.01028879722160943j),4729.221662278041,(-0.022992787050949686+0.010288797221612814j),4729.221662278041
5913,5913,10.59129375,0.0040915483682141,(0.08365161563407582-0.087839341118427j),4730.021598283162,(0.08365161563407536-0.08783934111842762j),4730.021598283162
5914,5914,10.59139375,0.0060665908778126,(-0.00578709581008135-0.000989161071523244j),4730.821534288284,(-0.005787095810085241-0.0009891610715181388j),4730.821534288284
5915,5915,10.59149375,0.0048783559943859,(0.03885730219887681-0.08262060743206369j),4731.621470293405,(0.03885730219887322-0.0826206074320645j),4731.621470293405
5916,5916,10.59159375,0.0054555741309999,(0.06507740264283743+0.009321315642163888j),4732.421406298527,(0.06507740264283988+0.009321315642165005j),4732.421406298527
5917,5917,10.59169375,0.00395834268804,(0.030289917021721954+0.056112844934789116j),4733.221342303648,(0.030289917021717568+0.05611284493478713j),4733.221342303648
5918,5918,10.59179375,0.0055133000037246,(0.009271569451751057-0.11311674135540177j),4734.021278308769,(0.009271569451752566-0.11311674135540356j),4734.021278308769
5919,5919,10.59189375,0.0059304614616926,(0.15013067000747815-0.00978948114287185j),4734.821214313891,(0.15013067000747804-0.009789481142868244j),4734.821214313891
5920,5920,10.59199375,0.0061386477165013,(0.0934270808899856+0.0681722783120939j),4735.6211503190125,(0.09342708088998644+0.06817227831209488j),4735.6211503190125
5921,5921,10.59209375,0.0036801383013731,(0.048692250453309695+0.08888018696795164j),4736.421086324134,(0.04869225045331013+0.0888801869679524j),4736.421086324134
5922,5922,10.59219375,0.0037412465077946,(-0.028504659816254-0.00976729874752778j),4737.221022329255,(-0.028504659816252477-0.009767298747529853j),4737.221022329255
5923,5923,10.59229375,0.0031422546418774,(-0.050706522803524424+0.009440222472115234j),4738.020958334377,(-0.050706522803529386+0.00944022247211522j),4738.020958334377
5924,5924,10.59239375,0.0037141265902459,(0.007947313320678537-0.06660825853827906j),4738.820894339498,(0.007947313320679161-0.0666082585382788j),4738.820894339498
5925,5925,10.59249375,0.0024635793434051,(0.013444912385206793+0.08448082782208007j),4739.62083034462,(0.013444912385205683+0.08448082782207898j),4739.62083034462
5926,5926,10.59259375,0.0020042067818202,(0.01153315322007267+0.0378022612124754j),4740.420766349741,(0.011533153220074917+0.03780226121247934j),4740.420766349741
5927,5927,10.59269375,0.0019432630293839,(0.0063315631241311135-0.039135355443744926j),4741.220702354863,(0.006331563124131412-0.03913535544374824j),4741.220702354863
5928,5928,10.59279375,0.0034247272432876,(0.08280092536686215+0.11992172412324234j),4742.020638359984,(0.08280092536686003+0.11992172412324496j),4742.020638359984
5929,5929,10.59289375,0.0029839627303938,(-0.03602806116296489+0.07472732324535197j),4742.820574365105,(-0.03602806116296207+0.07472732324534748j),4742.820574365105
5930,5930,10.59299375,0.0032927172611081,(0.008620089489466999+0.015913130295932786j),4743.620510370227,(0.00862008948946819+0.01591313029593373j),4743.620510370227
5931,5931,10.59309375,0.0024492722372022,(0.0674520373638274+0.02838137026171768j),4744.420446375349,(0.06745203736382413+0.0283813702617181j),4744.420446375349
5932,5932,10.59319375,0.0023324990467561,(-0.03156791402519667+0.053247375301749514j),4745.22038238047,(-0.0315679140251971+0.0532473753017473j),4745.22038238047
5933,5933,10.59329375,0.0029382164056524,(-0.08214640659954725-0.012340246976449604j),4746.020318385591,(-0.08214640659954556-0.0123402469764499j),4746.020318385591
5934,5934,10.59339375,0.0029377087389656,(0.027667551289939647-0.019492852246674144j),4746.820254390713,(0.02766755128994012-0.019492852246676948j),4746.820254390713
5935,5935,10.59349375,0.0026381849709458,(-0.06584740408020938+0.03689710293889156j),4747.6201903958345,(-0.0658474040802079+0.03689710293888849j),4747.6201903958345
5936,5936,10.59359375,0.0025503360791332,(0.027740911085359372-0.05358900960691958j),4748.420126400955,(0.02774091108535712-0.05358900960691952j),4748.420126400955
5937,5937,10.59369375,0.0019619078324896,(0.08449989722992568+0.06989352794814542j),4749.220062406077,(0.08449989722992632+0.06989352794814857j),4749.220062406077
5938,5938,10.59379375,0.0032562695235332,(-0.003341492943587914+0.07263546074368663j),4750.019998411199,(-0.0033414929435846338+0.07263546074368558j),4750.019998411199
5939,5939,10.59389375,0.0038113583627946,(-0.05567641533788511+0.02518878085950827j),4750.81993441632,(-0.05567641533788764+0.025188780859511383j),4750.81993441632
5940,5940,10.59399375,0.0028061606404871,(0.004989166717136208-0.01946185018331888j),4751.619870421441,(0.004989166717137779-0.019461850183321264j),4751.619870421441
5941,5941,10.59409375,0.0005734303709298,(0.011656226629894849+0.039882441803159224j),4752.419806426563,(0.01165622662989559+0.03988244180316027j),4752.419806426563
5942,5942,10.59419375,0.001717986652137,(-0.06553565281033834+0.008321854128678152j),4753.219742431685,(-0.06553565281034197+0.008321854128674967j),4753.219742431685
5943,5943,10.59429375,0.0054436276360769,(0.07538196863889866-0.03191914070714736j),4754.019678436805,(0.07538196863889832-0.0319191407071496j),4754.019678436805
5944,5944,10.59439375,0.0034189982248287,(-0.04132801189584741-0.0006784623342586081j),4754.819614441927,(-0.041328011895850045-0.0006784623342615051j),4754.819614441927
5945,5945,10.59449375,0.0031226440955031,(0.02399728641426442-0.006046909807401489j),4755.619550447049,(0.023997286414263127-0.006046909807402082j),4755.619550447049
5946,5946,10.59459375,0.0029415190692564,(8.91227262037296e-05-0.06585226201945676j),4756.4194864521705,(8.912272620166181e-05-0.06585226201945896j),4756.4194864521705
5947,5947,10.59469375,0.0043213274879744,(-0.034494945413126095+0.062318461816495654j),4757.219422457291,(-0.03449494541312356+0.06231846181649517j),4757.219422457291
5948,5948,10.59479375,0.0055715434550656,(0.0030601610994935684-0.008285578745931891j),4758.019358462413,(0.0030601610994937353-0.008285578745931587j),4758.019358462413
5949,5949,10.59489375,0.0045295149150345,(-0.0920330208399712+0.0817970693946491j),4758.819294467535,(-0.09203302083997368+0.08179706939464845j),4758.819294467535
5950,5950,10.59499375,0.0053257767920607,(0.011703034103890635-0.034878359484868615j),4759.619230472656,(0.011703034103892604-0.03487835948486985j),4759.619230472656
5951,5951,10.59509375,0.0049665337418205,(-0.01565877472025723-0.025750099632247433j),4760.419166477777,(-0.015658774720255075-0.025750099632248804j),4760.419166477777
5952,5952,10.59519375,0.0042706601834215,(-0.009861434462592536-0.014437897515434107j),4761.219102482899,(-0.009861434462592227-0.014437897515439283j),4761.219102482899
5953,5953,10.59529375,0.0058604075383139,(-0.015400927327685204+0.02435689403614823j),4762.019038488021,(-0.015400927327683805+0.024356894036148234j),4762.019038488021
5954,5954,10.59539375,0.005099844787105,(0.02050783372670995-0.034944195375219714j),4762.8189744931415,(0.020507833726714275-0.0349441953752162j),4762.8189744931415
5955,5955,10.59549375,0.0070043923306376,(-0.06082311488323612-0.030291931826034638j),4763.618910498263,(-0.06082311488323586-0.03029193182603419j),4763.618910498263
5956,5956,10.59559375,0.0041316727400733,(0.09838774719430798-0.021826596071124325j),4764.418846503385,(0.09838774719430718-0.021826596071122813j),4764.418846503385
5957,5957,10.59569375,0.0040574565100162,(0.015344690727078733+0.022243785317506693j),4765.218782508507,(0.015344690727080345+0.022243785317508525j),4765.218782508507
5958,5958,10.59579375,0.0059958764504166,(-0.07044865762382659-0.0031861473091234147j),4766.018718513627,(-0.07044865762382746-0.0031861473091239177j),4766.018718513627
5959,5959,10.59589375,0.0066015289124122,(0.04006287243420484+0.08427830387243976j),4766.818654518749,(0.04006287243420225+0.08427830387243823j),4766.818654518749
5960,5960,10.59599375,0.0070849403749875,(-0.07470546232969141-0.0455505699255027j),4767.618590523871,(-0.07470546232968774-0.04555056992550404j),4767.618590523871
5961,5961,10.59609375,0.0059459874398093,(0.07357310585114514+0.0663797643556164j),4768.418526528992,(0.07357310585114625+0.06637976435561567j),4768.418526528992
5962,5962,10.59619375,0.0077456242801293,(-0.04394736370615846-0.04008968320634016j),4769.218462534113,(-0.04394736370616252-0.04008968320633691j),4769.218462534113
5963,5963,10.59629375,0.0084619109107309,(-0.0059249747761181-0.059980295764720096j),4770.018398539235,(-0.005924974776122801-0.05998029576471802j),4770.018398539235
5964,5964,10.59639375,0.0079706891960358,(-0.05444934409534491-0.013105733220625231j),4770.818334544357,(-0.05444934409534345-0.013105733220623552j),4770.818334544357
5965,5965,10.59649375,0.0093966845353779,(0.08692025522142166-0.025211936919196043j),4771.6182705494775,(0.08692025522142088-0.025211936919196015j),4771.6182705494775
5966,5966,10.59659375,0.0075925686695992,(-0.02528472094516577-0.020233572706730894j),4772.418206554599,(-0.025284720945168756-0.020233572706731595j),4772.418206554599
5967,5967,10.59669375,0.0083370145816579,(0.06441258883634812+0.04014941671026736j),4773.218142559721,(0.06441258883634711+0.040149416710265715j),4773.218142559721
5968,5968,10.59679375,0.0081286526969814,(-0.03864439180350087+0.035401741829523305j),4774.018078564843,(-0.03864439180350044+0.035401741829520654j),4774.018078564843
5969,5969,10.59689375,0.0083433288925729,(0.017746399659466394-0.0017575322746414906j),4774.818014569963,(0.017746399659468715-0.001757532274640654j),4774.818014569963
5970,5970,10.59699375,0.0062850393780056,(0.0673638400761103+0.12103298034041761j),4775.617950575085,(0.06736384007611043+0.12103298034041679j),4775.617950575085
5971,5971,10.59709375,0.007707737706745,(-0.04611600798897542+0.08456882781268918j),4776.417886580207,(-0.04611600798897262+0.08456882781268688j),4776.417886580207
5972,5972,10.59719375,0.0066953159537008,(0.005053933377600659+0.06455997980268625j),4777.217822585328,(0.005053933377600571+0.06455997980268523j),4777.217822585328
5973,5973,10.59729375,0.0065960630718873,(0.040439421339162285-0.15576140012879566j),4778.017758590449,(0.04043942133916388-0.1557614001287971j),4778.017758590449
5974,5974,10.59739375,0.0055788214433386,(-0.012241276571918907+0.0093007526578507j),4778.817694595571,(-0.012241276571916933+0.009300752657847593j),4778.817694595571
5975,5975,10.59749375,0.0077256771611827,(0.10980193327668183-0.08779306671697089j),4779.617630600693,(0.1098019332766818-0.08779306671697461j),4779.617630600693
5976,5976,10.59759375,0.0085628316072997,(-0.06285359130153442+2.9929324488812276e-05j),4780.417566605814,(-0.06285359130153535+2.992932448997107e-05j),4780.417566605814
5977,5977,10.59769375,0.0072964579701971,(-0.03653239752385819+0.024707832439128795j),4781.217502610935,(-0.0365323975238559+0.024707832439127483j),4781.217502610935
5978,5978,10.59779375,0.0079700561868909,(0.015621227681222734-0.04302875238696603j),4782.017438616057,(0.015621227681220269-0.04302875238696681j),4782.017438616057
5979,5979,10.59789375,0.0095125893567139,(2.3505747006775934e-05-0.059867730517860415j),4782.817374621178,(2.350574701070335e-05-0.05986773051786031j),4782.817374621178
5980,5980,10.59799375,0.0088847206326626,(-0.06562388550862709+0.04912147712176386j),4783.6173106263,(-0.06562388550862824+0.04912147712176556j),4783.6173106262995
5981,5981,10.59809375,0.0088429359291059,(0.058855950988250264-0.11206728130634701j),4784.417246631421,(0.05885595098825078-0.1120672813063456j),4784.417246631421
5982,5982,10.59819375,0.0063813279515425,(-0.019813953556230036+0.07857680502269629j),4785.217182636543,(-0.019813953556231615+0.07857680502269668j),4785.217182636543
5983,5983,10.59829375,0.0074903838551711,(-0.11138159261598744+0.05597910901840432j),4786.017118641664,(-0.1113815926159923+0.05597910901840718j),4786.017118641664
5984,5984,10.59839375,0.0069460278950448,(-0.0525952942774952-0.02819812429662164j),4786.817054646785,(-0.05259529427749133-0.02819812429662443j),4786.817054646785
5985,5985,10.59849375,0.0064512397494823,(0.07145523494889745-0.020877594580796265j),4787.616990651907,(0.07145523494889998-0.020877594580794752j),4787.616990651907
5986,5986,10.59859375,0.0060044818384571,(0.20318617019308227+0.02519404755785086j),4788.416926657029,(0.20318617019308335+0.025194047557849986j),4788.416926657029
5987,5987,10.59869375,0.0056742944542254,(0.09108242618510737+0.09841496820043155j),4789.21686266215,(0.09108242618510348+0.09841496820043284j),4789.21686266215
5988,5988,10.59879375,0.0058112906210385,(0.053387562606170905+0.013586158632130762j),4790.016798667271,(0.05338756260617088+0.013586158632130179j),4790.016798667271
5989,5989,10.59889375,0.0047357985776897,(-0.05102321928771362-0.004811662365152181j),4790.816734672393,(-0.05102321928771514-0.004811662365150991j),4790.816734672393
5990,5990,10.59899375,0.0056050475187332,(0.04216073438254464-0.05941743399455777j),4791.616670677514,(0.042160734382549636-0.05941743399456241j),4791.616670677514
5991,5991,10.59909375,0.007747014127924,(-0.0783667733075784+0.01371014338691956j),4792.416606682636,(-0.07836677330757788+0.013710143386917489j),4792.416606682636
5992,5992,10.59919375,0.0095983949102563,(-0.055322310885408475+0.025313187775523813j),4793.216542687757,(-0.05532231088540438+0.025313187775525676j),4793.216542687757
5993,5993,10.59929375,0.0089296244120385,(-0.007150500376595129+0.058209080553611146j),4794.016478692879,(-0.007150500376594362+0.05820908055361441j),4794.016478692879
5994,5994,10.59939375,0.0076335872292261,(-0.06372049078299927+0.12280138739532137j),4794.816414698,(-0.06372049078299814+0.12280138739532105j),4794.816414698
5995,5995,10.59949375,0.0071032695486675,(-0.02120456337106842+0.08981032779037404j),4795.6163507031215,(-0.0212045633710633+0.08981032779037623j),4795.6163507031215
5996,5996,10.59959375,0.0076127905121864,(-0.04552604032400257-0.06489618425472893j),4796.416286708243,(-0.04552604032399979-0.06489618425473159j),4796.416286708243
5997,5997,10.59969375,0.0049952568227219,(0.04044833567797243+0.0016984767241486325j),4797.216222713364,(0.04044833567797274+0.0016984767241486828j),4797.216222713364
5998,5998,10.59979375,0.0026200861475573,(-0.05407819572741902-0.0190444007948551j),4798.016158718486,(-0.05407819572741669-0.019044400794847687j),4798.016158718486
5999,5999,10.59989375,0.002625389505728,(0.025884621828265356-0.057696219439224095j),4798.816094723607,(0.025884621828266178-0.05769621943922461j),4798.816094723607
6000,6000,10.59999375,0.0026905197816897,(0.014830874274192548-0.00527256600705245j),4799.616030728729,(0.014830874274192083-0.00527256600704962j),4799.616030728729
6001,6001,10.60009375,0.0028650307293399,(0.0458325960156743+0.03125231678851979j),4800.41596673385,(0.045832596015676484+0.0312523167885172j),4800.41596673385
6002,6002,10.60019375,0.0031383935784927,(-0.012094846629320716-0.023574599374255746j),4801.215902738972,(-0.012094846629320383-0.023574599374252683j),4801.215902738972
6003,6003,10.60029375,0.005077906352098,(-0.025755602901909664+0.051478086823069466j),4802.015838744093,(-0.0257556029019081+0.05147808682306788j),4802.015838744093
6004,6004,10.60039375,0.0058914820914534,(-0.01957469050193808+0.08289546324171944j),4802.815774749214,(-0.019574690501935728+0.08289546324171743j),4802.815774749214
6005,6005,10.60049375,0.0063570348668423,(-0.05645411188331309+0.013934640009604283j),4803.615710754336,(-0.056454111883314985+0.013934640009604522j),4803.615710754336
6006,6006,10.60059375,0.0051872346954478,(-0.059698362621733926+0.05898528926729084j),4804.415646759458,(-0.0596983626217296+0.058985289267291685j),4804.415646759458
6007,6007,10.60069375,0.0049396107484697,(0.02049436418187409-0.018783297343930472j),4805.215582764579,(0.02049436418187418-0.018783297343929594j),4805.215582764579
6008,6008,10.60079375,0.0058246227915552,(-0.08718671094524527+0.08336058368612113j),4806.0155187697,(-0.08718671094524515+0.08336058368611983j),4806.0155187697
6009,6009,10.60089375,0.0047192208513012,(0.037000593176390865-0.005404474236212875j),4806.815454774822,(0.037000593176389845-0.005404474236213772j),4806.815454774822
6010,6010,10.60099375,0.0017472688593465,(-0.040154667766564976+0.00891124652827936j),4807.615390779944,(-0.04015466776656207+0.008911246528283548j),4807.6153907799435
6011,6011,10.60109375,0.0005657883959633,(0.046674693404103344-0.0966270011021564j),4808.415326785065,(0.04667469340410551-0.09662700110215898j),4808.415326785065
6012,6012,10.60119375,0.0027053855929894,(2.3775052198415914e-05+0.07761804090291326j),4809.215262790186,(2.3775052200789015e-05+0.07761804090290929j),4809.215262790186
6013,6013,10.60129375,0.0022881734319594,(-0.07923214148059671+0.027755803911925035j),4810.015198795308,(-0.07923214148060123+0.02775580391192208j),4810.015198795308
6014,6014,10.60139375,0.0013950150649377,(-0.008325488940487352+0.03076313058069024j),4810.815134800429,(-0.008325488940485551+0.030763130580690856j),4810.815134800429
6015,6015,10.60149375,0.0009178922105697,(-0.013445023452791492-0.1062809260587715j),4811.61507080555,(-0.013445023452790805-0.10628092605877282j),4811.61507080555
6016,6016,10.60159375,0.0027947839066552,(0.03889127213940104+0.025435415308506952j),4812.415006810672,(0.038891272139404076+0.025435415308508992j),4812.415006810672
6017,6017,10.60169375,0.0037051637297811,(0.028414050020606076-0.062188809909130435j),4813.214942815794,(0.028414050020609167-0.06218880990913149j),4813.214942815794
6018,6018,10.60179375,0.0037196926235066,(0.018969818292527894-0.035568659089255064j),4814.014878820915,(0.01896981829252757-0.03556865908925678j),4814.014878820915
6019,6019,10.60189375,0.0032823476993026,(-0.02513521995309657+0.05194136420896393j),4814.814814826036,(-0.025135219953098854+0.051941364208962885j),4814.814814826036
6020,6020,10.60199375,0.0040485049522155,(0.02463047734498234+0.01054458804260837j),4815.614750831158,(0.024630477344985226+0.010544588042613033j),4815.614750831158
6021,6021,10.60209375,0.0041922472794685,(-0.03015755378410378+0.040965831068978616j),4816.41468683628,(-0.030157553784102103+0.04096583106897764j),4816.4146868362795
6022,6022,10.60219375,0.0037057945821087,(0.013722142846663538+0.013113362852028194j),4817.2146228414,(0.013722142846665678+0.01311336285203232j),4817.2146228414
6023,6023,10.60229375,0.0021713037960218,(0.00960950256685622+0.03442889531045514j),4818.014558846522,(0.00960950256685488+0.03442889531045551j),4818.014558846522
6024,6024,10.60239375,0.0031030783198852,(0.06262738496003192-0.018382164656532803j),4818.814494851644,(0.06262738496002973-0.018382164656534947j),4818.814494851644
6025,6025,10.60249375,0.0029176607275767,(0.03842390120073366-0.01998498651005202j),4819.6144308567655,(0.038423901200735855-0.019984986510052663j),4819.6144308567655
6026,6026,10.60259375,0.0020910479299402,(0.016169434619071672+0.030083211904377842j),4820.414366861886,(0.016169434619074628+0.030083211904375486j),4820.414366861886
6027,6027,10.60269375,0.0019929098856564,(-0.0315489996237808+0.0004286454576743759j),4821.214302867008,(-0.03154899962378048+0.0004286454576755989j),4821.214302867008
6028,6028,10.60279375,0.0035170153073584,(0.021607628024046678+0.009365971466655219j),4822.01423887213,(0.021607628024046588+0.009365971466655564j),4822.01423887213
6029,6029,10.60289375,0.0040736700734903,(0.023653752002297974+0.06875854168226851j),4822.814174877251,(0.023653752002297922+0.06875854168226657j),4822.814174877251
6030,6030,10.60299375,0.0044621441176886,(-0.011788642967027151+0.04487235542363695j),4823.614110882372,(-0.011788642967025904+0.04487235542363662j),4823.614110882372
6031,6031,10.60309375,0.0045029384574033,(0.032023794506988175+0.021282196759283004j),4824.414046887494,(0.032023794506989084+0.02128219675928441j),4824.414046887494
6032,6032,10.60319375,0.00580233235556,(0.06590885627823917+0.12296410178763066j),4825.213982892616,(0.06590885627823917+0.12296410178762658j),4825.213982892616
6033,6033,10.60329375,0.0070505662038295,(-0.06754873524364279+0.12498734481996586j),4826.013918897736,(-0.06754873524363916+0.12498734481996539j),4826.013918897736
6034,6034,10.60339375,0.0067696986421364,(-0.13192464903699397-0.0037867948229417395j),4826.813854902858,(-0.13192464903699125-0.003786794822943275j),4826.813854902858
6035,6035,10.60349375,0.0065466304875479,(-0.139762450198864-0.10839350898542771j),4827.61379090798,(-0.13976245019886097-0.10839350898542777j),4827.61379090798
6036,6036,10.60359375,0.0063872617001932,(-0.015166773645810086-0.01921042024129037j),4828.4137269131015,(-0.015166773645811097-0.019210420241287992j),4828.4137269131015
6037,6037,10.60369375,0.0058228073271375,(-0.03980033691145127+0.007923344510393834j),4829.213662918222,(-0.0398003369114531+0.007923344510393672j),4829.213662918222
6038,6038,10.60379375,0.0045701441465572,(0.06079480138872669-0.0007583843647112967j),4830.013598923344,(0.060794801388726366-0.0007583843647101865j),4830.013598923344
6039,6039,10.60389375,0.0040299751994985,(-0.012231985479602435-0.009299410832176891j),4830.813534928466,(-0.012231985479600022-0.009299410832173895j),4830.813534928466
6040,6040,10.60399375,0.004439504422856,(-0.0389087306608308+0.02406184297502088j),4831.6134709335865,(-0.03890873066083298+0.024061842975022306j),4831.6134709335865
6041,6041,10.60409375,0.0057963842761465,(-0.05043902578423745+0.029234401864535128j),4832.413406938708,(-0.05043902578423807+0.02923440186453656j),4832.413406938708
6042,6042,10.60419375,0.0052159454859278,(-0.014721387388547941-0.03064167648995952j),4833.21334294383,(-0.014721387388547873-0.03064167648995785j),4833.21334294383
6043,6043,10.60429375,0.0057474814685387,(-0.030385774286549712+0.010047181465982817j),4834.013278948952,(-0.030385774286552536+0.010047181465985364j),4834.013278948952
6044,6044,10.60439375,0.0080600760582806,(0.003922033716337394-0.03526719393182159j),4834.8132149540725,(0.003922033716339406-0.035267193931823114j),4834.8132149540725
6045,6045,10.60449375,0.009490075194803,(0.06539353532523867+0.09407209092905557j),4835.613150959194,(0.06539353532523812+0.09407209092905519j),4835.613150959194
6046,6046,10.60459375,0.0073097996686586,(-0.12474092677976603-0.034018845237013415j),4836.413086964316,(-0.12474092677976617-0.03401884523701695j),4836.413086964316
6047,6047,10.60469375,0.0065249071189108,(-0.03439316658726498-0.05598355953970169j),4837.213022969438,(-0.03439316658726292-0.055983559539704755j),4837.213022969438
6048,6048,10.60479375,0.0070096655366959,(-0.06689274268889261-0.21675161788226308j),4838.012958974558,(-0.06689274268889299-0.21675161788226693j),4838.012958974558
6049,6049,10.60489375,0.0093971206743934,(0.03416533578098275-0.10514113395683064j),4838.81289497968,(0.034165335780981396-0.10514113395683025j),4838.81289497968
6050,6050,10.60499375,0.0088040077948353,(0.10864842654463702+0.008358097619548166j),4839.612830984802,(0.10864842654463205+0.008358097619552432j),4839.612830984802
6051,6051,10.60509375,0.006875704718981,(0.012100792209476817+0.07290057083109172j),4840.412766989923,(0.012100792209480422+0.07290057083109042j),4840.412766989923
6052,6052,10.60519375,0.0069616552010016,(-0.04713512978779111-0.09569145630599951j),4841.212702995044,(-0.0471351297877928-0.09569145630599671j),4841.212702995044
6053,6053,10.60529375,0.0071163231271433,(0.03533791682482573-0.009792144851511198j),4842.012639000166,(0.03533791682482293-0.009792144851514372j),4842.012639000166
6054,6054,10.60539375,0.0068879111263296,(-0.07742496286031544-0.005942871067936142j),4842.812575005288,(-0.07742496286031811-0.005942871067938293j),4842.812575005288
6055,6055,10.60549375,0.0083678591263728,(0.06067458904506944+0.06728136006660895j),4843.6125110104085,(0.06067458904506828+0.06728136006661048j),4843.6125110104085
6056,6056,10.60559375,0.0066297091543298,(-0.07566924279597764+0.03600363209842439j),4844.41244701553,(-0.07566924279597637+0.03600363209842401j),4844.41244701553
6057,6057,10.60569375,0.008015951031198,(-0.03823399591333398-0.1493574755537103j),4845.212383020652,(-0.03823399591333366-0.1493574755537077j),4845.212383020652
6058,6058,10.60579375,0.0063238897499616,(0.15096127329311426-0.08500292594699177j),4846.012319025773,(0.15096127329311287-0.08500292594699257j),4846.012319025773
6059,6059,10.60589375,0.0083554875104523,(0.09908040221336359-0.002677321636078721j),4846.812255030894,(0.09908040221336098-0.0026773216360798657j),4846.812255030894
6060,6060,10.60599375,0.0076273260250836,(-0.014821210644024042-0.03027763589238969j),4847.612191036016,(-0.014821210644024523-0.030277635892390402j),4847.612191036016
6061,6061,10.60609375,0.0070923588002153,(-0.055158134319893574+0.11031513112837943j),4848.412127041138,(-0.05515813431989794+0.11031513112838337j),4848.412127041138
6062,6062,10.60619375,0.0055228971352053,(-0.13925700092958504-0.009589331577572004j),4849.212063046259,(-0.13925700092958673-0.009589331577568472j),4849.212063046259
6063,6063,10.60629375,0.0083235123747311,(-0.004061653597855936-0.020879022529872365j),4850.01199905138,(-0.004061653597858856-0.02087902252986947j),4850.01199905138
6064,6064,10.60639375,0.0072911097244072,(0.044900212226624096+0.012191859984745559j),4850.811935056502,(0.044900212226619635+0.012191859984747852j),4850.811935056502
6065,6065,10.60649375,0.0072158217984187,(0.08114657129585334+0.004305219318668712j),4851.611871061624,(0.08114657129585182+0.004305219318670278j),4851.611871061624
6066,6066,10.60659375,0.0054417979635741,(-0.056263505277343445+0.15149052849670214j),4852.411807066745,(-0.05626350527733989+0.15149052849670164j),4852.411807066745
6067,6067,10.60669375,0.008392958477219,(0.01495270535450772+0.003718043478099017j),4853.211743071866,(0.014952705354509497+0.0037180434781000134j),4853.211743071866
6068,6068,10.60679375,0.0083454001467538,(-0.07551954371794012+0.05071030312619769j),4854.011679076988,(-0.07551954371794314+0.05071030312619854j),4854.011679076988
6069,6069,10.60689375,0.0086873761991039,(0.0619069403465417+0.02596638064507294j),4854.811615082109,(0.06190694034654099+0.025966380645073565j),4854.811615082109
6070,6070,10.60699375,0.0070802269025001,(0.03415770019546638-0.028889366840283925j),4855.611551087231,(0.03415770019546595-0.028889366840282926j),4855.6115510872305
6071,6071,10.60709375,0.0064405040680465,(0.05191646435406832+0.016849200410273657j),4856.411487092352,(0.051916464354070435+0.01684920041027175j),4856.411487092352
6072,6072,10.60719375,0.0071262247341737,(-0.06973602370165319+0.08530545654777229j),4857.211423097474,(-0.06973602370165356+0.08530545654777115j),4857.211423097474
6073,6073,10.60729375,0.0083279136873153,(-0.0527087547918896-0.06663301884675031j),4858.011359102595,(-0.05270875479188461-0.0666330188467483j),4858.011359102595
6074,6074,10.60739375,0.0050997013988738,(-0.12094342119584524+0.017306948757389487j),4858.811295107716,(-0.12094342119584177+0.017306948757385997j),4858.811295107716
6075,6075,10.60749375,0.0034424404380326,(0.04496512973225621+0.010867934960011864j),4859.611231112838,(0.044965129732256096+0.010867934960012326j),4859.611231112838
6076,6076,10.60759375,0.0051432949460541,(-0.07327351433894397+0.1481089362189452j),4860.411167117959,(-0.07327351433894264+0.14810893621894328j),4860.411167117959
6077,6077,10.60769375,0.0082103708559964,(-0.10725171431856412+0.012048423968921987j),4861.211103123081,(-0.10725171431856406+0.012048423968922563j),4861.211103123081
6078,6078,10.60779375,0.007136200378011,(-0.0963687493431393-0.059497318292432724j),4862.011039128202,(-0.09636874934313856-0.05949731829243385j),4862.011039128202
6079,6079,10.60789375,0.0055525169043483,(0.12122625214737141+0.0304875409832319j),4862.810975133324,(0.12122625214737225+0.03048754098323124j),4862.810975133324
6080,6080,10.60799375,0.006432729915082,(-0.009134121998767565+0.06735069219104918j),4863.610911138445,(-0.009134121998766474+0.06735069219104689j),4863.610911138445
6081,6081,10.60809375,0.0076613510036198,(0.07210290989450083+0.04935791595222023j),4864.410847143567,(0.0721029098945005+0.04935791595222085j),4864.410847143567
6082,6082,10.60819375,0.0062432104716915,(-0.054283766057386544-0.050643235280357926j),4865.210783148688,(-0.05428376605738099-0.05064323528035946j),4865.210783148688
6083,6083,10.60829375,0.005082747367171,(-0.045246352025773644-0.19837836287203028j),4866.010719153809,(-0.045246352025769064-0.19837836287202668j),4866.010719153809
6084,6084,10.60839375,0.0032649208953748,(0.121627145487191-0.07422095739632072j),4866.810655158931,(0.12162714548719311-0.07422095739632016j),4866.810655158931
6085,6085,10.60849375,0.0038635712138063,(-0.03929949298489252+0.12913968443590246j),4867.6105911640525,(-0.03929949298489625+0.12913968443590443j),4867.6105911640525
6086,6086,10.60859375,0.0016305595378527,(0.003860682294671885+0.04857555875282084j),4868.410527169174,(0.003860682294674945+0.048575558752817403j),4868.410527169174
6087,6087,10.60869375,0.0035753654175893,(-0.02082048388133787+0.020235837229831233j),4869.210463174295,(-0.020820483881340043+0.0202358372298295j),4869.210463174295
6088,6088,10.60879375,0.0032155159939309,(-0.08225882356925487+0.12606365020699303j),4870.010399179417,(-0.08225882356925272+0.12606365020698948j),4870.010399179417
6089,6089,10.60889375,0.0048753966909705,(-0.10773801713047623-0.08113084131462066j),4870.810335184538,(-0.1077380171304765-0.08113084131461931j),4870.810335184538
6090,6090,10.60899375,0.0038724051055732,(0.12054112372117382-0.1507786457181194j),4871.61027118966,(0.1205411237211737-0.15077864571812113j),4871.61027118966
6091,6091,10.60909375,0.0054227680939955,(0.04230100983474626+0.06310059681841583j),4872.410207194781,(0.04230100983474662+0.0631005968184127j),4872.410207194781
6092,6092,10.60919375,0.0052675619869376,(-0.09799792467498651-0.11627238009375111j),4873.210143199903,(-0.09799792467498758-0.11627238009375115j),4873.210143199903
6093,6093,10.60929375,0.0048258548344174,(0.0977789485432243-0.17072335960152518j),4874.010079205024,(0.09777894854322147-0.17072335960152304j),4874.010079205024
6094,6094,10.60939375,0.0028238355774032,(0.020073160526130826+0.1372848569300667j),4874.810015210145,(0.020073160526130812+0.13728485693006756j),4874.810015210145
6095,6095,10.60949375,0.0032365508234259,(-0.13927007652151344-0.07075857855128026j),4875.609951215267,(-0.1392700765215149-0.07075857855128295j),4875.609951215267
6096,6096,10.60959375,0.0039155284551478,(-0.12920726483522002-0.004060750948844741j),4876.409887220389,(-0.12920726483521874-0.004060750948843873j),4876.409887220389
6097,6097,10.60969375,0.0033238593295035,(0.0013977154031959184+0.0164590857288739j),4877.20982322551,(0.0013977154031917412+0.01645908572887335j),4877.20982322551
6098,6098,10.60979375,0.0008698219732036,(-0.02202461520616986+0.07604352589550344j),4878.009759230631,(-0.022024615206173014+0.07604352589550231j),4878.009759230631
6099,6099,10.60989375,0.0004876470263782,(0.06100147758687779-0.03159014766124685j),4878.809695235753,(0.06100147758687707-0.031590147661247105j),4878.809695235753
6100,6100,10.60999375,0.0028560825187727,(-0.023704047595400166-0.18561406451591153j),4879.6096312408745,(-0.023704047595405724-0.18561406451590975j),4879.6096312408745
6101,6101,10.61009375,0.0036948263445623,(0.17682232801121708-0.018052603020635476j),4880.409567245995,(0.17682232801121725-0.018052603020634987j),4880.409567245995
6102,6102,10.61019375,0.0023908232486052,(-0.008049832991669581-0.014256489755302606j),4881.209503251117,(-0.008049832991670742-0.01425648975530546j),4881.209503251117
6103,6103,10.61029375,0.002218496109236,(0.12728202280885587+0.07244901084765575j),4882.009439256239,(0.1272820228088522+0.07244901084765536j),4882.009439256239
6104,6104,10.61039375,0.0038178754183616,(-0.05397927240246936+0.0664169555656185j),4882.80937526136,(-0.053979272402466326+0.06641695556561969j),4882.80937526136
6105,6105,10.61049375,0.0040318310835146,(-0.10220494631624313+0.12572251382200034j),4883.609311266481,(-0.10220494631623989+0.1257225138219987j),4883.609311266481
6106,6106,10.61059375,0.0027821551550729,(-0.0736215506514573-0.15495028396465407j),4884.409247271603,(-0.07362155065145695-0.15495028396465543j),4884.409247271603
6107,6107,10.61069375,0.0015318628493148,(-4.0627151371288445e-05+0.05650350548202646j),4885.209183276725,(-4.062715136979311e-05+0.056503505482024485j),4885.209183276725
6108,6108,10.61079375,0.0048293017902212,(-0.09530098112318953-0.02794441803076717j),4886.009119281846,(-0.09530098112318952-0.027944418030769892j),4886.009119281846
6109,6109,10.61089375,0.0066564357034327,(-0.14751334797787743+0.03726961366981465j),4886.809055286967,(-0.14751334797787574+0.03726961366981486j),4886.809055286967
6110,6110,10.61099375,0.0064812960057907,(0.0003620923033652093-0.08113269704159397j),4887.608991292089,(0.00036209230336869264-0.08113269704159481j),4887.608991292089
6111,6111,10.61109375,0.0033582118896735,(-0.05030821186498151+0.006300748493823373j),4888.4089272972105,(-0.05030821186497667+0.006300748493822946j),4888.4089272972105
6112,6112,10.61119375,0.0043950163569192,(0.08178902015458961-0.08217429377659255j),4889.208863302331,(0.08178902015459084-0.08217429377659292j),4889.208863302331
6113,6113,10.61129375,0.0056150242559005,(0.012932309900485026+0.009933566448439186j),4890.008799307453,(0.012932309900484825+0.009933566448440838j),4890.008799307453
6114,6114,10.61139375,0.0047615105202743,(-0.059437576339364494-0.16629076980285004j),4890.808735312575,(-0.059437576339362884-0.16629076980285507j),4890.808735312575
6115,6115,10.61149375,0.0015927813848421,(0.18928870838837603-0.05522120910311393j),4891.6086713176965,(0.18928870838837783-0.05522120910311586j),4891.6086713176965
6116,6116,10.61159375,0.0011173430316125,(0.060638288395712+0.11937559874991921j),4892.408607322817,(0.060638288395712975+0.11937559874991995j),4892.408607322817
6117,6117,10.61169375,0.004143611108217,(-0.010725210359239373+0.04867733277421231j),4893.208543327939,(-0.010725210359236393+0.04867733277421167j),4893.208543327939
6118,6118,10.61179375,0.0044061888997404,(-0.10338666334239215+0.002765003359162986j),4894.008479333061,(-0.1033866633423897+0.002765003359165165j),4894.008479333061
6119,6119,10.61189375,0.0037713387411372,(0.030386206768423484+0.030388808625234194j),4894.8084153381815,(0.030386206768424524+0.030388808625233906j),4894.8084153381815
6120,6120,10.61199375,0.0056008176184375,(-0.08780600483272592-0.0018694110436605002j),4895.608351343303,(-0.08780600483272777-0.0018694110436599243j),4895.608351343303
6121,6121,10.61209375,0.0076259598218498,(0.10583531743758688+0.13337281817519042j),4896.408287348425,(0.10583531743758677+0.13337281817518915j),4896.408287348425
6122,6122,10.61219375,0.009681333674758,(0.04512556815453171+0.035801677470177935j),4897.208223353547,(0.0451255681545338+0.035801677470177276j),4897.208223353547
6123,6123,10.61229375,0.007212917618994,(0.029203650556952034-0.016652983420598157j),4898.008159358667,(0.029203650556952062-0.016652983420598948j),4898.008159358667
6124,6124,10.61239375,0.0075656272834712,(0.015304483043138162+0.036386347831763664j),4898.808095363789,(0.015304483043138016+0.0363863478317586j),4898.808095363789
6125,6125,10.61249375,0.0081548120090165,(-0.0617706210904542+0.00810068434012804j),4899.608031368911,(-0.06177062109045151+0.008100684340127564j),4899.608031368911
6126,6126,10.61259375,0.0061941244525109,(0.10877981210496866-0.08221909297540607j),4900.4079673740325,(0.10877981210496547-0.08221909297540453j),4900.4079673740325
6127,6127,10.61269375,0.0055801031225403,(-0.03947782768466847+0.16740594573496304j),4901.207903379153,(-0.0394778276846666+0.16740594573496131j),4901.207903379153
6128,6128,10.61279375,0.0048389472381296,(-0.04790666929028192-0.08983280261341121j),4902.007839384275,(-0.047906669290282915-0.08983280261341142j),4902.007839384275
6129,6129,10.61289375,0.0056325930325392,(-0.040490945423071543-0.06156204690827868j),4902.807775389397,(-0.04049094542307321-0.061562046908278475j),4902.807775389397
6130,6130,10.61299375,0.0046624885275965,(0.03461302531485621-0.10821108743207228j),4903.6077113945175,(0.03461302531485598-0.10821108743206956j),4903.6077113945175
6131,6131,10.61309375,0.0044881339459047,(0.03613678480018307-0.0301821945814975j),4904.407647399639,(0.03613678480018341-0.030182194581499983j),4904.407647399639
6132,6132,10.61319375,0.0065501293323378,(-0.1160493450640355+0.10617957988664264j),4905.207583404761,(-0.116049345064033+0.10617957988663915j),4905.207583404761
6133,6133,10.61329375,0.0077432807961331,(-0.04371034608653226+0.07974967032827113j),4906.007519409883,(-0.0437103460865329+0.07974967032826837j),4906.007519409883
6134,6134,10.61339375,0.0089592901012245,(-0.08270684804465822+0.05421022726582286j),4906.807455415004,(-0.08270684804466094+0.054210227265823696j),4906.8074554150035
6135,6135,10.61349375,0.0088401285797683,(0.045759076997632486-0.0314432017838737j),4907.607391420125,(0.045759076997630585-0.03144320178387386j),4907.607391420125
6136,6136,10.61359375,0.0093715231349953,(0.03735608962047891-0.06505309222884285j),4908.407327425247,(0.03735608962048051-0.06505309222884631j),4908.407327425247
6137,6137,10.61369375,0.0102113024299617,(-0.0014991379428572213+0.011059169147522323j),4909.207263430368,(-0.001499137942856714+0.011059169147523322j),4909.207263430368
6138,6138,10.61379375,0.0086337248487993,(0.0014049087276949215-0.10418331095578975j),4910.007199435489,(0.0014049087276929093-0.10418331095578895j),4910.007199435489
6139,6139,10.61389375,0.0072767691306116,(-0.0770804668868838-0.09599505244249222j),4910.807135440611,(-0.07708046688688627-0.09599505244249663j),4910.807135440611
6140,6140,10.61399375,0.0060748143873739,(-0.09140967414633987+0.14189746359035657j),4911.607071445733,(-0.09140967414633976+0.14189746359035377j),4911.607071445733
6141,6141,10.61409375,0.0065851542510486,(-0.10815302005850849-0.1919739729086524j),4912.407007450854,(-0.10815302005851081-0.19197397290865148j),4912.407007450854
6142,6142,10.61419375,0.0065462979065024,(0.06654187698331865+0.16759110165840505j),4913.206943455975,(0.06654187698331818+0.16759110165840554j),4913.206943455975
6143,6143,10.61429375,0.0067681390979633,(-0.10884345494584491-0.07400454705821537j),4914.006879461097,(-0.10884345494584415-0.07400454705821502j),4914.006879461097
6144,6144,10.61439375,0.0065813905674587,(0.033248240039532244-0.11717696903910135j),4914.806815466218,(0.03324824003953342-0.11717696903910373j),4914.806815466218
6145,6145,10.61449375,0.0074152804210877,(-0.02848982568246216-0.08980085423750546j),4915.60675147134,(-0.028489825682460133-0.0898008542375045j),4915.6067514713395
6146,6146,10.61459375,0.0078999459761237,(0.001037724365272481-0.012401066097055493j),4916.406687476461,(0.001037724365272735-0.012401066097056586j),4916.406687476461
6147,6147,10.61469375,0.0096707274466901,(0.030070976080426914-0.21633473790061625j),4917.206623481583,(0.030070976080431217-0.21633473790061647j),4917.206623481583
6148,6148,10.61479375,0.0096534568222951,(-0.09335220860223918-0.10383754593245562j),4918.006559486704,(-0.09335220860223974-0.10383754593245532j),4918.006559486704
6149,6149,10.61489375,0.0088673740006255,(0.0901984283126761-0.07501604753497094j),4918.806495491825,(0.09019842831267437-0.07501604753497254j),4918.806495491825
6150,6150,10.61499375,0.0080408630222162,(-0.057340113949372336+0.024764140854843665j),4919.606431496947,(-0.05734011394937069+0.024764140854842798j),4919.606431496947
6151,6151,10.61509375,0.0087569169758685,(0.007404004089637742-0.06517304286279353j),4920.406367502069,(0.007404004089638467-0.06517304286279368j),4920.406367502069
6152,6152,10.61519375,0.008185975321671,(0.05545211620938001+0.10239405171728128j),4921.20630350719,(0.055452116209379516+0.10239405171728207j),4921.20630350719
6153,6153,10.61529375,0.0075078795341082,(0.04424210650777808-0.12765773079918427j),4922.006239512311,(0.04424210650777766-0.12765773079918522j),4922.006239512311
6154,6154,10.61539375,0.0067884566402549,(-0.010477632340897793+0.13121248831486643j),4922.806175517433,(-0.010477632340896135+0.13121248831486299j),4922.806175517433
6155,6155,10.61549375,0.0072986300721856,(0.13478258784155256-0.11180816778842398j),4923.606111522554,(0.13478258784155098-0.1118081677884237j),4923.606111522554
6156,6156,10.61559375,0.0073438464665991,(0.011932070122660541+0.07442365124479951j),4924.406047527676,(0.011932070122660033+0.07442365124480019j),4924.406047527676
6157,6157,10.61569375,0.0069318627233813,(0.1478814673902865-0.11267663039800659j),4925.205983532797,(0.14788146739028635-0.1126766303980051j),4925.205983532797
6158,6158,10.61579375,0.0062744775853167,(0.08067869242550302+0.08144450680623812j),4926.005919537919,(0.08067869242549892+0.08144450680623752j),4926.005919537919
6159,6159,10.61589375,0.0066752626690592,(0.0675839917145123+0.03688280487026794j),4926.80585554304,(0.06758399171451145+0.036882804870265316j),4926.80585554304
6160,6160,10.61599375,0.0060007993681441,(0.03583967584886085+0.01322383974285823j),4927.6057915481615,(0.03583967584886206+0.013223839742861503j),4927.6057915481615
6161,6161,10.61609375,0.0067438981212512,(-0.0435301579208566+0.024579845824455597j),4928.405727553283,(-0.04353015792085693+0.02457984582445842j),4928.405727553283
6162,6162,10.61619375,0.0049737202569646,(-0.00720807908551661-0.08722397228316096j),4929.205663558404,(-0.007208079085516284-0.08722397228316194j),4929.205663558404
6163,6163,10.61629375,0.0056488506193361,(-0.19226181041713813+0.09185519587254112j),4930.005599563526,(-0.19226181041713433+0.09185519587254112j),4930.005599563526
6164,6164,10.61639375,0.0045509951431477,(0.06504213645660248-0.028035699007422612j),4930.805535568647,(0.06504213645660348-0.028035699007428742j),4930.805535568647
6165,6165,10.61649375,0.0062102900527727,(-0.06934439833465707+0.10091027725103527j),4931.605471573769,(-0.06934439833465735+0.100910277251037j),4931.605471573769
6166,6166,10.61659375,0.0035207373183338,(-0.018948158475716716+0.09231175426878618j),4932.40540757889,(-0.0189481584757166+0.0923117542687859j),4932.40540757889
6167,6167,10.61669375,0.0056634784184746,(-0.005779426754888153+0.06517837538705966j),4933.205343584012,(-0.005779426754890151+0.06517837538706056j),4933.205343584012
6168,6168,10.61679375,0.0038072069294646,(-0.036205949183013876+0.0014961552807082855j),4934.005279589133,(-0.03620594918301278+0.0014961552807065057j),4934.005279589133
6169,6169,10.61689375,0.0052946158092118,(0.05076854498984139+0.090846653924882j),4934.805215594255,(0.050768544989841846+0.09084665392487815j),4934.805215594255
6170,6170,10.61699375,0.0028696402371736,(0.029167131262646504-0.03866080175093408j),4935.605151599376,(0.029167131262647354-0.038660801750929154j),4935.605151599376
6171,6171,10.61709375,0.0037019561040731,(-0.200578303103211-0.05155074917818747j),4936.405087604498,(-0.20057830310321845-0.0515507491781875j),4936.405087604498
6172,6172,10.61719375,0.0035933275474414,(0.10437163123264812-0.027153578138478997j),4937.205023609619,(0.10437163123264484-0.027153578138482022j),4937.205023609619
6173,6173,10.61729375,0.0027459359953093,(-0.1586471446642912-0.09183344276985039j),4938.00495961474,(-0.15864714466428997-0.091833442769853j),4938.00495961474
6174,6174,10.61739375,0.0027016581478794,(0.07467344665275003+0.05249072664529442j),4938.804895619862,(0.07467344665274954+0.05249072664529587j),4938.804895619862
6175,6175,10.61749375,0.0025048918678687,(-0.13828205954411826+0.030172584989642225j),4939.604831624984,(-0.138282059544114+0.030172584989641434j),4939.6048316249835
6176,6176,10.61759375,0.0042169206405164,(0.009279374164147943+0.016271935629389608j),4940.404767630105,(0.00927937416414777+0.016271935629390912j),4940.404767630105
6177,6177,10.61769375,0.0046826180646908,(0.206400989169129-0.021785121258317428j),4941.204703635226,(0.20640098916912786-0.0217851212583188j),4941.204703635226
6178,6178,10.61779375,0.0057516468171161,(-0.031519578198727145+0.027745167746934665j),4942.004639640348,(-0.03151957819872706+0.02774516774693578j),4942.004639640348
6179,6179,10.61789375,0.0041244653319004,(0.12136365002650934-0.04474284460227912j),4942.804575645469,(0.12136365002651008-0.044742844602274255j),4942.804575645469
6180,6180,10.61799375,0.0032625199514473,(-0.03597892593831105-0.012596460176980647j),4943.60451165059,(-0.03597892593831062-0.012596460176980658j),4943.60451165059
6181,6181,10.61809375,0.0021905169008623,(-0.0877327352461645-0.022113010701877375j),4944.404447655712,(-0.08773273524616215-0.022113010701874707j),4944.404447655712
6182,6182,10.61819375,0.0022708126633544,(-0.04104831264618401-0.010910908544585804j),4945.204383660834,(-0.04104831264618626-0.010910908544584243j),4945.204383660834
6183,6183,10.61829375,0.0014908589433004,(0.0019012825961540018+0.0682995203821172j),4946.004319665955,(0.0019012825961518855+0.06829952038211798j),4946.004319665955
6184,6184,10.61839375,0.0008912724485168,(-0.082058334919512+0.08499658745248653j),4946.804255671076,(-0.08205833491951542+0.08499658745248413j),4946.804255671076
6185,6185,10.61849375,0.00275062518247,(0.07672411248856374+0.10861181132233962j),4947.604191676198,(0.07672411248856578+0.1086118113223412j),4947.604191676198
6186,6186,10.61859375,0.0019527381359872,(-0.12035989411615605-0.04458851618289239j),4948.40412768132,(-0.1203598941161592-0.044588516182892654j),4948.40412768132
6187,6187,10.61869375,0.0035919291710145,(-0.012530174857342605-0.13736275223917713j),4949.204063686441,(-0.012530174857342893-0.1373627522391779j),4949.204063686441
6188,6188,10.61879375,0.002877579481358,(0.045577933494945336-0.19741598401483373j),4950.003999691562,(0.04557793349494594-0.19741598401483632j),4950.003999691562
6189,6189,10.61889375,0.0044740089366838,(-0.09988319963707812-0.05536831613060775j),4950.803935696684,(-0.09988319963707791-0.055368316130606804j),4950.803935696684
6190,6190,10.61899375,0.0028765862438059,(0.00306037614477889+0.007723522370073853j),4951.6038717018055,(0.0030603761447808306+0.00772352237007681j),4951.6038717018055
6191,6191,10.61909375,0.0030984125215286,(-0.07821672556453431+0.04311376121394652j),4952.403807706926,(-0.07821672556453418+0.043113761213945j),4952.403807706926
6192,6192,10.61919375,0.004330659691414,(0.020846886404103048-0.0001764480957332647j),4953.203743712048,(0.020846886404105352-0.00017644809573766742j),4953.203743712048
6193,6193,10.61929375,0.0043121925091285,(-0.0005825473144821722+0.18137001394122781j),4954.00367971717,(-0.0005825473144807983+0.18137001394122687j),4954.00367971717
6194,6194,10.61939375,0.004306262797205,(0.005622951452284833-0.17991601057858217j),4954.803615722291,(0.005622951452289703-0.17991601057858025j),4954.803615722291
6195,6195,10.61949375,0.0039384078173678,(0.1224298052966725-0.1281142168756659j),4955.603551727412,(0.12242980529667015-0.12811421687566232j),4955.603551727412
6196,6196,10.61959375,0.0049137159941317,(0.008113258855005115+0.08055683741730618j),4956.403487732534,(0.008113258855004035+0.08055683741730969j),4956.403487732534
6197,6197,10.61969375,0.0045435558685018,(-0.07955079194048437-0.11373581997484362j),4957.203423737656,(-0.07955079194048335-0.11373581997484342j),4957.203423737656
6198,6198,10.61979375,0.0024326960957169,(0.029081961158607488+0.049216498377235796j),4958.003359742776,(0.029081961158610538+0.04921649837723424j),4958.003359742776
6199,6199,10.61989375,0.0026742862682001,(0.008335692656020107+0.016782664331670832j),4958.803295747898,(0.008335692656022797+0.01678266433167217j),4958.803295747898
6200,6200,10.61999375,0.0033389630856462,(-0.006396145814690462-0.020937338036879683j),4959.60323175302,(-0.006396145814693636-0.02093733803687936j),4959.60323175302
6201,6201,10.62009375,0.0042001252220804,(0.09689374654578109+0.05719647779158599j),4960.4031677581415,(0.09689374654578081+0.057196477791585314j),4960.4031677581415
6202,6202,10.62019375,0.0052134507709132,(-0.15417944054609609+0.03020372677289659j),4961.203103763262,(-0.15417944054609814+0.03020372677289597j),4961.203103763262
6203,6203,10.62029375,0.0045152238283657,(-0.05319787072181044+0.0046865534715850535j),4962.003039768384,(-0.05319787072181553+0.00468655347158395j),4962.003039768384
6204,6204,10.62039375,0.0076703705166355,(-0.11468848665364316+0.04376273423327812j),4962.802975773506,(-0.11468848665364514+0.04376273423327545j),4962.802975773506
6205,6205,10.62049375,0.0070698881481054,(0.09123694591673265-0.012871093137146083j),4963.602911778628,(0.09123694591673295-0.0128710931371456j),4963.6029117786275
6206,6206,10.62059375,0.0076916281310325,(0.10810744630380958+0.07150820684006265j),4964.402847783748,(0.10810744630380612+0.07150820684006129j),4964.402847783748
6207,6207,10.62069375,0.0071250572046771,(0.06035721280607993+0.14249046416374828j),4965.20278378887,(0.0603572128060815+0.14249046416374703j),4965.20278378887
6208,6208,10.62079375,0.0063384236558082,(0.07757970434092568-0.025168261511468608j),4966.002719793992,(0.07757970434092637-0.02516826151146567j),4966.002719793992
6209,6209,10.62089375,0.0067174599310841,(-0.09142932403168409-0.06702367908494279j),4966.8026557991125,(-0.09142932403168298-0.06702367908493981j),4966.8026557991125
6210,6210,10.62099375,0.0060448065568101,(0.07103575808528147+0.06863369038281879j),4967.602591804234,(0.07103575808528143+0.06863369038281043j),4967.602591804234
6211,6211,10.62109375,0.0054568444255734,(-0.08436419807571606+0.04303680303485846j),4968.402527809356,(-0.0843641980757149+0.04303680303485967j),4968.402527809356
6212,6212,10.62119375,0.0052135734342898,(0.09606328842199517-0.07746015059365248j),4969.202463814478,(0.09606328842199699-0.07746015059365102j),4969.202463814478
6213,6213,10.62129375,0.0055591159803029,(-0.05340791015032552+0.035725786735618395j),4970.002399819598,(-0.05340791015032568+0.035725786735617035j),4970.002399819598
6214,6214,10.62139375,0.0069671656883774,(0.006377053810574875+0.024681366129309983j),4970.80233582472,(0.006377053810576915+0.024681366129311245j),4970.80233582472
6215,6215,10.62149375,0.0073732835746189,(-0.00920642211856905-0.1788188688195968j),4971.602271829842,(-0.009206422118566912-0.17881886881959586j),4971.602271829842
6216,6216,10.62159375,0.0078534156509635,(-0.0029594657771095656+0.1059227551346675j),4972.402207834963,(-0.0029594657771108285+0.10592275513466526j),4972.402207834963
6217,6217,10.62169375,0.0091104966459539,(0.04796615430718699-0.0273806416589472j),4973.202143840084,(0.047966154307185614-0.02738064165894879j),4973.202143840084
6218,6218,10.62179375,0.0104490375902054,(-0.05877370587514007+0.12292507803963257j),4974.002079845206,(-0.05877370587513975+0.12292507803963357j),4974.002079845206
6219,6219,10.62189375,0.0104526879172075,(0.007815565472994852+0.02702843361351289j),4974.802015850328,(0.007815565472996487+0.027028433613514057j),4974.802015850328
6220,6220,10.62199375,0.0088431011704197,(0.08424646216829701+0.07926934032700104j),4975.6019518554485,(0.08424646216829845+0.07926934032699727j),4975.6019518554485
6221,6221,10.62209375,0.0087154001163695,(0.08452785626241985+0.034362532929964947j),4976.40188786057,(0.08452785626242455+0.03436253292996393j),4976.40188786057
6222,6222,10.62219375,0.0072906971153333,(-0.056754944591557256-0.030967347936095294j),4977.201823865692,(-0.056754944591558984-0.030967347936091686j),4977.201823865692
6223,6223,10.62229375,0.0060564317314123,(-0.014868783299629408-0.06784300153035583j),4978.001759870813,(-0.014868783299630366-0.06784300153035515j),4978.001759870813
6224,6224,10.62239375,0.0045581375198572,(-0.1374587194217947-0.11848943632412039j),4978.801695875935,(-0.1374587194217955-0.1184894363241184j),4978.8016958759345
6225,6225,10.62249375,0.0042534381282338,(-0.08063835915070558-0.10555198829408749j),4979.601631881056,(-0.08063835915070214-0.10555198829408657j),4979.601631881056
6226,6226,10.62259375,0.0053240477826065,(-0.15731098147932632-0.0007139129447244069j),4980.401567886178,(-0.15731098147932643-0.0007139129447244902j),4980.401567886178
6227,6227,10.62269375,0.0077727230067074,(0.049598885411345314-0.0298038623834452j),4981.201503891299,(0.04959888541134792-0.029803862383447125j),4981.201503891299
6228,6228,10.62279375,0.0082295845120869,(0.01810663405426035+0.05581101131247916j),4982.00143989642,(0.01810663405425937+0.05581101131247988j),4982.00143989642
6229,6229,10.62289375,0.009438546282179,(0.1709133228449286-0.011726386910154873j),4982.801375901542,(0.17091332284493171-0.011726386910152126j),4982.801375901542
6230,6230,10.62299375,0.0100154088252786,(-0.008495242600579371-0.08744311741519192j),4983.601311906664,(-0.00849524260057901-0.08744311741519048j),4983.601311906664
6231,6231,10.62309375,0.011512037225562,(0.09635617585586456-0.05779868113535265j),4984.401247911785,(0.09635617585586208-0.05779868113535407j),4984.401247911785
6232,6232,10.62319375,0.0108223489728468,(-0.09948022239800024-0.10568574722081095j),4985.201183916906,(-0.09948022239799985-0.10568574722080971j),4985.201183916906
6233,6233,10.62329375,0.0086523282064848,(-0.14053895114827922+0.06457790333516404j),4986.001119922028,(-0.140538951148278+0.064577903335166j),4986.001119922028
6234,6234,10.62339375,0.0072465008181439,(0.02266371563395583+0.010239213202140236j),4986.801055927149,(0.02266371563395491+0.010239213202140359j),4986.801055927149
6235,6235,10.62349375,0.0066173877923249,(-0.11090962151114542+0.15588020207408962j),4987.600991932271,(-0.11090962151114538+0.15588020207409087j),4987.6009919322705
6236,6236,10.62359375,0.0058023219381617,(0.07472719063283997-0.07531760957387468j),4988.400927937392,(0.07472719063284262-0.0753176095738732j),4988.400927937392
6237,6237,10.62369375,0.0057660092994218,(0.09748684721629608-0.0004314008395142413j),4989.200863942514,(0.09748684721629293-0.0004314008395148519j),4989.200863942514
6238,6238,10.62379375,0.0047908996113598,(0.05654968955304329-0.06547541983298535j),4990.000799947635,(0.056549689553041564-0.06547541983298388j),4990.000799947635
6239,6239,10.62389375,0.0056987215392704,(-0.12231168620896209+0.08267880694891029j),4990.800735952756,(-0.12231168620895788+0.08267880694890678j),4990.800735952756
6240,6240,10.62399375,0.005657857693341,(-0.09323943207324008-0.05125688871368193j),4991.600671957878,(-0.09323943207324104-0.051256888713685084j),4991.600671957878
6241,6241,10.62409375,0.0088788191656514,(0.17158713416559263-0.021308256017241525j),4992.400607962999,(0.1715871341655903-0.021308256017244134j),4992.400607962999
6242,6242,10.62419375,0.0085682649169707,(0.001426473525057037+0.12322518675133814j),4993.200543968121,(0.0014264735250584734+0.12322518675133486j),4993.200543968121
6243,6243,10.62429375,0.008271164242734,(0.14508098617898718+0.15024131601053944j),4994.000479973242,(0.1450809861789861+0.15024131601054108j),4994.000479973242
6244,6244,10.62439375,0.008024838983165,(0.004905908256926949+0.031095781966927083j),4994.800415978364,(0.0049059082569279586+0.031095781966926125j),4994.800415978364
6245,6245,10.62449375,0.0073225255401897,(-0.04978177396926841+0.06284578905887998j),4995.600351983485,(-0.04978177396926557+0.06284578905887787j),4995.600351983485
6246,6246,10.62459375,0.0061672929941209,(0.0391220856238705+0.006945857375905706j),4996.400287988607,(0.0391220856238714+0.0069458573759049215j),4996.400287988607
6247,6247,10.62469375,0.003699342923197,(0.024740451313557687+0.012577738227708905j),4997.200223993728,(0.024740451313556264+0.01257773822771264j),4997.200223993728
6248,6248,10.62479375,0.0029614864873693,(-0.08736545559183297+0.05228418736249302j),4998.00015999885,(-0.08736545559183342+0.05228418736249265j),4998.00015999885
6249,6249,10.62489375,0.0037215260481012,(-0.009716903613743678-0.00980087272274524j),4998.800096003971,(-0.009716903613742597-0.009800872722743142j),4998.800096003971
6250,6250,10.62499375,0.0030615303289268,(0.00032788900687390904-0.0716276651051323j),4999.6000320090925,(0.0003278890068732568-0.07162766510512904j),4999.6000320090925
6251,6251,10.62509375,0.0032814749935774,(0.0003278890068731735+0.07162766510513258j),,(0.0003278890068727086+0.07162766510512858j),-4999.6000320090925
6252,6252,10.62519375,0.0032470090513148,(-0.00971690361374395+0.00980087272274522j),,(-0.009716903613742726+0.0098008727227436j),-4998.800096003971
6253,6253,10.62529375,0.0040236284118754,(-0.08736545559183227-0.05228418736249317j),,(-0.08736545559183284-0.05228418736249263j),-4998.00015999885
6254,6254,10.62539375,0.0042976589840738,(0.024740451313557343-0.012577738227708522j),,(0.02474045131355565-0.01257773822771241j),-4997.200223993728
6255,6255,10.62549375,0.0036672595987915,(0.039122085623870415-0.006945857375905924j),,(0.03912208562387155-0.006945857375905421j),-4996.400287988607
6256,6256,10.62559375,0.0052856409333721,(-0.04978177396926865-0.06284578905887997j),,(-0.04978177396926563-0.06284578905887765j),-4995.600351983485
6257,6257,10.62569375,0.004120165252365,(0.004905908256926569-0.03109578196692742j),,(0.00490590825692803-0.031095781966926396j),-4994.800415978364
6258,6258,10.62579375,0.0042965925521809,(0.14508098617898715-0.15024131601053908j),,(0.14508098617898577-0.15024131601054047j),-4994.000479973242
6259,6259,10.62589375,0.0035075392823461,(0.0014264735250570787-0.1232251867513377j),,(0.0014264735250585844-0.12322518675133484j),-4993.200543968121
6260,6260,10.62599375,0.0053094953539118,(0.1715871341655921+0.021308256017241928j),,(0.17158713416558982+0.021308256017244467j),-4992.400607962999
6261,6261,10.62609375,0.0034099451182355,(-0.09323943207324037+0.051256888713682516j),,(-0.09323943207324074+0.05125688871368535j),-4991.600671957878
6262,6262,10.62619375,0.0030574750527092,(-0.12231168620896199-0.08267880694891086j),,(-0.12231168620895827-0.08267880694890709j),-4990.800735952756
6263,6263,10.62629375,0.0028713683115201,(0.05654968955304309+0.06547541983298531j),,(0.05654968955304153+0.06547541983298356j),-4990.000799947635
6264,6264,10.62639375,0.0031912883793745,(0.09748684721629605+0.00043140083951449804j),,(0.09748684721629247+0.0004314008395151503j),-4989.200863942514
6265,6265,10.62649375,0.0023536943563157,(0.0747271906328399+0.0753176095738748j),,(0.07472719063284251+0.07531760957387347j),-4988.400927937392
6266,6266,10.62659375,0.0018746855312155,(-0.11090962151114558-0.15588020207408937j),,(-0.11090962151114529-0.15588020207409103j),-4987.6009919322705
6267,6267,10.62669375,0.0017481281149923,(0.022663715633955705-0.010239213202140047j),,(0.022663715633955164-0.010239213202140149j),-4986.801055927149
6268,6268,10.62679375,0.003047621569907,(-0.14053895114827922-0.06457790333516403j),,(-0.14053895114827816-0.06457790333516535j),-4986.001119922028
6269,6269,10.62689375,0.00329227403314,(-0.09948022239800022+0.10568574722081076j),,(-0.09948022239800053+0.10568574722080966j),-4985.201183916906
6270,6270,10.62699375,0.0039151555128741,(0.09635617585586446+0.05779868113535241j),,(0.09635617585586241+0.057798681135353885j),-4984.401247911785
6271,6271,10.62709375,0.0042074956559311,(-0.008495242600579558+0.08744311741519183j),,(-0.008495242600578691+0.08744311741519074j),-4983.601311906664
6272,6272,10.62719375,0.0043363806500685,(0.17091332284493+0.01172638691015404j),,(0.17091332284493152+0.011726386910152j),-4982.801375901542
6273,6273,10.62729375,0.0041227867282651,(0.018106634054260006-0.05581101131247868j),,(0.01810663405425924-0.055811011312479696j),-4982.00143989642
6274,6274,10.62739375,0.0030283448322597,(0.049598885411345335+0.029803862383445092j),,(0.04959888541134792+0.029803862383447195j),-4981.201503891299
6275,6275,10.62749375,0.0010233940401687,(-0.15731098147932576+0.0007139129447243792j),,(-0.15731098147932632+0.0007139129447243792j),-4980.401567886178
6276,6276,10.62759375,0.0007189175108238,(-0.0806383591507057+0.10555198829408764j),,(-0.08063835915070197+0.10555198829408621j),-4979.601631881056
6277,6277,10.62769375,0.0038939673123304,(-0.13745871942179477+0.11848943632412057j),,(-0.1374587194217955+0.11848943632411846j),-4978.8016958759345
6278,6278,10.62779375,0.0050028513368294,(-0.01486878329962905+0.06784300153035576j),,(-0.014868783299629769+0.06784300153035491j),-4978.001759870813
6279,6279,10.62789375,0.0031436700223754,(-0.056754944591557444+0.03096734793609564j),,(-0.05675494459155864+0.030967347936091693j),-4977.201823865692
6280,6280,10.62799375,0.0038796270513483,(0.08452785626241945-0.03436253292996536j),,(0.08452785626242423-0.03436253292996419j),-4976.40188786057
6281,6281,10.62809375,0.0054182411082625,(0.08424646216829706-0.07926934032700089j),,(0.08424646216829898-0.0792693403269969j),-4975.6019518554485
6282,6282,10.62819375,0.006038160258197,(0.007815565472994722-0.02702843361351269j),,(0.007815565472996598-0.02702843361351332j),-4974.802015850328
6283,6283,10.62829375,0.0026540425170665,(-0.05877370587513997-0.12292507803963235j),,(-0.05877370587513965-0.12292507803963337j),-4974.002079845206
6284,6284,10.62839375,0.0035714141539967,(0.0479661543071865+0.02738064165894731j),,(0.04796615430718526+0.027380641658948778j),-4973.202143840084
6285,6285,10.62849375,0.0048180650545446,(-0.002959465777109725-0.1059227551346679j),,(-0.0029594657771112726-0.1059227551346658j),-4972.402207834963
6286,6286,10.62859375,0.0055623030695917,(-0.00920642211856898+0.17881886881959663j),,(-0.009206422118566995+0.17881886881959605j),-4971.602271829842
6287,6287,10.62869375,0.0051640037462671,(0.00637705381057488-0.024681366129310173j),,(0.006377053810577271-0.02468136612931148j),-4970.80233582472
6288,6288,10.62879375,0.0042228779036762,(-0.0534079101503253-0.035725786735618284j),,(-0.053407910150325276-0.03572578673561667j),-4970.002399819598
6289,6289,10.62889375,0.0055082218207092,(0.09606328842199524+0.0774601505936524j),,(0.0960632884219973+0.07746015059365101j),-4969.202463814478
6290,6290,10.62899375,0.0074558188287686,(-0.08436419807571614-0.0430368030348581j),,(-0.08436419807571434-0.0430368030348598j),-4968.402527809356
6291,6291,10.62909375,0.0070142618491077,(0.0710357580852817-0.06863369038281858j),,(0.07103575808528159-0.06863369038281036j),-4967.602591804234
6292,6292,10.62919375,0.0059744360693417,(-0.09142932403168375+0.06702367908494272j),,(-0.09142932403168288+0.06702367908493978j),-4966.8026557991125
6293,6293,10.62929375,0.0072977144143889,(0.07757970434092508+0.0251682615114688j),,(0.07757970434092581+0.025168261511465884j),-4966.002719793992
6294,6294,10.62939375,0.0080750824812412,(0.060357212806079676-0.14249046416374808j),,(0.06035721280608154-0.14249046416374736j),-4965.20278378887
6295,6295,10.62949375,0.0092745897810059,(0.10810744630381-0.0715082068400621j),,(0.10810744630380635-0.07150820684006129j),-4964.402847783748
6296,6296,10.62959375,0.006289314476325,(0.09123694591673227+0.012871093137146416j),,(0.09123694591673269+0.012871093137145956j),-4963.6029117786275
6297,6297,10.62969375,0.0058400846060198,(-0.11468848665364306-0.04376273423327852j),,(-0.11468848665364473-0.0437627342332753j),-4962.802975773506
6298,6298,10.62979375,0.0060429372115354,(-0.05319787072181061-0.004686553471584672j),,(-0.0531978707218158-0.004686553471583808j),-4962.003039768384
6299,6299,10.62989375,0.0070890702142934,(-0.15417944054609625-0.030203726772896546j),,(-0.15417944054609828-0.03020372677289581j),-4961.203103763262
6300,6300,10.62999375,0.0063386049629641,(0.09689374654578119-0.057196477791586056j),,(0.09689374654578102-0.05719647779158507j),-4960.4031677581415
6301,6301,10.63009375,0.0074870143909757,(-0.006396145814690259+0.02093733803687925j),,(-0.006396145814694084+0.0209373380368797j),-4959.60323175302
6302,6302,10.63019375,0.0075413691893785,(0.008335692656019704-0.016782664331671093j),,(0.008335692656022995-0.016782664331672435j),-4958.803295747898
6303,6303,10.63029375,0.0095018601674435,(0.029081961158607533-0.049216498377236004j),,(0.029081961158610607-0.04921649837723427j),-4958.003359742776
6304,6304,10.63039375,0.0085313242119467,(-0.07955079194048442+0.1137358199748439j),,(-0.07955079194048352+0.11373581997484383j),-4957.203423737656
6305,6305,10.63049375,0.0093848389086062,(0.008113258855005107-0.08055683741730599j),,(0.00811325885500435-0.08055683741730942j),-4956.403487732534
6306,6306,10.63059375,0.009761405312712,(0.12242980529667287+0.12811421687566563j),,(0.12242980529667025+0.1281142168756621j),-4955.603551727412
6307,6307,10.63069375,0.0081405488892122,(0.005622951452284967+0.17991601057858173j),,(0.005622951452289498+0.17991601057858045j),-4954.803615722291
6308,6308,10.63079375,0.0073437518109745,(-0.0005825473144821531-0.18137001394122823j),,(-0.0005825473144808815-0.18137001394122712j),-4954.00367971717
6309,6309,10.63089375,0.0070938810613342,(0.020846886404102427+0.00017644809573307777j),,(0.020846886404105525+0.0001764480957379955j),-4953.203743712048
6310,6310,10.63099375,0.0068243853663727,(-0.07821672556453421-0.04311376121394672j),,(-0.0782167255645337-0.04311376121394559j),-4952.403807706926
6311,6311,10.63109375,0.006707714661462,(0.0030603761447794207-0.007723522370074062j),,(0.0030603761447808-0.0077235223700762926j),-4951.6038717018055
6312,6312,10.63119375,0.0073043323396974,(-0.09988319963707831+0.055368316130607526j),,(-0.09988319963707802+0.05536831613060625j),-4950.803935696684
6313,6313,10.63129375,0.0074118889428633,(0.04557793349494576+0.1974159840148339j),,(0.045577933494946266+0.19741598401483645j),-4950.003999691562
6314,6314,10.63139375,0.0081273790698733,(-0.01253017485734238+0.13736275223917674j),,(-0.01253017485734275+0.1373627522391776j),-4949.204063686441
6315,6315,10.63149375,0.0086999522890977,(-0.1203598941161565+0.04458851618289248j),,(-0.12035989411615906+0.044588516182892585j),-4948.40412768132
6316,6316,10.63159375,0.0080660454507046,(0.07672411248856371-0.10861181132233984j),,(0.07672411248856563-0.10861181132234127j),-4947.604191676198
6317,6317,10.63169375,0.0090131427333709,(-0.08205833491951153-0.0849965874524866j),,(-0.08205833491951509-0.08499658745248395j),-4946.804255671076
6318,6318,10.63179375,0.007859640657788,(0.0019012825961538943-0.06829952038211667j),,(0.0019012825961521596-0.06829952038211796j),-4946.004319665955
6319,6319,10.63189375,0.0089042718170318,(-0.041048312646183936+0.010910908544585856j),,(-0.04104831264618641+0.01091090854458424j),-4945.204383660834
6320,6320,10.63199375,0.0064582491645913,(-0.08773273524616394+0.022113010701877395j),,(-0.08773273524616167+0.022113010701874772j),-4944.404447655712
6321,6321,10.63209375,0.0068778856768118,(-0.03597892593831111+0.012596460176980717j),,(-0.03597892593831047+0.012596460176980868j),-4943.60451165059
6322,6322,10.63219375,0.0053888277391962,(0.12136365002650956+0.04474284460227938j),,(0.12136365002651053+0.044742844602274304j),-4942.804575645469
6323,6323,10.63229375,0.006225727963387,(-0.03151957819872677-0.027745167746934668j),,(-0.03151957819872669-0.02774516774693617j),-4942.004639640348
6324,6324,10.63239375,0.0056699222923675,(0.20640098916912902+0.02178512125831776j),,(0.20640098916912755+0.021785121258318982j),-4941.204703635226
6325,6325,10.63249375,0.0060269427443618,(0.009279374164147864-0.016271935629389382j),,(0.009279374164147453-0.016271935629390583j),-4940.404767630105
6326,6326,10.63259375,0.006238033067764,(-0.13828205954411832-0.030172584989642426j),,(-0.13828205954411404-0.03017258498964156j),-4939.6048316249835
6327,6327,10.63269375,0.006155050700603,(0.0746734466527497-0.05249072664529456j),,(0.07467344665274968-0.05249072664529613j),-4938.804895619862
6328,6328,10.63279375,0.0052392128916882,(-0.15864714466429083+0.09183344276985067j),,(-0.15864714466428992+0.09183344276985339j),-4938.00495961474
6329,6329,10.63289375,0.0054347045388933,(0.10437163123264825+0.027153578138479205j),,(0.1043716312326452+0.027153578138481828j),-4937.205023609619
6330,6330,10.63299375,0.0063101445138469,(-0.20057830310321123+0.051550749178187444j),,(-0.2005783031032184+0.05155074917818746j),-4936.405087604498
6331,6331,10.63309375,0.004886838159256,(0.02916713126264684+0.038660801750933886j),,(0.029167131262647722+0.038660801750928675j),-4935.605151599376
6332,6332,10.63319375,0.0041481245833929,(0.05076854498984158-0.09084665392488195j),,(0.05076854498984184-0.09084665392487809j),-4934.805215594255
6333,6333,10.63329375,0.0057515680547958,(-0.03620594918301378-0.0014961552807081467j),,(-0.03620594918301284-0.0014961552807059783j),-4934.005279589133
6334,6334,10.63339375,0.005352429041771,(-0.0057794267548880625-0.06517837538705992j),,(-0.005779426754890779-0.06517837538706073j),-4933.205343584012
6335,6335,10.63349375,0.0047148459524248,(-0.018948158475716854-0.09231175426878635j),,(-0.018948158475716494-0.09231175426878602j),-4932.40540757889
6336,6336,10.63359375,0.0037951521306849,(-0.06934439833465689-0.10091027725103521j),,(-0.06934439833465715-0.10091027725103706j),-4931.605471573769
6337,6337,10.63369375,0.003937097823495,(0.06504213645660255+0.028035699007422286j),,(0.06504213645660352+0.028035699007428565j),-4930.805535568647
6338,6338,10.63379375,0.0029802875642651,(-0.1922618104171386-0.09185519587254094j),,(-0.1922618104171346-0.09185519587254072j),-4930.005599563526
6339,6339,10.63389375,0.0047540020804851,(-0.00720807908551644+0.08722397228316052j),,(-0.007208079085516687+0.08722397228316173j),-4929.205663558404
6340,6340,10.63399375,0.0045561959929511,(-0.043530157920856224-0.024579845824455743j),,(-0.04353015792085648-0.024579845824458695j),-4928.405727553283
6341,6341,10.63409375,0.0027255515714462,(0.03583967584886032-0.013223839742858061j),,(0.03583967584886185-0.013223839742861976j),-4927.6057915481615
6342,6342,10.63419375,0.0018203923583438,(0.06758399171451192-0.03688280487026769j),,(0.0675839917145116-0.03688280487026526j),-4926.80585554304
6343,6343,10.63429375,0.0037180879658775,(0.0806786924255026-0.08144450680623833j),,(0.08067869242549874-0.08144450680623777j),-4926.005919537919
6344,6344,10.63439375,0.003812519215486,(0.14788146739028624+0.11267663039800632j),,(0.14788146739028604+0.11267663039800477j),-4925.205983532797
6345,6345,10.63449375,0.0034092174477315,(0.01193207012265999-0.07442365124480008j),,(0.011932070122659733-0.07442365124480053j),-4924.406047527676
6346,6346,10.63459375,0.003761663751964,(0.13478258784155234+0.11180816778842424j),,(0.13478258784155062+0.11180816778842387j),-4923.606111522554
6347,6347,10.63469375,0.0039347526565651,(-0.010477632340897942-0.13121248831486645j),,(-0.010477632340896131-0.13121248831486335j),-4922.806175517433
6348,6348,10.63479375,0.0041041010189959,(0.04424210650777821+0.12765773079918405j),,(0.04424210650777746+0.12765773079918508j),-4922.006239512311
6349,6349,10.63489375,0.0028152924364103,(0.055452116209380384-0.10239405171728092j),,(0.05545211620937991-0.10239405171728234j),-4921.20630350719
6350,6350,10.63499375,0.0035884018390881,(0.007404004089637296+0.06517304286279378j),,(0.007404004089638679+0.06517304286279368j),-4920.406367502069
6351,6351,10.63509375,0.0024050299854889,(-0.057340113949372114-0.024764140854843183j),,(-0.057340113949370594-0.02476414085484278j),-4919.606431496947
6352,6352,10.63519375,0.0037373664764655,(0.0901984283126761+0.07501604753497156j),,(0.09019842831267437+0.0750160475349727j),-4918.806495491825
6353,6353,10.63529375,0.0024677002762233,(-0.093352208602239+0.10383754593245609j),,(-0.09335220860223965+0.10383754593245556j),-4918.006559486704
6354,6354,10.63539375,0.0025079100692862,(0.030070976080426783+0.21633473790061614j),,(0.030070976080430904+0.21633473790061658j),-4917.206623481583
6355,6355,10.63549375,0.0006764975464146,(0.0010377243652726176+0.012401066097056207j),,(0.0010377243652727342+0.012401066097057033j),-4916.406687476461
6356,6356,10.63559375,0.0032787819381878,(-0.028489825682462118+0.08980085423750533j),,(-0.02848982568245972+0.08980085423750443j),-4915.6067514713395
6357,6357,10.63569375,0.0027067851865184,(0.03324824003953293+0.11717696903910035j),,(0.03324824003953382+0.11717696903910535j),-4914.806815466218
6358,6358,10.63579375,0.0040673771502562,(-0.10884345494584462+0.07400454705821524j),,(-0.108843454945844+0.07400454705821496j),-4914.006879461097
6359,6359,10.63589375,0.0018352515054472,(0.06654187698331887-0.16759110165840507j),,(0.06654187698331833-0.16759110165840532j),-4913.206943455975
6360,6360,10.63599375,0.0044676898434125,(-0.10815302005850885+0.19197397290865248j),,(-0.10815302005851135+0.1919739729086512j),-4912.407007450854
6361,6361,10.63609375,0.0048333277769816,(-0.09140967414633991-0.14189746359035688j),,(-0.09140967414633969-0.14189746359035427j),-4911.607071445733
6362,6362,10.63619375,0.0053262625146493,(-0.07708046688688355+0.0959950524424924j),,(-0.07708046688688655+0.09599505244249629j),-4910.807135440611
6363,6363,10.63629375,0.0055801584994522,(0.0014049087276950326+0.10418331095579023j),,(0.001404908727692826+0.10418331095578916j),-4910.007199435489
6364,6364,10.63639375,0.0054133703121369,(-0.0014991379428572604-0.01105916914752264j),,(-0.0014991379428568674-0.011059169147524011j),-4909.207263430368
6365,6365,10.63649375,0.0054862427841855,(0.03735608962047892+0.06505309222884316j),,(0.03735608962048102+0.06505309222884641j),-4908.407327425247
6366,6366,10.63659375,0.0039294464223073,(0.04575907699763256+0.03144320178387386j),,(0.045759076997630155+0.03144320178387346j),-4907.607391420125
6367,6367,10.63669375,0.0047431149159161,(-0.08270684804465803-0.05421022726582358j),,(-0.08270684804466044-0.054210227265824015j),-4906.8074554150035
6368,6368,10.63679375,0.0030113393326383,(-0.04371034608653257-0.07974967032827068j),,(-0.04371034608653307-0.0797496703282686j),-4906.007519409883
6369,6369,10.63689375,0.0044335479746126,(-0.11604934506403541-0.10617957988664327j),,(-0.11604934506403293-0.10617957988663931j),-4905.207583404761
6370,6370,10.63699375,0.0040189170337208,(0.03613678480018323+0.030182194581497613j),,(0.03613678480018316+0.03018219458150013j),-4904.407647399639
6371,6371,10.63709375,0.0028651901022767,(0.034613025314856403+0.10821108743207186j),,(0.03461302531485576+0.10821108743206931j),-4903.6077113945175
6372,6372,10.63719375,0.0037038664912689,(-0.040490945423071634+0.06156204690827867j),,(-0.04049094542307358+0.0615620469082785j),-4902.807775389397
6373,6373,10.63729375,0.0060374791807249,(-0.04790666929028184+0.08983280261341135j),,(-0.04790666929028274+0.0898328026134114j),-4902.007839384275
6374,6374,10.63739375,0.0067821935208178,(-0.039477827684668794-0.167405945734963j),,(-0.03947782768466666-0.16740594573496118j),-4901.207903379153
6375,6375,10.63749375,0.0069982417928896,(0.10877981210496834+0.082219092975406j),,(0.10877981210496562+0.08221909297540447j),-4900.4079673740325
6376,6376,10.63759375,0.0076294690255242,(-0.061770621090454225-0.008100684340127697j),,(-0.06177062109045127-0.008100684340127512j),-4899.608031368911
6377,6377,10.63769375,0.0095391800007323,(0.015304483043137824-0.03638634783176364j),,(0.015304483043137961-0.03638634783175865j),-4898.808095363789
6378,6378,10.63779375,0.0073220228493154,(0.029203650556952118+0.01665298342059741j),,(0.02920365055695257+0.01665298342059847j),-4898.008159358667
6379,6379,10.63789375,0.0072455596609611,(0.045125568154531684-0.035801677470177845j),,(0.04512556815453371-0.03580167747017731j),-4897.208223353547
6380,6380,10.63799375,0.00850849069305,(0.10583531743758666-0.13337281817519023j),,(0.10583531743758687-0.13337281817518915j),-4896.408287348425
6381,6381,10.63809375,0.0070177841138193,(-0.08780600483272545+0.0018694110436602539j),,(-0.08780600483272757+0.0018694110436596467j),-4895.608351343303
6382,6382,10.63819375,0.0060675340681088,(0.030386206768423258-0.030388808625234107j),,(0.03038620676842479-0.030388808625233653j),-4894.8084153381815
6383,6383,10.63829375,0.0043435800796442,(-0.10338666334239195-0.0027650033591625905j),,(-0.10338666334238975-0.002765003359164908j),-4894.008479333061
6384,6384,10.63839375,0.0073829709117196,(-0.010725210359239196-0.0486773327742122j),,(-0.010725210359236239-0.04867733277421161j),-4893.208543327939
6385,6385,10.63849375,0.006819560711575,(0.06063828839571206-0.11937559874991927j),,(0.060638288395712725-0.11937559874992j),-4892.408607322817
6386,6386,10.63859375,0.0063954353036531,(0.18928870838837605+0.055221209103114j),,(0.18928870838837739+0.055221209103115704j),-4891.6086713176965
6387,6387,10.63869375,0.0063876807866616,(-0.059437576339364834+0.1662907698028503j),,(-0.059437576339362856+0.1662907698028554j),-4890.808735312575
6388,6388,10.63879375,0.0095649113102997,(0.012932309900484797-0.00993356644843903j),,(0.012932309900484433-0.009933566448441197j),-4890.008799307453
6389,6389,10.63889375,0.0106554019340621,(0.08178902015458979+0.08217429377659258j),,(0.08178902015459052+0.0821742937765929j),-4889.208863302331
6390,6390,10.63899375,0.0095171430373179,(-0.050308211864981536-0.006300748493823543j),,(-0.05030821186497668-0.006300748493823071j),-4888.4089272972105
6391,6391,10.63909375,0.0059571279452904,(0.0003620923033652995+0.081132697041594j),,(0.0003620923033683665+0.08113269704159476j),-4887.608991292089
6392,6392,10.63919375,0.0086352460888709,(-0.14751334797787763-0.03726961366981493j),,(-0.14751334797787558-0.037269613669815106j),-4886.809055286967
6393,6393,10.63929375,0.0091042957556078,(-0.09530098112318966+0.027944418030767446j),,(-0.0953009811231893+0.027944418030770097j),-4886.009119281846
6394,6394,10.63939375,0.0086561432393835,(-4.0627151371354364e-05-0.05650350548202624j),,(-4.0627151369782705e-05-0.05650350548202459j),-4885.209183276725
6395,6395,10.63949375,0.0052650901404375,(-0.07362155065145672+0.15495028396465418j),,(-0.07362155065145673+0.15495028396465538j),-4884.409247271603
6396,6396,10.63959375,0.0059440978673852,(-0.1022049463162432-0.12572251382200017j),,(-0.1022049463162401-0.1257225138219984j),-4883.609311266481
6397,6397,10.63969375,0.0074794225055643,(-0.05397927240246875-0.0664169555656189j),,(-0.05397927240246612-0.06641695556561987j),-4882.80937526136
6398,6398,10.63979375,0.0081970537410358,(0.12728202280885534-0.07244901084765619j),,(0.12728202280885162-0.07244901084765559j),-4882.009439256239
6399,6399,10.63989375,0.0061180829417817,(-0.008049832991669151+0.014256489755302719j),,(-0.008049832991670803+0.014256489755304655j),-4881.209503251117
6400,6400,10.63999375,0.0070130841935026,(0.17682232801121686+0.018052603020635584j),,(0.17682232801121675+0.018052603020635154j),-4880.409567245995
6401,6401,10.64009375,0.0093386700833848,(-0.023704047595400145+0.18561406451591148j),,(-0.0237040475954056+0.18561406451590948j),-4879.6096312408745
6402,6402,10.64019375,0.0107351639703097,(0.06100147758687781+0.03159014766124663j),,(0.06100147758687671+0.031590147661246716j),-4878.809695235753
6403,6403,10.64029375,0.0094302218627147,(-0.022024615206169693-0.07604352589550338j),,(-0.022024615206172972-0.0760435258955021j),-4878.009759230631
6404,6404,10.64039375,0.0074630309373538,(0.0013977154031958178-0.016459085728874685j),,(0.0013977154031918609-0.01645908572887345j),-4877.20982322551
6405,6405,10.64049375,0.0075178825522293,(-0.1292072648352202+0.004060750948844401j),,(-0.1292072648352186+0.004060750948843998j),-4876.409887220389
6406,6406,10.64059375,0.0071357291456997,(-0.13927007652151296+0.0707585785512799j),,(-0.13927007652151502+0.07075857855128263j),-4875.609951215267
6407,6407,10.64069375,0.0048828513948246,(0.020073160526130812-0.13728485693006634j),,(0.02007316052613066-0.13728485693006767j),-4874.810015210145
6408,6408,10.64079375,0.0052190934833749,(0.09777894854322405+0.17072335960152527j),,(0.09777894854322129+0.17072335960152352j),-4874.010079205024
6409,6409,10.64089375,0.005375127403852,(-0.09799792467498691+0.11627238009375103j),,(-0.09799792467498783+0.11627238009375114j),-4873.210143199903
6410,6410,10.64099375,0.0051065208277989,(0.042301009834746266-0.06310059681841611j),,(0.042301009834746627-0.06310059681841304j),-4872.410207194781
6411,6411,10.64109375,0.0059165436560807,(0.12054112372117357+0.15077864571811928j),,(0.12054112372117354+0.1507786457181211j),-4871.61027118966
6412,6412,10.64119375,0.0048109361728476,(-0.10773801713047637+0.08113084131462082j),,(-0.10773801713047686+0.08113084131461962j),-4870.810335184538
6413,6413,10.64129375,0.0065204505733883,(-0.08225882356925501-0.1260636502069928j),,(-0.0822588235692529-0.12606365020698918j),-4870.010399179417
6414,6414,10.64139375,0.0066080806079148,(-0.02082048388133744-0.020235837229831563j),,(-0.02082048388133974-0.020235837229829735j),-4869.210463174295
6415,6415,10.64149375,0.0062425593876116,(0.0038606822946721953-0.04857555875282062j),,(0.0038606822946747367-0.04857555875281767j),-4868.410527169174
6416,6416,10.64159375,0.0047564261754874,(-0.03929949298489277-0.12913968443590243j),,(-0.03929949298489663-0.12913968443590418j),-4867.6105911640525
6417,6417,10.64169375,0.0042404240400461,(0.12162714548719145+0.07422095739632081j),,(0.12162714548719329+0.07422095739632055j),-4866.810655158931
6418,6418,10.64179375,0.0050779482579687,(-0.045246352025773776+0.1983783628720301j),,(-0.04524635202576921+0.1983783628720266j),-4866.010719153809
6419,6419,10.64189375,0.0042120141114094,(-0.0542837660573868+0.05064323528035775j),,(-0.05428376605738112+0.05064323528035945j),-4865.210783148688
6420,6420,10.64199375,0.0016403949631431,(0.07210290989450045-0.04935791595221982j),,(0.07210290989450059-0.049357915952220645j),-4864.410847143567
6421,6421,10.64209375,0.0040629955451628,(-0.009134121998767742-0.06735069219104904j),,(-0.009134121998766911-0.0673506921910463j),-4863.610911138445
6422,6422,10.64219375,0.0020054370746593,(0.12122625214737122-0.030487540983231847j),,(0.12122625214737225-0.03048754098323119j),-4862.810975133324
6423,6423,10.64229375,0.0040341734332903,(-0.09636874934313944+0.059497318292432586j),,(-0.09636874934313913+0.05949731829243386j),-4862.011039128202
6424,6424,10.64239375,0.0039323854981665,(-0.1072517143185641-0.01204842396892214j),,(-0.10725171431856412-0.012048423968923028j),-4861.211103123081
6425,6425,10.64249375,0.0045816218401711,(-0.0732735143389439-0.14810893621894536j),,(-0.07327351433894254-0.14810893621894325j),-4860.411167117959
6426,6426,10.64259375,0.0037827718150626,(0.04496512973225673-0.010867934960012307j),,(0.044965129732256165-0.010867934960012714j),-4859.611231112838
6427,6427,10.64269375,0.0036278278381032,(-0.12094342119584534-0.017306948757389667j),,(-0.1209434211958419-0.017306948757386052j),-4858.811295107716
6428,6428,10.64279375,0.0039083860086229,(-0.05270875479188988+0.06663301884675069j),,(-0.05270875479188464+0.06663301884674847j),-4858.011359102595
6429,6429,10.64289375,0.0038090050041229,(-0.06973602370165345-0.08530545654777211j),,(-0.06973602370165358-0.08530545654777111j),-4857.211423097474
6430,6430,10.64299375,0.0017718754992308,(0.05191646435406848-0.016849200410274025j),,(0.051916464354070754-0.016849200410272294j),-4856.411487092352
6431,6431,10.64309375,0.0017894387222728,(0.034157700195466295+0.02888936684028382j),,(0.03415770019546569+0.02888936684028258j),-4855.6115510872305
6432,6432,10.64319375,0.000964794856918,(0.06190694034654179-0.02596638064507221j),,(0.06190694034654121-0.025966380645072847j),-4854.811615082109
6433,6433,10.64329375,0.0029785412587312,(-0.07551954371794022-0.05071030312619724j),,(-0.07551954371794294-0.0507103031261982j),-4854.011679076988
6434,6434,10.64339375,0.0008208207576794,(0.014952705354507214-0.0037180434780991886j),,(0.014952705354509266-0.003718043478099484j),-4853.211743071866
6435,6435,10.64349375,0.0025678079192364,(-0.05626350527734381-0.15149052849670192j),,(-0.05626350527734042-0.15149052849670125j),-4852.411807066745
6436,6436,10.64359375,0.0035007034851324,(0.08114657129585343-0.004305219318668655j),,(0.08114657129585165-0.00430521931867036j),-4851.611871061624
6437,6437,10.64369375,0.0052795298420563,(0.04490021222662449-0.012191859984745637j),,(0.04490021222661978-0.01219185998474808j),-4850.811935056502
6438,6438,10.64379375,0.0039628992795659,(-0.004061653597855616+0.020879022529872015j),,(-0.004061653597858756+0.020879022529868695j),-4850.01199905138
6439,6439,10.64389375,0.003177745615178,(-0.13925700092958504+0.009589331577571619j),,(-0.13925700092958687+0.009589331577568545j),-4849.212063046259
6440,6440,10.64399375,0.0023311780756431,(-0.05515813431989298-0.11031513112837991j),,(-0.05515813431989733-0.11031513112838376j),-4848.412127041138
6441,6441,10.64409375,0.0041539714684507,(-0.014821210644024009+0.030277635892390287j),,(-0.014821210644024314+0.030277635892391006j),-4847.612191036016
6442,6442,10.64419375,0.0023436871246375,(0.09908040221336294+0.0026773216360794633j),,(0.09908040221336048+0.0026773216360802127j),-4846.812255030894
6443,6443,10.64429375,0.0049703349082074,(0.15096127329311462+0.08500292594699191j),,(0.15096127329311287+0.08500292594699246j),-4846.012319025773
6444,6444,10.64439375,0.0023937276726057,(-0.03823399591333398+0.14935747555371032j),,(-0.03823399591333432+0.1493574755537076j),-4845.212383020652
6445,6445,10.64449375,0.0043555039742987,(-0.07566924279597755-0.03600363209842489j),,(-0.07566924279597619-0.03600363209842454j),-4844.41244701553
6446,6446,10.64459375,0.0038337573252691,(0.060674589045069206-0.06728136006660877j),,(0.060674589045068235-0.06728136006661055j),-4843.6125110104085
6447,6447,10.64469375,0.0036901722572199,(-0.07742496286031544+0.005942871067936076j),,(-0.07742496286031829+0.00594287106793772j),-4842.812575005288
6448,6448,10.64479375,0.0031814776690187,(0.03533791682482574+0.009792144851511135j),,(0.03533791682482296+0.009792144851514358j),-4842.012639000166
6449,6449,10.64489375,0.0050312463830962,(-0.047135129787791094+0.09569145630599972j),,(-0.047135129787792766+0.09569145630599694j),-4841.212702995044
6450,6450,10.64499375,0.0053069075313827,(0.012100792209477445-0.072900570831092j),,(0.012100792209480385-0.07290057083109025j),-4840.412766989923
6451,6451,10.64509375,0.0057541511073465,(0.10864842654463738-0.008358097619548826j),,(0.10864842654463226-0.00835809761955283j),-4839.612830984802
6452,6452,10.64519375,0.0046593459426284,(0.03416533578098297+0.10514113395683035j),,(0.03416533578098154+0.10514113395682996j),-4838.81289497968
6453,6453,10.64529375,0.0055947523987489,(-0.06689274268889228+0.21675161788226324j),,(-0.06689274268889275+0.2167516178822666j),-4838.012958974558
6454,6454,10.64539375,0.006919968391491,(-0.034393166587264955+0.0559835595397018j),,(-0.034393166587263165+0.0559835595397048j),-4837.213022969438
6455,6455,10.64549375,0.0060185876146392,(-0.12474092677976616+0.03401884523701318j),,(-0.124740926779766+0.03401884523701694j),-4836.413086964316
6456,6456,10.64559375,0.0057108419272076,(0.0653935353252387-0.0940720909290558j),,(0.06539353532523778-0.0940720909290553j),-4835.613150959194
6457,6457,10.64569375,0.0053098756613941,(0.003922033716337899+0.03526719393182192j),,(0.003922033716339115+0.035267193931823176j),-4834.8132149540725
6458,6458,10.64579375,0.0060285708625168,(-0.03038577428654983-0.010047181465982932j),,(-0.03038577428655225-0.010047181465984873j),-4834.013278948952
6459,6459,10.64589375,0.0055864850977158,(-0.014721387388548043+0.030641676489959704j),,(-0.014721387388547882+0.030641676489957533j),-4833.21334294383
6460,6460,10.64599375,0.0056309106149995,(-0.05043902578423716-0.029234401864534888j),,(-0.05043902578423794-0.029234401864536536j),-4832.413406938708
6461,6461,10.64609375,0.0059031940021993,(-0.038908730660831045-0.024061842975021175j),,(-0.03890873066083263-0.02406184297502237j),-4831.6134709335865
6462,6462,10.64619375,0.0072172272393099,(-0.012231985479602437+0.009299410832177009j),,(-0.01223198547960013+0.009299410832174053j),-4830.813534928466
6463,6463,10.64629375,0.0074326818941186,(0.06079480138872672+0.0007583843647108665j),,(0.06079480138872539+0.0007583843647100859j),-4830.013598923344
6464,6464,10.64639375,0.0092382854440664,(-0.039800336911451864-0.007923344510394444j),,(-0.03980033691145316-0.00792334451039365j),-4829.213662918222
6465,6465,10.64649375,0.0088510347968253,(-0.01516677364581012+0.019210420241289924j),,(-0.01516677364581124+0.019210420241287975j),-4828.4137269131015
6466,6466,10.64659375,0.0085065719826556,(-0.13976245019886435+0.10839350898542814j),,(-0.13976245019886127+0.10839350898542843j),-4827.61379090798
6467,6467,10.64669375,0.0077068210287311,(-0.13192464903699344+0.0037867948229418024j),,(-0.13192464903699108+0.0037867948229433675j),-4826.813854902858
6468,6468,10.64679375,0.0077541422182776,(-0.06754873524364276-0.12498734481996537j),,(-0.06754873524363947-0.12498734481996475j),-4826.013918897736
6469,6469,10.64689375,0.0068852850393921,(0.06590885627823923-0.12296410178763127j),,(0.06590885627823947-0.1229641017876272j),-4825.213982892616
6470,6470,10.64699375,0.006589088297414,(0.032023794506988244-0.021282196759283424j),,(0.03202379450698912-0.021282196759284923j),-4824.414046887494
6471,6471,10.64709375,0.0061286599282629,(-0.011788642967027241-0.04487235542363685j),,(-0.011788642967025677-0.04487235542363622j),-4823.614110882372
6472,6472,10.64719375,0.0063219310246454,(0.023653752002297915-0.0687585416822684j),,(0.023653752002297856-0.06875854168226646j),-4822.814174877251
6473,6473,10.64729375,0.0058564229153872,(0.021607628024046362-0.009365971466655739j),,(0.021607628024046192-0.009365971466655729j),-4822.01423887213
6474,6474,10.64739375,0.0078200583823628,(-0.031548999623780424-0.00042864545767416426j),,(-0.03154899962378055-0.00042864545767578276j),-4821.214302867008
6475,6475,10.64749375,0.0077954681351457,(0.016169434619071606-0.03008321190437771j),,(0.016169434619074434-0.030083211904375424j),-4820.414366861886
6476,6476,10.64759375,0.0087252646937913,(0.03842390120073366+0.019984986510052222j),,(0.038423901200736306+0.019984986510052666j),-4819.6144308567655
6477,6477,10.64769375,0.0083970689045455,(0.06262738496003244+0.01838216465653284j),,(0.06262738496002991+0.018382164656534992j),-4818.814494851644
6478,6478,10.64779375,0.0091527964869728,(0.009609502566856021-0.034428895310455385j),,(0.009609502566854618-0.03442889531045564j),-4818.014558846522
6479,6479,10.64789375,0.0082290570768069,(0.013722142846663694-0.013113362852028547j),,(0.013722142846665855-0.013113362852032344j),-4817.2146228414
6480,6480,10.64799375,0.0072755618091184,(-0.030157553784103723-0.04096583106897861j),,(-0.030157553784102172-0.04096583106897779j),-4816.4146868362795
6481,6481,10.64809375,0.0068748494267165,(0.02463047734498268-0.01054458804260847j),,(0.0246304773449854-0.010544588042612813j),-4815.614750831158
6482,6482,10.64819375,0.0079825056741376,(-0.025135219953096498-0.05194136420896405j),,(-0.025135219953098836-0.051941364208963135j),-4814.814814826036
6483,6483,10.64829375,0.0062694375709888,(0.018969818292527686+0.03556865908925503j),,(0.018969818292527266+0.035568659089256924j),-4814.014878820915
6484,6484,10.64839375,0.0069008814023071,(0.02841405002060632+0.06218880990913042j),,(0.028414050020609236+0.062188809909131476j),-4813.214942815794
6485,6485,10.64849375,0.0068400075126427,(0.03889127213940166-0.025435415308508055j),,(0.03889127213940444-0.025435415308508142j),-4812.415006810672
6486,6486,10.64859375,0.0092020108355413,(-0.013445023452790923+0.10628092605877143j),,(-0.013445023452790486+0.10628092605877282j),-4811.61507080555
6487,6487,10.64869375,0.0095886626312153,(-0.008325488940487607-0.030763130580689555j),,(-0.008325488940485586-0.030763130580690287j),-4810.815134800429
6488,6488,10.64879375,0.0077373348332032,(-0.07923214148059693-0.02775580391192506j),,(-0.07923214148060162-0.02775580391192227j),-4810.015198795308
6489,6489,10.64889375,0.0068707795572294,(2.377505219874898e-05-0.07761804090291333j),,(2.377505220087922e-05-0.07761804090290955j),-4809.215262790186
6490,6490,10.64899375,0.0077588456607058,(0.046674693404103546+0.09662700110215622j),,(0.04667469340410601+0.09662700110215919j),-4808.415326785065
6491,6491,10.64909375,0.0076797092112606,(-0.04015466776656472-0.008911246528279557j),,(-0.040154667766561854-0.008911246528283803j),-4807.6153907799435
6492,6492,10.64919375,0.0058503953996475,(0.0370005931763908+0.005404474236213148j),,(0.03700059317638971+0.005404474236213939j),-4806.815454774822
6493,6493,10.64929375,0.0042840876111594,(-0.0871867109452449-0.08336058368612102j),,(-0.08718671094524454-0.08336058368611965j),-4806.0155187697
6494,6494,10.64939375,0.0065675804726379,(0.020494364181873958+0.018783297343930503j),,(0.020494364181873913+0.018783297343929452j),-4805.215582764579
6495,6495,10.64949375,0.0062723046735392,(-0.05969836262173393-0.058985289267290894j),,(-0.05969836262172927-0.05898528926729224j),-4804.415646759458
6496,6496,10.64959375,0.0042776266728795,(-0.05645411188331388-0.013934640009603752j),,(-0.05645411188331493-0.013934640009603939j),-4803.615710754336
6497,6497,10.64969375,0.0053494405663928,(-0.01957469050193823-0.0828954632417194j),,(-0.0195746905019355-0.0828954632417174j),-4802.815774749214
6498,6498,10.64979375,0.0061835446638583,(-0.025755602901909282-0.051478086823069306j),,(-0.02575560290190784-0.05147808682306761j),-4802.015838744093
6499,6499,10.64989375,0.0064487125247086,(-0.01209484662932099+0.023574599374255982j),,(-0.012094846629320312+0.023574599374252762j),-4801.215902738972
6500,6500,10.64999375,0.0053994678679988,(0.04583259601567433-0.0312523167885197j),,(0.04583259601567645-0.03125231678851671j),-4800.41596673385
6501,6501,10.65009375,0.0041713288548171,(0.014830874274191944+0.005272566007052924j),,(0.014830874274191927+0.005272566007049886j),-4799.616030728729
6502,6502,10.65019375,0.0046977159196941,(0.025884621828264984+0.05769621943922395j),,(0.02588462182826585+0.05769621943922473j),-4798.816094723607
6503,6503,10.65029375,0.0025915663617073,(-0.05407819572741934+0.019044400794855112j),,(-0.05407819572741666+0.0190444007948474j),-4798.016158718486
6504,6504,10.65039375,0.0019521916725299,(0.04044833567797231-0.0016984767241489708j),,(0.04044833567797243-0.0016984767241486412j),-4797.216222713364
6505,6505,10.65049375,0.0033310520977051,(-0.04552604032400266+0.06489618425472857j),,(-0.04552604032399997+0.06489618425473163j),-4796.416286708243
6506,6506,10.65059375,0.0036050637970999,(-0.021204563371069463-0.08981032779037432j),,(-0.021204563371063745-0.08981032779037597j),-4795.6163507031215
6507,6507,10.65069375,0.0045256522846894,(-0.06372049078299866-0.1228013873953217j),,(-0.06372049078299809-0.12280138739532091j),-4794.816414698
6508,6508,10.650793749999998,0.0034238372047884,(-0.007150500376595115-0.058209080553611535j),,(-0.007150500376594355-0.05820908055361492j),-4794.016478692879
6509,6509,10.65089375,0.00486990051566,(-0.05532231088540827-0.025313187775523514j),,(-0.05532231088540434-0.025313187775525353j),-4793.216542687757
6510,6510,10.65099375,0.0041633761234949,(-0.07836677330757844-0.013710143386919654j),,(-0.07836677330757803-0.013710143386917537j),-4792.416606682636
6511,6511,10.65109375,0.0037121140557057,(0.042160734382544446+0.05941743399455818j),,(0.04216073438254925+0.05941743399456229j),-4791.616670677514
6512,6512,10.65119375,0.0031152048023241,(-0.051023219287713056+0.0048116623651521875j),,(-0.0510232192877148+0.004811662365151292j),-4790.816734672393
6513,6513,10.65129375,0.0024640850943267,(0.053387562606170766-0.013586158632130613j),,(0.053387562606170974-0.013586158632129915j),-4790.016798667271
6514,6514,10.65139375,0.0030386119434299,(0.09108242618510745-0.0984149682004314j),,(0.09108242618510354-0.09841496820043245j),-4789.21686266215
6515,6515,10.651493749999998,0.0028106283075748,(0.20318617019308227-0.025194047557851484j),,(0.2031861701930835-0.025194047557850166j),-4788.416926657029
6516,6516,10.651593749999998,0.0012471681229245,(0.07145523494889801+0.02087759458079591j),,(0.07145523494890002+0.020877594580794384j),-4787.616990651907
6517,6517,10.65169375,0.000817858893314,(-0.05259529427749538+0.02819812429662193j),,(-0.05259529427749137+0.028198124296624074j),-4786.817054646785
6518,6518,10.65179375,0.0044142637123018,(-0.11138159261598717-0.05597910901840399j),,(-0.11138159261599187-0.05597910901840746j),-4786.017118641664
6519,6519,10.65189375,0.0042623417378054,(-0.019813953556230092-0.07857680502269676j),,(-0.019813953556231587-0.07857680502269657j),-4785.217182636543
6520,6520,10.65199375,0.0029169148257725,(0.0588559509882501+0.11206728130634708j),,(0.05885595098825089+0.1120672813063452j),-4784.417246631421
6521,6521,10.65209375,-0.0004340201151441,(-0.06562388550862705-0.049121477121763894j),,(-0.06562388550862827-0.04912147712176583j),-4783.6173106262995
6522,6522,10.65219375,0.0036224982222158,(2.3505747007195738e-05+0.059867730517860276j),,(2.350574701094621e-05+0.05986773051786051j),-4782.817374621178
6523,6523,10.652293749999998,0.0040635243131955,(0.015621227681222791+0.04302875238696595j),,(0.015621227681220599+0.04302875238696686j),-4782.017438616057
6524,6524,10.65239375,0.0045683164717282,(-0.036532397523857965-0.02470783243912899j),,(-0.03653239752385588-0.024707832439127844j),-4781.217502610935
6525,6525,10.65249375,0.0017732714184696,(-0.06285359130153409-2.9929324488430636e-05j),,(-0.06285359130153503-2.9929324489127995e-05j),-4780.417566605814
6526,6526,10.65259375,0.0048683734450948,(0.10980193327668201+0.08779306671697105j),,(0.10980193327668195+0.08779306671697477j),-4779.617630600693
6527,6527,10.65269375,0.0047867334643997,(-0.012241276571918997-0.009300752657850025j),,(-0.012241276571916733-0.009300752657847586j),-4778.817694595571
6528,6528,10.65279375,0.0062512025896043,(0.04043942133916166+0.15576140012879638j),,(0.040439421339164366+0.15576140012879705j),-4778.017758590449
6529,6529,10.65289375,0.0028349825155614,(0.005053933377600713-0.06455997980268612j),,(0.005053933377600997-0.06455997980268546j),-4777.217822585328
6530,6530,10.652993749999998,0.0045003895727757,(-0.046116007988974986-0.08456882781268935j),,(-0.04611600798897243-0.08456882781268703j),-4776.417886580207
6531,6531,10.653093749999998,0.0036237872876029,(0.06736384007611024-0.12103298034041801j),,(0.06736384007611038-0.12103298034041712j),-4775.617950575085
6532,6532,10.65319375,0.0019886144410539,(0.017746399659466238+0.0017575322746413002j),,(0.017746399659468528+0.00175753227464021j),-4774.818014569963
6533,6533,10.65329375,0.0021756925482465,(-0.038644391803500655-0.03540174182952409j),,(-0.03864439180349989-0.03540174182952081j),-4774.018078564843
6534,6534,10.65339375,0.0041653581300388,(0.06441258883634815-0.040149416710267206j),,(0.06441258883634708-0.040149416710266j),-4773.218142559721
6535,6535,10.65349375,0.005448575285448,(-0.02528472094516557+0.0202335727067307j),,(-0.025284720945168468+0.020233572706731238j),-4772.418206554599
6536,6536,10.65359375,0.0041617230474575,(0.0869202552214216+0.02521193691919633j),,(0.08692025522142069+0.025211936919196133j),-4771.6182705494775
6537,6537,10.65369375,0.0064238753667793,(-0.05444934409534481+0.013105733220624746j),,(-0.05444934409534337+0.013105733220623243j),-4770.818334544357
6538,6538,10.653793749999998,0.0078742415993341,(-0.005924974776118308+0.059980295764720276j),,(-0.0059249747761225165+0.05998029576471821j),-4770.018398539235
6539,6539,10.65389375,0.0065486528017174,(-0.04394736370615839+0.04008968320633987j),,(-0.04394736370616267+0.04008968320633667j),-4769.218462534113
6540,6540,10.65399375,0.0046824412609146,(0.07357310585114474-0.06637976435561603j),,(0.07357310585114571-0.06637976435561571j),-4768.418526528992
6541,6541,10.65409375,0.0073109670157,(-0.0747054623296917+0.04555056992550302j),,(-0.07470546232968818+0.045550569925504936j),-4767.618590523871
6542,6542,10.65419375,0.0068392320509103,(0.0400628724342046-0.08427830387243983j),,(0.040062872434202215-0.08427830387243844j),-4766.818654518749
6543,6543,10.65429375,0.0073082908687953,(-0.07044865762382643+0.0031861473091239732j),,(-0.07044865762382754+0.003186147309123949j),-4766.018718513627
6544,6544,10.65439375,0.0042160426243096,(0.015344690727078641-0.02224378531750704j),,(0.015344690727080581-0.022243785317508608j),-4765.218782508507
6545,6545,10.65449375,0.0058594119083663,(0.09838774719430818+0.021826596071124034j),,(0.09838774719430686+0.021826596071122847j),-4764.418846503385
6546,6546,10.654593749999998,0.005827657381417,(-0.060823114883236044+0.030291931826034492j),,(-0.06082311488323588+0.030291931826034055j),-4763.618910498263
6547,6547,10.65469375,0.0054376620921094,(0.02050783372671032+0.0349441953752196j),,(0.020507833726714587+0.034944195375216064j),-4762.8189744931415
6548,6548,10.65479375,0.006758915629139,(-0.015400927327685176-0.024356894036148356j),,(-0.015400927327683998-0.02435689403614829j),-4762.019038488021
6549,6549,10.65489375,0.0069675719140899,(-0.009861434462592654+0.014437897515433623j),,(-0.009861434462592274+0.014437897515439118j),-4761.219102482899
6550,6550,10.65499375,0.0084987401458672,(-0.01565877472025704+0.025750099632247753j),,(-0.015658774720254603+0.025750099632248644j),-4760.419166477777
6551,6551,10.65509375,0.0082176199300145,(0.011703034103890488+0.03487835948486865j),,(0.011703034103892592+0.03487835948486963j),-4759.619230472656
6552,6552,10.65519375,0.008987370027832,(-0.09203302083997109-0.08179706939464927j),,(-0.09203302083997336-0.08179706939464888j),-4758.819294467535
6553,6553,10.655293749999998,0.0089341808469903,(0.003060161099493616+0.008285578745932151j),,(0.0030601610994935476+0.008285578745931938j),-4758.019358462413
6554,6554,10.655393749999998,0.0080564853291675,(-0.03449494541312552-0.06231846181649596j),,(-0.034494945413123194-0.062318461816495675j),-4757.219422457291
6555,6555,10.65549375,0.0077078237923587,(8.912272620375389e-05+0.065852262019457j),,(8.912272620201223e-05+0.06585226201945893j),-4756.4194864521705
6556,6556,10.65559375,0.0070575220386507,(0.023997286414264594+0.006046909807402362j),,(0.023997286414263026+0.006046909807402625j),-4755.619550447049
6557,6557,10.65569375,0.0064760720707855,(-0.04132801189584741+0.0006784623342585491j),,(-0.041328011895849774+0.0006784623342616682j),-4754.819614441927
6558,6558,10.65579375,0.0062430772693336,(0.07538196863889877+0.031919140707147756j),,(0.0753819686388986+0.031919140707150045j),-4754.019678436805
6559,6559,10.65589375,0.0058299614826884,(-0.06553565281033817-0.008321854128677891j),,(-0.06553565281034208-0.00832185412867448j),-4753.219742431685
6560,6560,10.65599375,0.0077726345701965,(0.011656226629895107-0.03988244180315907j),,(0.011656226629895598-0.03988244180315973j),-4752.419806426563
6561,6561,10.656093749999998,0.0088124539620436,(0.004989166717136041+0.019461850183318884j),,(0.0049891667171381125+0.0194618501833211j),-4751.619870421441
6562,6562,10.65619375,0.0088328096423575,(-0.05567641533788514-0.025188780859508465j),,(-0.05567641533788763-0.02518878085951148j),-4750.81993441632
6563,6563,10.65629375,0.0089346267840713,(-0.003341492943588242-0.072635460743687j),,(-0.0033414929435849824-0.07263546074368553j),-4750.019998411199
6564,6564,10.65639375,0.0093254637404066,(0.08449989722992586-0.0698935279481458j),,(0.08449989722992646-0.06989352794814856j),-4749.220062406077
6565,6565,10.65649375,0.0096597568997326,(0.02774091108535881+0.05358900960691959j),,(0.027740911085356423+0.05358900960691967j),-4748.420126400955
6566,6566,10.65659375,0.0087251504374959,(-0.06584740408020939-0.036897102938891924j),,(-0.06584740408020802-0.03689710293888873j),-4747.6201903958345
6567,6567,10.65669375,0.0077924535462738,(0.027667551289939637+0.019492852246674137j),,(0.02766755128994001+0.01949285224667678j),-4746.820254390713
6568,6568,10.65679375,0.0077398757715506,(-0.08214640659954725+0.01234024697644931j),,(-0.08214640659954556+0.01234024697644983j),-4746.020318385591
6569,6569,10.656893749999998,0.0080322441098717,(-0.031567914025196514-0.05324737530174964j),,(-0.031567914025196764-0.05324737530174785j),-4745.22038238047
6570,6570,10.65699375,0.0072442585322192,(0.06745203736382767-0.028381370261717727j),,(0.0674520373638246-0.02838137026171822j),-4744.420446375349
6571,6571,10.65709375,0.0068237474680088,(0.008620089489466746-0.01591313029593255j),,(0.008620089489468293-0.015913130295933914j),-4743.620510370227
6572,6572,10.65719375,0.0075369615155514,(-0.03602806116296529-0.07472732324535215j),,(-0.03602806116296233-0.07472732324534735j),-4742.820574365105
6573,6573,10.65729375,0.0083797703692103,(0.0828009253668616-0.11992172412324212j),,(0.08280092536685968-0.11992172412324484j),-4742.020638359984
6574,6574,10.65739375,0.0077263341958596,(0.006331563124130822+0.03913535544374535j),,(0.00633156312413157+0.03913535544374858j),-4741.220702354863
6575,6575,10.65749375,0.0060683588253869,(0.011533153220072584-0.037802261212475104j),,(0.011533153220074716-0.0378022612124787j),-4740.420766349741
6576,6576,10.657593749999998,0.0073750028561973,(0.013444912385206703-0.08448082782208j),,(0.013444912385205787-0.08448082782207876j),-4739.62083034462
6577,6577,10.65769375,0.0072085096926146,(0.007947313320678571+0.06660825853827923j),,(0.007947313320679498+0.06660825853827884j),-4738.820894339498
6578,6578,10.65779375,0.0068897683687218,(-0.05070652280352435-0.009440222472115229j),,(-0.05070652280352959-0.009440222472114977j),-4738.020958334377
6579,6579,10.65789375,0.0053932419241093,(-0.028504659816254108+0.009767298747527919j),,(-0.028504659816252484+0.00976729874752996j),-4737.221022329255
6580,6580,10.65799375,0.0053499847883801,(0.04869225045331013-0.08888018696795155j),,(0.04869225045331029-0.08888018696795215j),-4736.421086324134
6581,6581,10.65809375,0.0071351007529117,(0.0934270808899853-0.06817227831209433j),,(0.09342708088998664-0.06817227831209532j),-4735.6211503190125
6582,6582,10.65819375,0.0055374753813232,(0.150130670007478+0.009789481142872054j),,(0.1501306700074782+0.009789481142868317j),-4734.821214313891
6583,6583,10.65829375,0.0049065980514294,(0.009271569451750662+0.11311674135540159j),,(0.009271569451752368+0.11311674135540348j),-4734.021278308769
6584,6584,10.658393749999998,0.0029007828563377,(0.030289917021721832-0.05611284493478981j),,(0.03028991702171706-0.05611284493478781j),-4733.221342303648
6585,6585,10.65849375,0.0043198881806808,(0.06507740264283741-0.009321315642163097j),,(0.06507740264283983-0.009321315642163992j),-4732.421406298527
6586,6586,10.65859375,0.0048895156604104,(0.03885730219887684+0.08262060743206405j),,(0.038857302198873386+0.08262060743206442j),-4731.621470293405
6587,6587,10.65869375,0.0031946966256129,(-0.0057870958100811835+0.0009891610715232033j),,(-0.005787095810085284+0.0009891610715183443j),-4730.821534288284
6588,6588,10.65879375,0.0022360292032973,(0.08365161563407582+0.08783934111842678j),,(0.08365161563407542+0.08783934111842726j),-4730.021598283162
6589,6589,10.65889375,0.0025887584424804,(-0.022992787050949717-0.010288797221609558j),,(-0.02299278705095006-0.0102887972216128j),-4729.221662278041
6590,6590,10.65899375,0.0040348688038133,(0.010527824527156438+0.0390579835215486j),,(0.01052782452715546+0.039057983521549454j),-4728.421726272919
6591,6591,10.659093749999998,0.0048820148672528,(-0.023053515690237395+0.06805675905413339j),,(-0.023053515690236483+0.06805675905413452j),-4727.621790267798
6592,6592,10.659193749999998,0.0025037972043815,(-0.034521882337493634+0.03225542313060434j),,(-0.03452188233749622+0.03225542313060633j),-4726.821854262676
6593,6593,10.65929375,0.0032197150423296,(0.007286857898839871+0.1018744217568797j),,(0.007286857898840475+0.10187442175688077j),-4726.021918257555
6594,6594,10.65939375,0.0035169040563294,(-0.13358139842929528-0.00936667908176033j),,(-0.13358139842929168-0.009366679081763918j),-4725.221982252434
6595,6595,10.65949375,0.0055372834714071,(-0.002950370232343638-0.07959476085523359j),,(-0.0029503702323463304-0.07959476085523187j),-4724.422046247312
6596,6596,10.65959375,0.0024752856808082,(-0.01050560762490882+0.06278952059064126j),,(-0.010505607624906339+0.06278952059064327j),-4723.6221102421905
6597,6597,10.65969375,0.0009873811738953,(-0.05132500200515844-0.04080337441508094j),,(-0.05132500200515231-0.04080337441507943j),-4722.822174237069
6598,6598,10.65979375,0.0024194892297896,(-0.04294480194278586-0.052055446709758556j),,(-0.042944801942785084-0.05205544670975938j),-4722.022238231948
6599,6599,10.659893749999998,0.0028334137664566,(0.063553449422479-0.019364632749777157j),,(0.0635534494224776-0.01936463274977903j),-4721.222302226826
6600,6600,10.65999375,0.0017293073129511,(-0.05178874406539724+0.03619830769137664j),,(-0.05178874406539722+0.036198307691378905j),-4720.422366221705
6601,6601,10.66009375,0.0007288403838362,(-0.0362583432920401-0.11881593042336822j),,(-0.036258343292038725-0.11881593042336476j),-4719.622430216583
6602,6602,10.66019375,0.0018148446196563,(0.08835568473071899+0.036385149718795175j),,(0.08835568473071612+0.03638514971879403j),-4718.822494211462
6603,6603,10.66029375,0.0036590791409742,(0.08020616544121142+0.05527595632546676j),,(0.08020616544120977+0.05527595632546581j),-4718.02255820634
6604,6604,10.66039375,0.003784977768388,(-0.13316078281270144+0.13430624665471466j),,(-0.13316078281270272+0.1343062466547131j),-4717.222622201219
6605,6605,10.66049375,0.00322837269354,(0.01161405535101313-0.02348455918811196j),,(0.011614055351014618-0.02348455918811395j),-4716.422686196098
6606,6606,10.66059375,0.0040996968227157,(0.008940229872780968-0.03770226578269365j),,(0.008940229872779532-0.03770226578269477j),-4715.622750190976
6607,6607,10.660693749999998,0.0020189541017854,(0.059482707486174714-0.03581598870917017j),,(0.05948270748617486-0.035815988709172436j),-4714.822814185854
6608,6608,10.66079375,0.0035671173116658,(0.02102052417114062-7.057314718294204e-05j),,(0.021020524171142387-7.057314718511608e-05j),-4714.022878180733
6609,6609,10.66089375,0.0046328992426634,(0.07451332259734064-0.03186303922997115j),,(0.07451332259734213-0.03186303922997006j),-4713.222942175612
6610,6610,10.66099375,0.0036445435908161,(0.019948026194436627+0.029688606566986808j),,(0.01994802619443351+0.029688606566988695j),-4712.42300617049
6611,6611,10.66109375,0.0022152692411136,(0.011536445556626416-0.02858860878582946j),,(0.011536445556627514-0.028588608785829146j),-4711.6230701653685
6612,6612,10.66119375,0.0027756148673491,(-0.07492570360483432+0.008978165868151294j),,(-0.07492570360483344+0.008978165868154312j),-4710.823134160248
6613,6613,10.66129375,0.0044095679213999,(0.016516647199963014-0.08254001218047363j),,(0.01651664719996264-0.08254001218047424j),-4710.023198155126
6614,6614,10.661393749999998,0.0024383529699251,(0.07200018054444443-0.03360841945779065j),,(0.07200018054444653-0.03360841945779058j),-4709.223262150004
6615,6615,10.661493749999998,0.0013914543282713,(0.06124883511333383-0.021159184107216608j),,(0.061248835113331804-0.021159184107217496j),-4708.423326144883
6616,6616,10.66159375,0.0046713364375457,(0.04936009159554395+0.04961206696557921j),,(0.04936009159554191+0.04961206696558231j),-4707.623390139762
6617,6617,10.66169375,0.0043109600348201,(0.06324809657584939+0.012459352362029443j),,(0.06324809657585138+0.012459352362029753j),-4706.82345413464
6618,6618,10.66179375,0.0060573775458874,(0.043428731338450516+0.13005403568967425j),,(0.04342873133845471+0.13005403568967608j),-4706.023518129518
6619,6619,10.66189375,0.0049287502923356,(0.07070072918154433-0.039523260089903596j),,(0.07070072918154342-0.03952326008990372j),-4705.223582124397
6620,6620,10.66199375,0.0066204081071764,(0.04379243263981439+0.008621879857672744j),,(0.04379243263981934+0.008621879857672644j),-4704.423646119276
6621,6621,10.66209375,0.0075077979093062,(-0.02979450896429314+0.01668937307936666j),,(-0.029794508964293177+0.016689373079364554j),-4703.623710114154
6622,6622,10.662193749999998,0.0082567280197439,(-0.08082104846572356+0.1000920362040029j),,(-0.0808210484657237+0.10009203620400492j),-4702.8237741090325
6623,6623,10.66229375,0.0065032394243891,(-0.0052296872236454565-0.06250780020249412j),,(-0.005229687223643732-0.06250780020249741j),-4702.023838103912
6624,6624,10.66239375,0.0057756810280536,(0.044762198340546226-0.07053384738485147j),,(0.0447621983405472-0.07053384738485206j),-4701.22390209879
6625,6625,10.66249375,0.0052564279820429,(-0.12763627564594662-0.008355759852219431j),,(-0.127636275645948-0.008355759852218026j),-4700.423966093668
6626,6626,10.66259375,0.0059815763045334,(0.04295459885605824-0.0543866208478828j),,(0.042954598856059775-0.054386620847884135j),-4699.6240300885465
6627,6627,10.66269375,0.005234137946195,(0.005377305401077115-0.05458633087258684j),,(0.0053773054010784055-0.054586330872587976j),-4698.824094083426
6628,6628,10.66279375,0.0057941274923385,(0.11430100093093525-0.032433520437193185j),,(0.11430100093093402-0.03243352043719355j),-4698.024158078304
6629,6629,10.66289375,0.0076125926129163,(0.16659007838817658-0.02161372313994707j),,(0.16659007838817722-0.021613723139948568j),-4697.224222073182
6630,6630,10.662993749999998,0.0067257830607115,(0.04314762324728254+0.14818839075126358j),,(0.04314762324728216+0.14818839075126006j),-4696.4242860680615
6631,6631,10.66309375,0.0076338677045074,(-0.13345179271419377-0.0084815485860667j),,(-0.13345179271418806-0.008481548586060601j),-4695.62435006294
6632,6632,10.66319375,0.0082356109779088,(0.06606153891346105-0.018082465870531025j),,(0.0660615389134609-0.018082465870531327j),-4694.824414057818
6633,6633,10.66329375,0.0086172177200655,(-0.0348780658598749+0.006026180356028291j),,(-0.03487806585987499+0.006026180356026233j),-4694.024478052696
6634,6634,10.66339375,0.0094895984071698,(-0.04635510335551741-0.05402029246084576j),,(-0.04635510335551924-0.054020292460844666j),-4693.224542047576
6635,6635,10.66349375,0.0093583357321934,(0.004825752486123747+0.013043763130182613j),,(0.004825752486125842+0.013043763130179823j),-4692.424606042454
6636,6636,10.66359375,0.0086133072359573,(-0.03721087396369924+0.022378180112786722j),,(-0.03721087396369757+0.02237818011278679j),-4691.624670037332
6637,6637,10.663693749999998,0.008148973872452,(-0.0728553833665828-0.07569123361132957j),,(-0.07285538336658758-0.07569123361132887j),-4690.8247340322105
6638,6638,10.66379375,0.0071099645417407,(-0.03975702103540035+0.0067529945966828715j),,(-0.03975702103539801+0.006752994596680651j),-4690.02479802709
6639,6639,10.66389375,0.0068709457378817,(-0.015044276477681306-0.1077692770273147j),,(-0.015044276477682396-0.10776927702731859j),-4689.224862021968
6640,6640,10.66399375,0.0055522163744057,(0.059417371121545305-0.052909429525391724j),,(0.05941737112154289-0.052909429525390135j),-4688.424926016846
6641,6641,10.66409375,0.0048736760812191,(0.09843747456032377+0.13575491055285485j),,(0.09843747456032581+0.1357549105528523j),-4687.6249900117255
6642,6642,10.66419375,0.0050353824445918,(-0.02614881165871106-0.0036120793336871576j),,(-0.026148811658710715-0.0036120793336865925j),-4686.825054006604
6643,6643,10.66429375,0.007099625189699,(0.023973075300196746+0.012749076112854807j),,(0.02397307530019736+0.01274907611285444j),-4686.025118001482
6644,6644,10.66439375,0.0082999555376074,(-0.05765011895952925-0.018449154994835786j),,(-0.057650118959530025-0.018449154994838134j),-4685.22518199636
6645,6645,10.664493749999998,0.0084181025228053,(-0.0023419853265344796+0.0030012444902648705j),,(-0.0023419853265328177+0.003001244490259563j),-4684.4252459912395
6646,6646,10.66459375,0.0089965310888172,(0.04422367094155443+0.018902166978361695j),,(0.04422367094155144+0.018902166978364665j),-4683.625309986118
6647,6647,10.66469375,0.0107815530738135,(0.13545551637054978+0.20286051289165882j),,(0.1354555163705507+0.20286051289165735j),-4682.825373980996
6648,6648,10.66479375,0.0113764264694841,(-0.02721649377787955+0.003384840313449893j),,(-0.027216493777876716+0.0033848403134503855j),-4682.025437975875
6649,6649,10.66489375,0.0090072342553631,(-0.05399459519416943+0.00015604407449602148j),,(-0.05399459519416653+0.00015604407449859234j),-4681.225501970754
6650,6650,10.66499375,0.0082781098383084,(-0.05312894029679702-0.14684786603541547j),,(-0.053128940296792646-0.14684786603541475j),-4680.425565965632
6651,6651,10.66509375,0.0078330789792635,(0.15080810833366257-0.012655643828862976j),,(0.15080810833366307-0.012655643828858754j),-4679.62562996051
6652,6652,10.665193749999998,0.0075585453749096,(-0.019538582859497163-0.0825549066363615j),,(-0.019538582859495807-0.08255490663636463j),-4678.825693955389
6653,6653,10.665293749999998,0.0066230083960025,(-0.1183279704558532-0.02342100117473396j),,(-0.11832797045585507-0.02342100117473398j),-4678.025757950268
6654,6654,10.66539375,0.0058673973451813,(0.15981805486652292-0.1189508537655463j),,(0.15981805486652126-0.11895085376555051j),-4677.225821945146
6655,6655,10.66549375,0.0060835395756734,(0.11677314221850446-0.020310711043088306j),,(0.11677314221850484-0.02031071104308809j),-4676.425885940025
6656,6656,10.66559375,0.0068852050104307,(0.08251039173508876-0.02207251370457638j),,(0.0825103917350874-0.022072513704572024j),-4675.6259499349035
6657,6657,10.66569375,0.0068779041393355,(0.12887983694257163+0.021978287551841592j),,(0.1288798369425723+0.021978287551837075j),-4674.826013929782
6658,6658,10.66579375,0.0077840467944581,(0.08134447353898581+0.16777829888607018j),,(0.08134447353898633+0.16777829888606868j),-4674.02607792466
6659,6659,10.66589375,0.0074935314320313,(-0.11368505727293539+0.12666969788778923j),,(-0.11368505727293571+0.12666969788779003j),-4673.226141919539
6660,6660,10.665993749999998,0.0087677809637629,(-0.008696781118135564+0.09026617376358687j),,(-0.00869678111813358+0.09026617376358914j),-4672.426205914418
6661,6661,10.66609375,0.0063408876373508,(-0.011726348812505366+0.034041933048719886j),,(-0.01172634881250013+0.0340419330487159j),-4671.626269909296
6662,6662,10.66619375,0.0058516566952252,(0.061666478204995656+0.08308993358695677j),,(0.06166647820499875+0.08308993358695468j),-4670.826333904174
6663,6663,10.66629375,0.0059539637165928,(0.015293816307958896+0.05755112710958389j),,(0.015293816307962171+0.05755112710958701j),-4670.026397899053
6664,6664,10.66639375,0.0064326067746748,(0.02503233752082399-9.743398121517081e-06j),,(0.025032337520822547-9.743398117384103e-06j),-4669.226461893932
6665,6665,10.66649375,0.0053542870790384,(-0.04445450222049224+0.06029627600208776j),,(-0.04445450222049137+0.0602962760020908j),-4668.42652588881
6666,6666,10.66659375,0.0035547030464736,(-0.09838176494483611-0.06961277565822152j),,(-0.09838176494483786-0.06961277565821829j),-4667.626589883689
6667,6667,10.66669375,0.0037557407912828,(0.06806819983457879-0.10240419389835767j),,(0.06806819983457978-0.10240419389835934j),-4666.826653878567
6668,6668,10.666793749999998,0.0059793476838147,(0.031242266948941593+0.11089396628585488j),,(0.03124226694894327+0.11089396628585271j),-4666.026717873446
6669,6669,10.66689375,0.005025067542168,(-0.051208637502078505+0.08101069259661911j),,(-0.051208637502077756+0.08101069259662023j),-4665.226781868324
6670,6670,10.66699375,0.0041687865900241,(-0.08160516597001481+0.01803435867611048j),,(-0.08160516597001741+0.01803435867610971j),-4664.426845863203
6671,6671,10.66709375,0.0026465131896411,(-0.09344150380785556+0.02343040147584553j),,(-0.09344150380785282+0.023430401475846598j),-4663.6269098580815
6672,6672,10.66719375,0.0030862123186251,(-0.05467896593209252-0.08344649882744935j),,(-0.054678965932092385-0.08344649882745338j),-4662.82697385296
6673,6673,10.66729375,0.0037633483339271,(-0.050993906005937305-0.13721991160862118j),,(-0.05099390600593981-0.13721991160862418j),-4662.027037847839
6674,6674,10.66739375,0.003946490215503,(0.0741574439670496+0.09819382869531892j),,(0.0741574439670534+0.09819382869532012j),-4661.227101842717
6675,6675,10.667493749999998,0.0018632559056272,(-0.14687215064980122+0.014198572223276862j),,(-0.1468721506498046+0.014198572223275627j),-4660.427165837596
6676,6676,10.667593749999998,0.0024753173062311,(-0.0946664404100754-0.07107581439683772j),,(-0.09466644041007066-0.07107581439684306j),-4659.627229832474
6677,6677,10.66769375,0.0047523022624038,(0.058444424976276894-0.07888314463977868j),,(0.05844442497628269-0.07888314463978052j),-4658.827293827353
6678,6678,10.66779375,0.0041778264784861,(0.09480266984182134-0.01851605344216941j),,(0.09480266984182455-0.018516053442172165j),-4658.027357822231
6679,6679,10.66789375,0.0028124347888043,(-0.019913406291960423+0.03817755321094838j),,(-0.019913406291956603+0.038177553210948026j),-4657.22742181711
6680,6680,10.66799375,0.0026404991653141,(-0.00552922712715605+0.029545807652610858j),,(-0.005529227127155155+0.029545807652609616j),-4656.427485811988
6681,6681,10.66809375,0.0019990012300287,(-0.1037190085446695-0.003967471575025871j),,(-0.10371900854466835-0.003967471575028247j),-4655.627549806867
6682,6682,10.66819375,0.0003886171257798,(-0.11659285467066584-0.07371515643053464j),,(-0.1165928546706656-0.07371515643053003j),-4654.827613801745
6683,6683,10.668293749999998,0.0024386232647812,(0.013809903940610178+0.11363287767287929j),,(0.01380990394061183+0.11363287767287816j),-4654.027677796624
6684,6684,10.66839375,0.0005539646202959,(-0.07825750733880038-0.173485670472476j),,(-0.07825750733879624-0.17348567047247404j),-4653.227741791503
6685,6685,10.66849375,-0.0002026302827474,(0.08891767298504322-0.11400488524132273j),,(0.08891767298504519-0.1140048852413226j),-4652.427805786381
6686,6686,10.66859375,0.0002552367270812,(0.21277334139043752-0.019891890504843183j),,(0.21277334139043474-0.019891890504839797j),-4651.6278697812595
6687,6687,10.66869375,0.0047914436325812,(0.031664176723434335+0.048250492156516334j),,(0.03166417672343384+0.04825049215651694j),-4650.827933776138
6688,6688,10.66879375,0.0043594722484997,(0.0743399004991693+0.07512993919059527j),,(0.07433990049917033+0.07512993919059875j),-4650.027997771017
6689,6689,10.66889375,0.0030227944691431,(-0.07452657086033307+0.11360937121772735j),,(-0.07452657086033138+0.11360937121772488j),-4649.228061765895
6690,6690,10.668993749999998,0.0044123769119735,(-0.17613754720533553-0.022812005634395144j),,(-0.17613754720533625-0.02281200563439542j),-4648.428125760774
6691,6691,10.669093749999998,0.0055956860233795,(0.029945362112362962-0.09565766032220643j),,(0.029945362112364655-0.09565766032220403j),-4647.628189755653
6692,6692,10.66919375,0.0060643760385054,(0.05976877302906923-0.034725444151959856j),,(0.05976877302906993-0.03472544415195877j),-4646.828253750531
6693,6693,10.66929375,0.0040256121380862,(0.12555093524296523+0.01607722903489356j),,(0.12555093524296645+0.016077229034891487j),-4646.028317745409
6694,6694,10.66939375,0.0028890166016245,(0.0044779529121909585+0.0038349587833331734j),,(0.004477952912190498+0.003834958783334894j),-4645.228381740288
6695,6695,10.66949375,0.0044264367836734,(0.04835144738392203+0.10825847690797336j),,(0.048351447383923905+0.10825847690797265j),-4644.428445735167
6696,6696,10.66959375,0.0047031031887506,(0.025281945517464287+0.15440406450934788j),,(0.02528194551746033+0.15440406450934804j),-4643.628509730045
6697,6697,10.66969375,0.0044778331721948,(0.01807917551965914+0.0037740149063534324j),,(0.018079175519656765+0.00377401490635199j),-4642.828573724923
6698,6698,10.669793749999998,0.0034400160911288,(0.059613457660875266+0.18787971830870837j),,(0.05961345766087438+0.18787971830870642j),-4642.028637719802
6699,6699,10.66989375,0.0031064817582995,(-0.11221008233872572+0.12585948900675184j),,(-0.1122100823387257+0.12585948900675104j),-4641.228701714681
6700,6700,10.66999375,0.0037466027376064,(-0.21754970001662544+0.05186335879410462j),,(-0.21754970001662427+0.05186335879410316j),-4640.428765709559
6701,6701,10.67009375,0.0050075853345559,(-0.06522228269729344-0.01760252817927081j),,(-0.06522228269729058-0.017602528179268318j),-4639.6288297044375
6702,6702,10.67019375,0.0055540323751112,(-0.08523394278083593-0.12036808071218935j),,(-0.08523394278083837-0.12036808071218767j),-4638.828893699317
6703,6703,10.67029375,0.0055381994158898,(-0.03201993022818934-0.009653199661363864j),,(-0.03201993022818471-0.00965319966136745j),-4638.028957694195
6704,6704,10.67039375,0.0053979629310441,(-0.08333297107376382+0.019622185679549514j),,(-0.08333297107376113+0.01962218567955126j),-4637.229021689073
6705,6705,10.67049375,0.0068741497607506,(-0.07278114400079033+0.13394103986490066j),,(-0.07278114400078908+0.13394103986490116j),-4636.429085683952
6706,6706,10.670593749999998,0.0086474702562922,(-0.14576946599158747+0.0034890310456199003j),,(-0.14576946599158735+0.0034890310456172358j),-4635.629149678831
6707,6707,10.67069375,0.0074957967168662,(-0.16978144729056416-0.1691852002670016j),,(-0.1697814472905647-0.16918520026700182j),-4634.829213673709
6708,6708,10.67079375,0.006647666486811,(0.04299897166203497-0.18512967103770078j),,(0.04299897166203601-0.18512967103770056j),-4634.029277668587
6709,6709,10.67089375,0.0057774699777866,(-0.014476674063415212-0.09151805215277371j),,(-0.014476674063414786-0.09151805215277421j),-4633.229341663467
6710,6710,10.67099375,0.0055565232586952,(-0.00040500168999713787-0.14136034921563193j),,(-0.00040500168999525743-0.14136034921562762j),-4632.429405658345
6711,6711,10.67109375,0.0057833987431336,(0.0424790130176866-0.13531059715473998j),,(0.04247901301768607-0.13531059715474164j),-4631.629469653223
6712,6712,10.67119375,0.0064277318374221,(0.0593592492245866-0.12870924473529488j),,(0.05935924922458406-0.12870924473529508j),-4630.8295336481015
6713,6713,10.671293749999998,0.0053964174828463,(0.07036431934029654-0.1345723696724756j),,(0.07036431934029796-0.13457236967247835j),-4630.029597642981
6714,6714,10.671393749999998,0.005892879627855,(0.16631205278211564-0.02960221840417506j),,(0.1663120527821163-0.029602218404173375j),-4629.229661637859
6715,6715,10.67149375,0.0065208607358937,(0.09142595977994632+0.005776443304813791j),,(0.09142595977994672+0.005776443304816367j),-4628.429725632737
6716,6716,10.67159375,0.0082064077149422,(0.06724017923980305+0.13244721163143894j),,(0.06724017923980269+0.1324472116314357j),-4627.629789627616
6717,6717,10.67169375,0.007133527495421,(-0.04665317159888506+0.025518831096399703j),,(-0.04665317159888264+0.02551883109639763j),-4626.829853622495
6718,6718,10.67179375,0.0071707662719995,(-0.032173970572725134+0.044970860450999864j),,(-0.03217397057272437+0.044970860451003285j),-4626.029917617373
6719,6719,10.67189375,0.0086829831109834,(-0.02717155909648907+0.10578030981903555j),,(-0.027171559096488274+0.10578030981903766j),-4625.229981612251
6720,6720,10.67199375,0.0087407259296089,(0.04168036712957068+0.10397163015122268j),,(0.041680367129571766+0.10397163015122209j),-4624.4300456071305
6721,6721,10.672093749999998,0.0092677510723647,(-0.045299469399177866+0.13853996973216884j),,(-0.04529946939917383+0.1385399697321697j),-4623.630109602009
6722,6722,10.67219375,0.0078575733733818,(-0.09987250504488046+0.1606413306676991j),,(-0.09987250504487864+0.1606413306676998j),-4622.830173596887
6723,6723,10.67229375,0.0077773543772023,(-0.14261839214492186-0.07587752681541782j),,(-0.14261839214492095-0.07587752681542023j),-4622.030237591765
6724,6724,10.67239375,0.008349538172851,(0.03966845858845841-0.10697328218063759j),,(0.039668458588455704-0.10697328218063712j),-4621.230301586645
6725,6725,10.67249375,0.0072544732726622,(-0.08716151894117474+0.04056684353261694j),,(-0.08716151894117387+0.040566843532616845j),-4620.430365581523
6726,6726,10.67259375,0.0055368902899736,(-0.0017900259984452369-0.07060034433512909j),,(-0.0017900259984433911-0.07060034433513118j),-4619.630429576401
6727,6727,10.67269375,0.0050600752066281,(-0.10564460939837744+0.0038051245246810035j),,(-0.10564460939837725+0.0038051245246841156j),-4618.83049357128
6728,6728,10.67279375,0.0066616033589883,(-0.09149257144877233-0.041189694252987394j),,(-0.0914925714487727-0.04118969425298894j),-4618.030557566159
6729,6729,10.672893749999998,0.0089389953199806,(-0.16160783833224876-0.04935408993294553j),,(-0.16160783833224726-0.04935408993294913j),-4617.230621561037
6730,6730,10.67299375,0.0077168969734688,(-0.015999475839690518-0.08359440882441774j),,(-0.0159994758396874-0.08359440882441899j),-4616.430685555915
6731,6731,10.67309375,0.0080336456733288,(-0.11743556271330666-0.06546882198449466j),,(-0.11743556271330707-0.0654688219844909j),-4615.6307495507945
6732,6732,10.67319375,0.0087066151406626,(-0.12226721524720546-0.08500753618704539j),,(-0.12226721524720754-0.08500753618704557j),-4614.830813545673
6733,6733,10.67329375,0.009976660400309,(0.013545234441790586-0.11271167601000324j),,(0.013545234441794913-0.11271167601000251j),-4614.030877540551
6734,6734,10.67339375,0.0105069928390432,(0.12249300707331308-0.030060605811415335j),,(0.12249300707331501-0.03006060581141472j),-4613.23094153543
6735,6735,10.67349375,0.0097431254503734,(-0.022655310835814898-0.0980105842142348j),,(-0.02265531083581598-0.09801058421423221j),-4612.4310055303085
6736,6736,10.673593749999998,0.0086092187286567,(0.07011717757343926-0.003912819894548291j),,(0.07011717757343845-0.0039128198945464j),-4611.631069525187
6737,6737,10.673693749999998,0.007151758000224,(0.03291286956585611-0.15670556412706516j),,(0.032912869565856394-0.15670556412706912j),-4610.831133520065
6738,6738,10.67379375,0.0071054921437674,(0.12862977020387178-0.05012764346537648j),,(0.12862977020387473-0.05012764346537443j),-4610.031197514944
6739,6739,10.67389375,0.0075664369093023,(0.031544048019964466-0.03379362637756368j),,(0.031544048019963564-0.033793626377559366j),-4609.231261509823
6740,6740,10.67399375,0.0054416925102912,(0.056208408619199624+0.05761873097328543j),,(0.056208408619199596+0.057618730973286424j),-4608.431325504701
6741,6741,10.67409375,0.0046694600290738,(0.10788311793770967+0.02340268566017547j),,(0.10788311793771004+0.023402685660171865j),-4607.631389499579
6742,6742,10.67419375,0.0060533657883973,(-0.06113068215297407+0.05223475526520739j),,(-0.061130682152976214+0.05223475526520701j),-4606.831453494458
6743,6743,10.67429375,0.0068069629564903,(0.001575062418666619-0.03245459517520157j),,(0.001575062418668706-0.03245459517520127j),-4606.031517489337
6744,6744,10.674393749999998,0.0064150402901359,(0.08334981614564374-0.03895459798766293j),,(0.08334981614564195-0.038954597987662265j),-4605.231581484215
6745,6745,10.67449375,0.0060133411044554,(-0.02113438030537657+0.015399763899618214j),,(-0.02113438030537593+0.015399763899618982j),-4604.431645479094
6746,6746,10.67459375,0.0059293814270871,(0.07477583359280918+0.13640877606054774j),,(0.07477583359280707+0.13640877606054724j),-4603.6317094739725
6747,6747,10.67469375,0.0059503793226718,(-0.061141209383238644+0.06690362550219066j),,(-0.06114120938323859+0.06690362550218897j),-4602.831773468851
6748,6748,10.67479375,0.0055034797983973,(-0.012851766433447225+0.03145962257929585j),,(-0.01285176643344598+0.03145962257929733j),-4602.031837463729
6749,6749,10.67489375,0.0053629389524541,(-0.033440403292650585-0.03059177724884591j),,(-0.03344040329264914-0.030591777248846368j),-4601.231901458608
6750,6750,10.67499375,0.0037659960575094,(0.03407548420445966+0.06625586903401406j),,(0.034075484204461985+0.06625586903401787j),-4600.431965453487
6751,6751,10.675093749999998,0.0046800587934346,(-0.09141877408079685+0.05628709922824135j),,(-0.09141877408079434+0.05628709922824221j),-4599.632029448365
6752,6752,10.675193749999998,0.0052208687871325,(-0.10177331168894413+0.06245102562413743j),,(-0.10177331168894237+0.062451025624139164j),-4598.832093443244
6753,6753,10.67529375,0.0039167601084355,(-0.14377853227255638-0.07149469654654408j),,(-0.14377853227255386-0.07149469654654443j),-4598.032157438122
6754,6754,10.67539375,0.0048896683082821,(-0.160443506181727-0.018154288337167625j),,(-0.1604435061817289-0.018154288337170324j),-4597.232221433001
6755,6755,10.67549375,0.0030202363026809,(-0.15833792738744296-0.08385160185128901j),,(-0.15833792738744903-0.08385160185129134j),-4596.432285427879
6756,6756,10.67559375,0.0052027488514299,(-0.026931532933057334-0.12194370983173079j),,(-0.026931532933058708-0.12194370983172952j),-4595.632349422758
6757,6757,10.67569375,0.002876361684447,(0.00033203277656304597-0.1286115937493258j),,(0.0003320327765657105-0.12861159374932823j),-4594.832413417636
6758,6758,10.67579375,0.0013041837696661,(0.07900908760330537-0.03234792944639042j),,(0.07900908760330719-0.03234792944638862j),-4594.032477412515
6759,6759,10.675893749999998,0.0008091216505397,(0.011850407372130563+0.0009268828877758502j),,(0.011850407372134815+0.000926882887778225j),-4593.232541407393
6760,6760,10.67599375,0.0029602475429816,(0.12481403062621987+0.008319672275717204j),,(0.12481403062622376+0.008319672275715648j),-4592.432605402272
6761,6761,10.67609375,0.0036034746096883,(-0.01408535637500191+0.002368484444702145j),,(-0.014085356375001456+0.002368484444700285j),-4591.6326693971505
6762,6762,10.67619375,0.0019788029673562,(-0.0476064430810907+0.08830025696289504j),,(-0.04760644308108945+0.08830025696289337j),-4590.832733392029
6763,6763,10.67629375,0.0032738405680918,(-0.09021858189059481+0.031404227666183095j),,(-0.09021858189059545+0.031404227666185364j),-4590.032797386908
6764,6764,10.67639375,0.0053117574808785,(-0.03897738204497532-0.02804997921778059j),,(-0.03897738204497053-0.028049979217774714j),-4589.232861381786
6765,6765,10.67649375,0.0035630793960544,(-0.062020261906337956-0.01813997736501993j),,(-0.062020261906335014-0.018139977365015866j),-4588.432925376665
6766,6766,10.67659375,0.0025250896701033,(0.06890393849586494-0.23058315532304663j),,(0.06890393849586732-0.23058315532304807j),-4587.632989371543
6767,6767,10.676693749999998,0.003519140115805,(0.09842255961511336-0.1353003999013449j),,(0.09842255961511262-0.1353003999013433j),-4586.833053366422
6768,6768,10.67679375,0.0039790689795576,(0.14161344946344678+0.04387762125908294j),,(0.14161344946344856+0.04387762125907931j),-4586.0331173613
6769,6769,10.67689375,0.0025646996356039,(-0.060295481337666934+0.03285390291068284j),,(-0.06029548133766933+0.032853902910680355j),-4585.233181356179
6770,6770,10.67699375,0.0027296112386803,(0.04293918140039224+0.006777519759314829j),,(0.04293918140039141+0.006777519759317502j),-4584.433245351058
6771,6771,10.67709375,0.0027168188257722,(-0.032870100605695035+0.10493552757720419j),,(-0.032870100605698956+0.1049355275771983j),-4583.633309345936
6772,6772,10.67719375,0.0033896070092225,(-0.02708235925672471+0.04815060750714621j),,(-0.027082359256725648+0.048150607507142416j),-4582.833373340814
6773,6773,10.67729375,0.0029501384230702,(-0.04963089394808385+0.07945166368853124j),,(-0.04963089394808444+0.07945166368853634j),-4582.033437335693
6774,6774,10.677393749999998,0.0035175404483689,(-0.08473842336041379-0.016419500036701347j),,(-0.08473842336041275-0.016419500036698342j),-4581.233501330572
6775,6775,10.677493749999998,0.0045151560718638,(0.019180104410232435-0.098538925494094j),,(0.01918010441023222-0.09853892549409084j),-4580.43356532545
6776,6776,10.67759375,0.0041059594176427,(0.04409120627451203-0.01699566319187701j),,(0.04409120627450962-0.016995663191876457j),-4579.6336293203285
6777,6777,10.67769375,0.0034044216553168,(0.04369222115957273+0.10802354272337186j),,(0.04369222115957237+0.10802354272336984j),-4578.833693315207
6778,6778,10.67779375,0.0044007372044696,(-0.03332385392807065+0.12068003487941605j),,(-0.03332385392807172+0.12068003487941506j),-4578.033757310086
6779,6779,10.67789375,0.004630367781648,(-0.07286272827575133+0.09948250193777042j),,(-0.07286272827574787+0.09948250193776693j),-4577.233821304964
6780,6780,10.67799375,0.0055705686854655,(-0.08134340923762062-0.03864549026783243j),,(-0.08134340923762162-0.03864549026782857j),-4576.433885299843
6781,6781,10.67809375,0.0040229307600778,(0.0434125165461688+0.03645116552291523j),,(0.0434125165461653+0.03645116552291406j),-4575.633949294722
6782,6782,10.678193749999998,0.0049991178545739,(-0.18340351103593494-0.0017640542423629363j),,(-0.18340351103593708-0.001764054242363075j),-4574.8340132896
6783,6783,10.67829375,0.0043274768004572,(-0.004293272215612268-0.08389328808540412j),,(-0.00429327221561519-0.08389328808540233j),-4574.034077284478
6784,6784,10.67839375,0.0049559291262605,(-0.05070319765930082-0.10089339835230163j),,(-0.05070319765930578-0.10089339835230092j),-4573.234141279357
6785,6785,10.67849375,0.0036342468920407,(0.024284594032134524-0.11205432127330331j),,(0.024284594032137403-0.1120543212733031j),-4572.434205274236
6786,6786,10.67859375,0.0044015524995665,(0.056545201198329884-0.05258130350240953j),,(0.05654520119833226-0.05258130350240802j),-4571.634269269114
6787,6787,10.67869375,0.004819495124071,(-0.0018878475605673094+0.04071346626579708j),,(-0.0018878475605677292+0.04071346626579918j),-4570.834333263992
6788,6788,10.67879375,0.0052994555727111,(-0.025045009207256858+0.012901308582494253j),,(-0.02504500920725533+0.012901308582493021j),-4570.034397258872
6789,6789,10.67889375,0.0061265419768078,(-0.02988276207235044-0.023511665954260883j),,(-0.02988276207235266-0.02351166595426271j),-4569.23446125375
6790,6790,10.678993749999998,0.0060990525756294,(-0.053995242994075945-0.10388509484579572j),,(-0.053995242994078166-0.10388509484579195j),-4568.434525248628
6791,6791,10.67909375,0.0053138771655581,(0.035963729900135105+0.02823322020315379j),,(0.03596372990013589+0.028233220203153928j),-4567.6345892435065
6792,6792,10.67919375,0.0068484729021974,(-0.09690261353989596+0.011502361329153665j),,(-0.09690261353989413+0.011502361329156066j),-4566.834653238386
6793,6793,10.67929375,0.0059145480413213,(-0.058005138850725134-0.05898507409371481j),,(-0.05800513885072692-0.058985074093712814j),-4566.034717233264
6794,6794,10.67939375,0.0065669582680578,(0.08420139359970341-0.07139117667189235j),,(0.0842013935997037-0.07139117667189493j),-4565.234781228142
6795,6795,10.67949375,0.0063656589541845,(0.06750017654308743-0.005913749825841196j),,(0.0675001765430865-0.005913749825839438j),-4564.4348452230215
6796,6796,10.67959375,0.0065513100053661,(-0.010471256493638502+0.012377411647853586j),,(-0.0104712564936375+0.012377411647855562j),-4563.6349092179
6797,6797,10.679693749999998,0.006662544914309,(-0.006450429619039862-0.12336535814622061j),,(-0.006450429619041638-0.12336535814622185j),-4562.834973212778
6798,6798,10.679793749999998,0.006821604795152,(-0.0022922064726969595-0.05605171237156326j),,(-0.002292206472699638-0.05605171237156448j),-4562.035037207656
6799,6799,10.67989375,0.0079602625387922,(-0.006624883842770957-0.009188899759155066j),,(-0.006624883842767984-0.009188899759154927j),-4561.235101202536
6800,6800,10.67999375,0.0065369784702234,(0.02837213981344449+0.0034551256701808126j),,(0.028372139813448015+0.0034551256701792696j),-4560.435165197414
6801,6801,10.68009375,0.0055812526505546,(0.053911802373703584-0.033520765382086044j),,(0.05391180237370055-0.03352076538208582j),-4559.635229192292
6802,6802,10.68019375,0.0072728139365949,(0.08260557047640579-0.0577279650724174j),,(0.08260557047640776-0.057727965072417266j),-4558.8352931871705
6803,6803,10.68029375,0.0081002538731774,(0.06929846864289413+0.1954201748500443j),,(0.06929846864289574+0.1954201748500419j),-4558.03535718205
6804,6804,10.68039375,0.0077432122028232,(0.016153304669233835+0.11245855166494304j),,(0.01615330466923423+0.11245855166494897j),-4557.235421176928
6805,6805,10.680493749999998,0.0076259295335296,(0.012570110178340109+0.08997972725185051j),,(0.012570110178343835+0.08997972725184958j),-4556.435485171806
6806,6806,10.68059375,0.0083362328947632,(-0.052540921592390294+0.132844697105102j),,(-0.05254092159239755+0.13284469710509916j),-4555.635549166685
6807,6807,10.68069375,0.0087709944277472,(-0.11296534372409432+0.05367557988971j),,(-0.11296534372409664+0.05367557988971071j),-4554.835613161564
6808,6808,10.68079375,0.0078637131303757,(-0.06821505235258168+0.0183831628929017j),,(-0.06821505235258575+0.018383162892902778j),-4554.035677156442
6809,6809,10.68089375,0.0082414571866907,(-0.1681554337982159-0.019787924079778613j),,(-0.16815543379821832-0.019787924079783664j),-4553.23574115132
6810,6810,10.68099375,0.0077957694035958,(-0.1949968255557036-0.04065174036988012j),,(-0.1949968255556987-0.04065174036988192j),-4552.4358051461995
6811,6811,10.68109375,0.0057844451502986,(-0.1322934000784406+0.042509238482972764j),,(-0.13229340007843926+0.04250923848297371j),-4551.635869141078
6812,6812,10.681193749999998,0.0071094268613288,(-0.10871032062781918-0.027474631137519183j),,(-0.10871032062781982-0.027474631137518017j),-4550.835933135956
6813,6813,10.681293749999998,0.0065608705669855,(-0.0552518365433184-0.04102546138775138j),,(-0.0552518365433154-0.041025461387751455j),-4550.035997130835
6814,6814,10.68139375,0.0091871460285487,(-0.07549882758243846-0.17135800094416984j),,(-0.07549882758243817-0.171358000944166j),-4549.236061125714
6815,6815,10.68149375,0.0077309871443164,(0.04736192988156469-0.11199347568886919j),,(0.04736192988156609-0.11199347568886889j),-4548.436125120592
6816,6816,10.68159375,0.0095461840467588,(-0.041468199334114574-0.05423895880401568j),,(-0.041468199334118425-0.054238958804013346j),-4547.63618911547
6817,6817,10.68169375,0.0095720491706488,(0.04348185058447922-0.16670444171245777j),,(0.04348185058448109-0.16670444171245816j),-4546.836253110349
6818,6818,10.68179375,0.0099132311454325,(0.1257454629617998-0.07612187670743381j),,(0.12574546296179764-0.07612187670743666j),-4546.036317105228
6819,6819,10.68189375,0.0092818863357982,(0.1036750853980322+0.007131658784934394j),,(0.10367508539803154+0.007131658784935199j),-4545.236381100106
6820,6820,10.681993749999998,0.0100982831450162,(0.03808438037867204-0.010612415498626028j),,(0.03808438037866704-0.010612415498628739j),-4544.436445094984
6821,6821,10.68209375,0.0073564449463761,(0.059473169359087655-0.023122608706505746j),,(0.05947316935908595-0.023122608706509912j),-4543.6365090898635
6822,6822,10.68219375,0.0075729465219133,(-0.0026027252623071137-0.05961062905496654j),,(-0.002602725262308918-0.05961062905496718j),-4542.836573084742
6823,6823,10.68229375,0.0066397634780759,(0.06802743131544378+0.05984312576027665j),,(0.06802743131544224+0.05984312576027338j),-4542.03663707962
6824,6824,10.68239375,0.0065724769320247,(0.045904287798211735-0.18217507226790064j),,(0.045904287798208515-0.1821750722679032j),-4541.236701074499
6825,6825,10.68249375,0.0036415391339182,(0.1506552208874643-0.038398792728641995j),,(0.1506552208874664-0.03839879272864445j),-4540.4367650693775
6826,6826,10.68259375,0.0044939090109105,(0.08941930403199488+0.08333615248214377j),,(0.08941930403199354+0.08333615248214386j),-4539.636829064256
6827,6827,10.68269375,0.0063036052765632,(0.044280259882913835+0.03311979094945797j),,(0.04428025988291994+0.033119790949457384j),-4538.836893059134
6828,6828,10.682793749999998,0.0067399684535412,(0.025540268446602093+0.061098172384411974j),,(0.025540268446604425+0.06109817238440913j),-4538.036957054013
6829,6829,10.68289375,0.0050228978388209,(0.03418899315730098+0.04798140451470743j),,(0.03418899315730216+0.04798140451470707j),-4537.237021048892
6830,6830,10.68299375,0.0059261058883025,(-0.03866701091989807+0.042449819728476286j),,(-0.03866701091989737+0.04244981972847638j),-4536.43708504377
6831,6831,10.68309375,0.0075197086727043,(-0.04683892330168756+0.0852025388947301j),,(-0.0468389233016878+0.08520253889473095j),-4535.637149038649
6832,6832,10.68319375,0.007950575923645,(-0.033376296547056+0.021867126562175154j),,(-0.033376296547053284+0.021867126562174627j),-4534.837213033527
6833,6833,10.68329375,0.0048816873816839,(-0.033678926182972434-0.009110468264908276j),,(-0.03367892618297188-0.009110468264907353j),-4534.037277028406
6834,6834,10.68339375,0.0042128803051161,(-0.01884053997117394+0.034859204363256804j),,(-0.018840539971174016+0.03485920436325125j),-4533.237341023284
6835,6835,10.683493749999998,0.0043413586222741,(0.028142930441588776+0.16131629595551736j),,(0.0281429304415911+0.16131629595551802j),-4532.437405018163
6836,6836,10.683593749999998,0.004825280307494,(-0.14053568949898584+0.01834908411759425j),,(-0.14053568949898496+0.01834908411759753j),-4531.6374690130415
6837,6837,10.68369375,0.0018309922284466,(-0.14136316965800794+0.00891814013782509j),,(-0.14136316965800794+0.008918140137826283j),-4530.83753300792
6838,6838,10.68379375,0.0036128569123911,(-0.2058002325613596-0.08679706770865285j),,(-0.20580023256135796-0.08679706770865125j),-4530.037597002798
6839,6839,10.68389375,0.0033923102690018,(-0.06813610269173918-0.023281974136088394j),,(-0.06813610269173985-0.02328197413608482j),-4529.237660997677
6840,6840,10.68399375,0.0026354508386184,(-0.10401960274982745-0.06811238864298225j),,(-0.10401960274983252-0.06811238864298234j),-4528.437724992556
6841,6841,10.68409375,0.001223821205327,(-0.055955780571339-0.10641321388677422j),,(-0.05595578057133681-0.10641321388677712j),-4527.637788987434
6842,6842,10.68419375,0.0048797902629271,(-0.0471040128394206-0.19062555249141178j),,(-0.047104012839424586-0.19062555249141228j),-4526.837852982313
6843,6843,10.684293749999998,0.00559420036702,(0.006469276155261279-0.05893194941705114j),,(0.00646927615525909-0.058931949417048525j),-4526.037916977191
6844,6844,10.68439375,0.0031062290750759,(0.02817668593324221-0.062137388248012966j),,(0.028176685933240617-0.06213738824801325j),-4525.23798097207
6845,6845,10.68449375,0.003055078971336,(0.053373430700933595-0.10277479383307637j),,(0.053373430700931396-0.10277479383307911j),-4524.438044966948
6846,6846,10.68459375,0.0041892920861998,(0.004128728421473125-0.04790828161857871j),,(0.004128728421475108-0.04790828161858285j),-4523.638108961827
6847,6847,10.68469375,0.0042903955834044,(0.06439618741518427-0.15114682863021156j),,(0.06439618741518358-0.15114682863021037j),-4522.838172956705
6848,6848,10.68479375,0.0019481217669661,(0.09806251832531485-0.05813814459279493j),,(0.09806251832531612-0.05813814459279969j),-4522.038236951584
6849,6849,10.68489375,0.0029252489969856,(0.07840549244047036-0.09738156415409477j),,(0.07840549244047067-0.09738156415409632j),-4521.238300946463
6850,6850,10.68499375,0.0011893127721869,(0.062445988827711525+0.017197324042494216j),,(0.06244598882771203+0.01719732404249123j),-4520.438364941341
6851,6851,10.685093749999998,0.0016574516882563,(0.01564736280686032+0.0902798593931624j),,(0.015647362806864795+0.09027985939316198j),-4519.6384289362195
6852,6852,10.68519375,0.0021219520578883,(0.014657276485016944-0.04440047405416782j),,(0.014657276485015521-0.04440047405417062j),-4518.838492931098
6853,6853,10.68529375,0.0025741996916168,(0.00812350382425265+0.012462260442775274j),,(0.008123503824251487+0.012462260442776483j),-4518.038556925977
6854,6854,10.68539375,0.0017387601449457,(0.04596657725930812-0.0847200115339839j),,(0.045966577259310436-0.08472001153398634j),-4517.238620920855
6855,6855,10.68549375,0.0039456941143666,(0.06410991026059967+0.048653935635652276j),,(0.06410991026060006+0.04865393563565544j),-4516.438684915734
6856,6856,10.68559375,0.004918636478704,(0.05078392314786499+0.10574645823466991j),,(0.050783923147861856+0.10574645823467044j),-4515.638748910613
6857,6857,10.68569375,0.0042523738425568,(-0.05749490043498721+0.14310984880573585j),,(-0.05749490043498698+0.14310984880573435j),-4514.838812905491
6858,6858,10.685793749999998,0.0032014056668255,(-0.09095270400761543+0.03596565928896854j),,(-0.09095270400761424+0.03596565928896786j),-4514.038876900369
6859,6859,10.685893749999998,0.004083517457866,(0.00838201738628951+0.027494848358718467j),,(0.008382017386290963+0.0274948483587237j),-4513.238940895248
6860,6860,10.68599375,0.0044179137143305,(0.025858870237626723+0.04880000048711518j),,(0.025858870237626654+0.048800000487116045j),-4512.439004890127
6861,6861,10.68609375,0.0045495904520253,(-0.009770899356923815-0.013983212341540171j),,(-0.00977089935692276-0.013983212341536207j),-4511.639068885005
6862,6862,10.68619375,0.0032887789619486,(-0.008184969410670971-0.035719102495565036j),,(-0.008184969410671086-0.03571910249556693j),-4510.839132879883
6863,6863,10.68629375,0.0030717559335296,(0.0026233203959734955-0.05504876733068513j),,(0.0026233203959754384-0.05504876733068561j),-4510.039196874762
6864,6864,10.68639375,0.0037735085546808,(0.02376130249802969-0.038122260174005766j),,(0.023761302498030042-0.03812226017400477j),-4509.239260869641
6865,6865,10.68649375,0.0039768300736425,(0.029144013060731742+0.03346102980667254j),,(0.029144013060732957+0.033461029806671226j),-4508.439324864519
6866,6866,10.686593749999998,0.0036135804330606,(-0.039557796832768104+0.035154920407173856j),,(-0.03955779683277059+0.03515492040717598j),-4507.6393888593975
6867,6867,10.68669375,0.0027514552412925,(0.005742014149856752+0.03357044719505097j),,(0.005742014149860426+0.03357044719505124j),-4506.839452854277
6868,6868,10.68679375,0.0027370114393206,(-0.03501820403205825+0.03388591231342371j),,(-0.035018204032061025+0.03388591231342486j),-4506.039516849155
6869,6869,10.68689375,0.0051122926960298,(-0.01818747782665891+0.0015604331686926995j),,(-0.01818747782666289+0.001560433168688321j),-4505.239580844033
6870,6870,10.68699375,0.0065491577557587,(-0.02385321644848184-0.07150552268730352j),,(-0.023853216448480007-0.07150552268730336j),-4504.439644838912
6871,6871,10.68709375,0.0061852586111583,(0.057113856861291945-0.04279039764707301j),,(0.057113856861288614-0.04279039764707511j),-4503.639708833791
6872,6872,10.68719375,0.0068170763870115,(0.0722483116554877+0.0003802509726783289j),,(0.07224831165548842+0.00038025097267933156j),-4502.839772828669
6873,6873,10.687293749999998,0.0059196444052242,(-0.1671244003582097+0.07281954020082337j),,(-0.16712440035820866+0.07281954020082207j),-4502.039836823547
6874,6874,10.687393749999998,0.0053057353149154,(-0.06348571575088129-0.04617282503984493j),,(-0.06348571575087775-0.046172825039843934j),-4501.239900818427
6875,6875,10.68749375,0.0050572965822559,(-0.1107216088333221-0.13566864850533697j),,(-0.11072160883332374-0.1356686485053373j),-4500.439964813305
6876,6876,10.68759375,0.0059066642607331,(0.0823597136766702-0.016333525373753634j),,(0.08235971367667246-0.01633352537375326j),-4499.640028808183
6877,6877,10.68769375,0.0063797669178018,(0.02257687751799054-0.012932023517120823j),,(0.02257687751798851-0.012932023517122906j),-4498.840092803061
6878,6878,10.68779375,0.0063561650664402,(0.0036779004690032716-0.047912628372683466j),,(0.003677900469006845-0.047912628372685555j),-4498.040156797941
6879,6879,10.68789375,0.0065862075565554,(0.030695276024968576-0.06503070970821612j),,(0.03069527602497303-0.06503070970821895j),-4497.240220792819
6880,6880,10.68799375,0.0070312898584481,(0.09220923301640932-0.106927775518736j),,(0.0922092330164127-0.10692777551873431j),-4496.440284787697
6881,6881,10.688093749999998,0.0086662236696636,(0.056339233336354315-0.13940764190209778j),,(0.056339233336351865-0.1394076419020957j),-4495.6403487825755
6882,6882,10.68819375,0.0082200391426476,(0.0975204306391309-0.020534481978497304j),,(0.09752043063913161-0.020534481978499594j),-4494.840412777455
6883,6883,10.68829375,0.0068284526779317,(-0.013851100068758292+0.06262455261228062j),,(-0.01385110006876104+0.0626245526122805j),-4494.040476772333
6884,6884,10.68839375,0.0067348207461235,(0.03088401241353581+0.017384729463710193j),,(0.030884012413534303+0.017384729463708417j),-4493.240540767211
6885,6885,10.68849375,0.008257889504369,(0.042318746740423054+0.05682895769019801j),,(0.04231874674042404+0.05682895769019749j),-4492.4406047620905
6886,6886,10.68859375,0.0079459277410736,(-0.012995131779859956+0.06992845038317978j),,(-0.012995131779859361+0.06992845038317827j),-4491.640668756969
6887,6887,10.68869375,0.0078316214829754,(0.010443815981307978+0.022337589038034487j),,(0.010443815981304224+0.022337589038033182j),-4490.840732751847
6888,6888,10.68879375,0.0072340274144417,(-0.03966956485625351+0.06642196895301627j),,(-0.03966956485625071+0.06642196895301723j),-4490.040796746725
6889,6889,10.688893749999998,0.0079892245947698,(-0.07148572519792665-0.03450663449708492j),,(-0.0714857251979227-0.03450663449708329j),-4489.240860741605
6890,6890,10.68899375,0.007984608970518,(0.07113093963490319+0.019740771075441935j),,(0.07113093963490129+0.01974077107544192j),-4488.440924736483
6891,6891,10.68909375,0.0076846324238769,(0.02523393952597345+0.04831697166564508j),,(0.025233939525974372+0.048316971665641945j),-4487.640988731361
6892,6892,10.68919375,0.0067248238664529,(-0.013180184478574067+0.11733026855811107j),,(-0.01318018447857127+0.11733026855811118j),-4486.84105272624
6893,6893,10.68929375,0.0066131005660731,(-0.06295520944292082+0.021504797315186622j),,(-0.06295520944292475+0.021504797315183802j),-4486.041116721119
6894,6894,10.68939375,0.0085105840561922,(-0.09924907600829544+0.10016041543753515j),,(-0.09924907600829189+0.10016041543753593j),-4485.241180715997
6895,6895,10.68949375,0.0065794526099852,(-0.13571599702647583+0.016312672411908053j),,(-0.1357159970264715+0.016312672411914073j),-4484.441244710875
6896,6896,10.689593749999998,0.0075747282446227,(-0.14545716129511307-0.0875200150200803j),,(-0.14545716129511368-0.0875200150200777j),-4483.641308705754
6897,6897,10.689693749999998,0.0087002169901851,(-0.07038220420151059-0.17027357927811873j),,(-0.07038220420151012-0.17027357927811487j),-4482.841372700633
6898,6898,10.68979375,0.0096703505716008,(-0.019449476399325982-0.041891069734117735j),,(-0.019449476399327047-0.041891069734119796j),-4482.041436695511
6899,6899,10.68989375,0.0083082235150771,(-0.0035520926113290444-0.03670478804699008j),,(-0.0035520926113280504-0.03670478804698836j),-4481.241500690389
6900,6900,10.68999375,0.006790019527387,(-0.0093656230360334-0.10241522224372168j),,(-0.009365623036033601-0.10241522224371932j),-4480.4415646852685
6901,6901,10.69009375,0.0079016127659173,(0.022517483031901247-0.084048450343537j),,(0.02251748303190316-0.0840484503435375j),-4479.641628680147
6902,6902,10.69019375,0.0086570233452496,(0.024794669554003022-0.09463135473086717j),,(0.02479466955400375-0.09463135473086624j),-4478.841692675025
6903,6903,10.69029375,0.0073146927532245,(0.045081261694194685+0.018650481462787256j),,(0.04508126169419463+0.01865048146278831j),-4478.041756669904
6904,6904,10.690393749999998,0.0078777313542516,(0.020113774459660276+0.007727294846913025j),,(0.02011377445965802+0.007727294846916051j),-4477.241820664783
6905,6905,10.69049375,0.0078860948692872,(-0.031170347851817264-0.05097719732471129j),,(-0.031170347851821458-0.05097719732471678j),-4476.441884659661
6906,6906,10.69059375,0.0094888523937854,(0.09839280811881396-0.11598220767492666j),,(0.09839280811881246-0.11598220767492713j),-4475.641948654539
6907,6907,10.69069375,0.0067450901973294,(0.062485626054682525+0.015061958379150274j),,(0.06248562605468226+0.01506195837914933j),-4474.842012649418
6908,6908,10.69079375,0.0056918768022773,(0.07631924462050238+0.07475173514703683j),,(0.07631924462050527+0.07475173514703966j),-4474.042076644297
6909,6909,10.69089375,0.0063625483336776,(0.035632532622914645+0.06727915432721086j),,(0.035632532622909614+0.06727915432720996j),-4473.242140639175
6910,6910,10.69099375,0.0062844118954754,(0.09329086912628981+0.034413443589894184j),,(0.09329086912628883+0.034413443589892644j),-4472.442204634054
6911,6911,10.69109375,0.004613455189279,(-0.009701530318243714+0.019532554017914747j),,(-0.009701530318243884+0.01953255401791385j),-4471.6422686289325
6912,6912,10.691193749999998,0.0045993738983891,(-0.06474952038469209+0.05206119381400854j),,(-0.06474952038469191+0.052061193814007554j),-4470.842332623811
6913,6913,10.69129375,0.0057329368715781,(-0.029418137917543205+0.0851950180526731j),,(-0.02941813791754213+0.08519501805267501j),-4470.042396618689
6914,6914,10.69139375,0.0068605907917499,(-0.05634844891318258+0.006396662750410634j),,(-0.05634844891318216+0.0063966627504109305j),-4469.242460613568
6915,6915,10.69149375,0.0069445849266354,(-0.09148406374079295-0.06801135636952998j),,(-0.0914840637407925-0.06801135636953165j),-4468.442524608447
6916,6916,10.69159375,0.0062896974023827,(-0.0483273745207267-0.031731607471381755j),,(-0.048327374520727176-0.03173160747138272j),-4467.642588603325
6917,6917,10.69169375,0.005504112339437,(-0.019203324604748842-0.05503876328866593j),,(-0.019203324604745053-0.055038763288664715j),-4466.842652598203
6918,6918,10.69179375,0.0050831535816348,(0.0031931327774130007+0.023265011080172454j),,(0.0031931327774128307+0.023265011080175386j),-4466.042716593082
6919,6919,10.691893749999998,0.0043205466881722,(-0.027153936001462913-0.07929139624122078j),,(-0.027153936001463326-0.07929139624121903j),-4465.242780587961
6920,6920,10.69199375,0.0038525078576652,(-0.013205656246088769-0.021749608881800508j),,(-0.013205656246087917-0.02174960888180008j),-4464.442844582839
6921,6921,10.69209375,0.0020757887621057,(-0.04196966228904177+0.021855977558261106j),,(-0.04196966228904327+0.021855977558263424j),-4463.642908577718
6922,6922,10.69219375,0.0047204966682804,(-0.004257262161853749-0.02044391781321901j),,(-0.004257262161853502-0.020443917813217326j),-4462.842972572596
6923,6923,10.69229375,0.0048482693497781,(-0.029984456337577504-0.037152619971369844j),,(-0.029984456337577695-0.03715261997137208j),-4462.043036567475
6924,6924,10.69239375,0.0048322655279678,(-0.08621234623096634-0.07038414236140927j),,(-0.0862123462309595-0.07038414236141018j),-4461.243100562353
6925,6925,10.69249375,0.0031747811664261,(-0.08638157979388993-0.14442404672498088j),,(-0.08638157979389055-0.1444240467249819j),-4460.443164557232
6926,6926,10.69259375,0.0029573586501076,(-0.015878819314784992-0.0408241979710087j),,(-0.015878819314784964-0.04082419797100566j),-4459.6432285521105
6927,6927,10.692693749999998,0.0041088306505134,(0.10302254608105342-0.05433215494483603j),,(0.10302254608105238-0.05433215494483633j),-4458.843292546989
6928,6928,10.69279375,0.0045520676932017,(0.008050815983582862-0.012993535260830857j),,(0.008050815983581474-0.012993535260830259j),-4458.043356541868
6929,6929,10.69289375,0.0036458378905642,(0.05322677489016224-0.04910367938308953j),,(0.05322677489016195-0.049103679383085685j),-4457.243420536746
6930,6930,10.69299375,0.0023601814123239,(0.015874514470325556+0.005490518940451532j),,(0.0158745144703265+0.005490518940445936j),-4456.443484531625
6931,6931,10.69309375,0.0010775377467203,(0.009386061290706037+0.04197802911313368j),,(0.009386061290701981+0.041978029113135765j),-4455.643548526503
6932,6932,10.69319375,0.00219186414978,(0.06642040922706197+0.04772710952469314j),,(0.06642040922706391+0.047727109524693986j),-4454.843612521382
6933,6933,10.69329375,0.0022508189456207,(0.03702987146638723-0.04375059929382532j),,(0.03702987146638728-0.04375059929382307j),-4454.04367651626
6934,6934,10.693393749999998,0.0024988808767266,(0.06404010714283012+0.054239693604997224j),,(0.06404010714282708+0.05423969360499723j),-4453.243740511139
6935,6935,10.693493749999998,0.0023039350309214,(0.11158884579958275+0.025470763824750303j),,(0.11158884579958392+0.025470763824750123j),-4452.443804506018
6936,6936,10.69359375,0.0023794228740819,(0.04641118358350155+0.054551065948125824j),,(0.04641118358350103+0.05455106594812927j),-4451.643868500896
6937,6937,10.69369375,0.001965113279894,(-0.013761271657792716+0.03876608601365495j),,(-0.013761271657794977+0.038766086013652876j),-4450.843932495774
6938,6938,10.69379375,0.0033450288729636,(-0.05139444586857075+0.005832920299079582j),,(-0.05139444586857705+0.005832920299078713j),-4450.043996490653
6939,6939,10.69389375,0.003220210887773,(-0.03208181527594504+0.11249455417839768j),,(-0.03208181527594552+0.11249455417839788j),-4449.244060485532
6940,6940,10.69399375,0.0031423745887887,(-0.0038245781078114424+0.028228514263410318j),,(-0.0038245781078130262+0.02822851426340575j),-4448.44412448041
6941,6941,10.69409375,0.0027806790358444,(-0.0490102877667488+0.05412191919436482j),,(-0.04901028776674861+0.05412191919436468j),-4447.6441884752885
6942,6942,10.694193749999998,0.0022852056422079,(-0.047015884285753914+0.008980913327043252j),,(-0.04701588428575235+0.008980913327044359j),-4446.844252470167
6943,6943,10.69429375,0.0043944524514233,(-0.05477522823852421-0.00045146507973611513j),,(-0.05477522823852183-0.000451465079734939j),-4446.044316465046
6944,6944,10.69439375,0.0034306421959792,(-0.05211930382490703+0.05990456572472741j),,(-0.05211930382490526+0.05990456572472802j),-4445.244380459924
6945,6945,10.69449375,0.0024755591463722,(-0.04458766244666067+0.03198939784028362j),,(-0.04458766244665892+0.031989397840281666j),-4444.444444454803
6946,6946,10.69459375,0.0029824323885148,(-0.07129828702444205-0.08491885675543254j),,(-0.07129828702444514-0.0849188567554304j),-4443.644508449682
6947,6947,10.69469375,0.0038944046271884,(-0.04193902629759549-0.17762765081165366j),,(-0.04193902629759866-0.17762765081165408j),-4442.84457244456
6948,6948,10.69479375,0.0051724955172469,(-0.026139533986105662-0.07050540379796666j),,(-0.02613953398610612-0.07050540379796727j),-4442.044636439438
6949,6949,10.69489375,0.0027190956999682,(0.001815065865880339+0.031157833165922882j),,(0.0018150658658816331+0.031157833165922848j),-4441.244700434317
6950,6950,10.694993749999998,0.0026394676875446,(-0.012961364171466106+0.015707183558399174j),,(-0.012961364171465782+0.01570718355839917j),-4440.444764429196
6951,6951,10.69509375,0.004602371189168,(0.009273993616916703-0.06884921425915543j),,(0.009273993616916807-0.06884921425915622j),-4439.644828424074
6952,6952,10.69519375,0.00643636445313,(0.036353535817444584+0.013523224673627737j),,(0.03635353581744519+0.013523224673628789j),-4438.844892418952
6953,6953,10.69529375,0.0066069190743967,(0.06095118218262673-0.014171282729474634j),,(0.06095118218262377-0.01417128272947701j),-4438.044956413832
6954,6954,10.69539375,0.0046382290001052,(-0.027530240122931496-0.008953112050924934j),,(-0.02753024012293481-0.008953112050924875j),-4437.24502040871
6955,6955,10.69549375,0.0062535418702694,(0.04382044825993956-0.056894528842448194j),,(0.04382044825994592-0.0568945288424489j),-4436.445084403588
6956,6956,10.69559375,0.0072037326954385,(-0.04200351284618963-0.0498562494160521j),,(-0.04200351284618903-0.049856249416054994j),-4435.6451483984665
6957,6957,10.695693749999998,0.0061691663079275,(0.020920821934803636-0.04718654333856663j),,(0.0209208219348006-0.04718654333856938j),-4434.845212393346
6958,6958,10.695793749999998,0.0049191755876987,(0.051519652891974965+0.03708659630044703j),,(0.05151965289197415+0.037086596300444474j),-4434.045276388224
6959,6959,10.69589375,0.0056387446934344,(0.055329875836384344+0.05634894548417959j),,(0.05532987583638484+0.056348945484178785j),-4433.245340383102
6960,6960,10.69599375,0.0062964385253451,(0.057765845148751396-0.039348184900047614j),,(0.0577658451487489-0.03934818490004709j),-4432.445404377981
6961,6961,10.69609375,0.0060831280388556,(-0.042530973011905435-0.01306839544049597j),,(-0.04253097301190458-0.013068395440495156j),-4431.64546837286
6962,6962,10.69619375,0.0054209480107443,(-0.07011665475222263-0.0015509375607604195j),,(-0.07011665475221945-0.0015509375607614811j),-4430.845532367738
6963,6963,10.69629375,0.0075993122680711,(0.029293783963433885+0.04185744636235049j),,(0.02929378396343294+0.04185744636235193j),-4430.045596362616
6964,6964,10.69639375,0.0083469322403026,(0.046276149179688295+0.07115205715780332j),,(0.046276149179689745+0.07115205715779951j),-4429.245660357496
6965,6965,10.696493749999998,0.0093654359825092,(-0.01309604159766056+0.06338889521949517j),,(-0.013096041597663838+0.06338889521949806j),-4428.445724352374
6966,6966,10.69659375,0.0090240717101129,(-0.03892488896049985+0.036812484836138026j),,(-0.03892488896049849+0.036812484836136944j),-4427.645788347252
6967,6967,10.69669375,0.0092167662037835,(-0.07004643066054045+0.060791540993513485j),,(-0.0700464306605389+0.06079154099351407j),-4426.8458523421305
6968,6968,10.69679375,0.0100454853389566,(-0.05094915774753738-0.018046451953646812j),,(-0.050949157747538276-0.018046451953642826j),-4426.04591633701
6969,6969,10.69689375,0.0096772524075455,(-0.040068896262372394-0.057016096575915796j),,(-0.040068896262371624-0.05701609657591634j),-4425.245980331888
6970,6970,10.69699375,0.0074212333905052,(-0.02001095137065517+0.009031276449912754j),,(-0.02001095137065311+0.009031276449909956j),-4424.446044326766
6971,6971,10.69709375,0.0082358356903904,(-0.06295154030090606-0.03430624680824177j),,(-0.06295154030090752-0.03430624680824408j),-4423.646108321645
6972,6972,10.69719375,0.0048710450712185,(-0.06594291730154789-0.07888707103284133j),,(-0.06594291730154618-0.0788870710328416j),-4422.846172316524
6973,6973,10.697293749999998,0.0075312221189841,(0.007849108804308984-0.008877030749975616j),,(0.007849108804307172-0.008877030749977234j),-4422.046236311402
6974,6974,10.69739375,0.0056123421046606,(0.01514812373159652-0.04606800679308533j),,(0.015148123731598268-0.04606800679308559j),-4421.24630030628
6975,6975,10.69749375,0.006455200359442,(-0.014826414855571799-0.038941858325160554j),,(-0.01482641485556969-0.03894185832516051j),-4420.4463643011595
6976,6976,10.69759375,0.0061079218307809,(-0.007655538581286186-0.06727037689552359j),,(-0.0076555385812857-0.06727037689552372j),-4419.646428296038
6977,6977,10.69769375,0.0081831015696306,(0.013679757168418422+0.03211886822323289j),,(0.013679757168422034+0.03211886822323151j),-4418.846492290916
6978,6978,10.69779375,0.0096909546250493,(0.01779484417456462-0.0577613644999698j),,(0.017794844174561335-0.05776136449996874j),-4418.046556285794
6979,6979,10.69789375,0.0100674262457599,(0.018332631984134196+0.0008117051618292872j),,(0.018332631984139765+0.0008117051618281353j),-4417.246620280674
6980,6980,10.697993749999998,0.0079067170884375,(0.034104567795398236-0.0021311288530013652j),,(0.03410456779539773-0.0021311288530040436j),-4416.446684275552
6981,6981,10.69809375,0.0092762099192467,(0.023001475531791694+0.06069163280397853j),,(0.023001475531790622+0.060691632803979614j),-4415.64674827043
6982,6982,10.69819375,0.0081350601751087,(0.021619367407691787+0.02077848841151502j),,(0.021619367407694413+0.020778488411517023j),-4414.846812265309
6983,6983,10.69829375,0.0086076693029463,(-0.01721809370586836+0.0040758509242328775j),,(-0.017218093705870074+0.004075850924232929j),-4414.046876260188
6984,6984,10.69839375,0.0065102098819058,(-0.04427361481492403+0.06024351959337288j),,(-0.04427361481492393+0.06024351959337166j),-4413.246940255066
6985,6985,10.69849375,0.0047084342839141,(0.006148657623072417-0.007207753482841309j),,(0.006148657623072961-0.007207753482842596j),-4412.447004249944
6986,6986,10.69859375,0.0057721992486474,(0.027337922069421018+0.016486350751004596j),,(0.027337922069422545+0.016486350751002007j),-4411.6470682448235
6987,6987,10.69869375,0.0073858223172467,(0.01028483782370045+0.07918101166186545j),,(0.010284837823697445+0.07918101166186373j),-4410.847132239702
6988,6988,10.698793749999998,0.0075815103365901,(-0.04048049197055601+0.04686528006011847j),,(-0.04048049197054997+0.04686528006012057j),-4410.04719623458
6989,6989,10.69889375,0.0079504127739091,(0.07761831339891935+0.024595587044317566j),,(0.07761831339892035+0.024595587044316646j),-4409.247260229459
6990,6990,10.69899375,0.0083472276727071,(0.006923740181973055+0.013756033225309683j),,(0.00692374018197237+0.013756033225305343j),-4408.4473242243375
6991,6991,10.69909375,0.0084967099230734,(0.01760173899784845-0.01674043445734957j),,(0.017601738997850207-0.016740434457350174j),-4407.647388219216
6992,6992,10.69919375,0.0067946350615249,(0.028445826464208214+0.04474950069150918j),,(0.02844582646421164+0.044749500691511304j),-4406.847452214094
6993,6993,10.69929375,0.0058154299804544,(0.023313829480397053-0.0025324264072187613j),,(0.0233138294803983-0.0025324264072180865j),-4406.047516208973
6994,6994,10.69939375,0.0062313177458342,(-0.01567676073292205-0.014671443490105561j),,(-0.015676760732922533-0.014671443490106777j),-4405.247580203852
6995,6995,10.699493749999998,0.0057742342985683,(0.05800231470786371-0.03007189216342314j),,(0.05800231470786216-0.030071892163425512j),-4404.44764419873
6996,6996,10.699593749999998,0.0058430989223758,(9.084811300348605e-05+0.03134392683402112j),,(9.084811300297431e-05+0.03134392683401774j),-4403.647708193609
6997,6997,10.69969375,0.0042824192030757,(-0.0006101267556898743+0.025589023620753885j),,(-0.0006101267556895551+0.025589023620753625j),-4402.847772188487
6998,6998,10.69979375,0.0053403636621564,(-0.036691110707528854+0.0022456664212812828j),,(-0.03669111070752642+0.002245666421277513j),-4402.047836183366
6999,6999,10.69989375,0.0059564166741926,(-0.03728509298353964+0.008666212640483256j),,(-0.03728509298353588+0.008666212640481221j),-4401.247900178244
7000,7000,10.69999375,0.0060500386996503,(-0.018414733211998227-0.05640254707745309j),,(-0.018414733211997596-0.05640254707745125j),-4400.447964173123
7001,7001,10.70009375,0.0039430672046147,(-0.0542164632168604+0.036033501344094145j),,(-0.05421646321686055+0.03603350134409343j),-4399.6480281680015
7002,7002,10.70019375,0.0042682927251829,(-0.011952375829797685-0.052530850680539545j),,(-0.011952375829798622-0.05253085068054016j),-4398.84809216288
7003,7003,10.700293750000002,0.0045011779149465,(0.036616956415648334-0.004005226824851095j),,(0.03661695641564713-0.004005226824844659j),-4398.048156157758
7004,7004,10.700393750000002,0.0035077181980036,(-0.055589699131889304-0.08633264817243569j),,(-0.05558969913189002-0.08633264817243626j),-4397.248220152637
7005,7005,10.70049375,0.0013425928782702,(-0.026782200168101115-0.07351944938117429j),,(-0.02678220016810113-0.07351944938117547j),-4396.448284147516
7006,7006,10.70059375,0.002209056857812,(-0.005237617861002759-0.10294802322727327j),,(-0.005237617860998415-0.10294802322727112j),-4395.648348142394
7007,7007,10.70069375,0.0036651969617972,(-0.00867057577045043+0.016124514502708936j),,(-0.008670575770454823+0.016124514502711743j),-4394.848412137273
7008,7008,10.70079375,0.0044885877361451,(-0.026304678925133225-0.04210036797757428j),,(-0.02630467892513212-0.04210036797757316j),-4394.048476132151
7009,7009,10.70089375,0.0036595814088896,(-0.045450235289687314-0.023998519037668375j),,(-0.04545023528968686-0.02399851903767j),-4393.24854012703
7010,7010,10.70099375,0.0034102568569615,(0.023427913478177995-0.006862007181175572j),,(0.02342791347818024-0.006862007181172735j),-4392.448604121908
7011,7011,10.701093750000002,0.0038904499791458,(0.02124789256485814+0.03176114484132367j),,(0.021247892564860635+0.03176114484132233j),-4391.648668116787
7012,7012,10.701193750000002,0.0037290095588748,(0.03874350134720833+0.005425727587022549j),,(0.03874350134720948+0.005425727587025869j),-4390.848732111665
7013,7013,10.70129375,0.004414889317591,(-0.01859334883541955+0.052797084232283895j),,(-0.018593348835418615+0.05279708423228385j),-4390.048796106544
7014,7014,10.70139375,0.0040527429903336,(-0.030574668831896273-0.04175706214512223j),,(-0.03057466883189582-0.04175706214511872j),-4389.248860101423
7015,7015,10.70149375,0.0009573056152993,(0.04245631393047496-0.022017512303647124j),,(0.04245631393047499-0.022017512303644127j),-4388.448924096301
7016,7016,10.70159375,0.0015068974463266,(0.00996836995305448+0.006416162115753136j),,(0.00996836995305237+0.006416162115749504j),-4387.6489880911795
7017,7017,10.70169375,0.0034378217287493,(-0.021831971444350912+0.07771314139187006j),,(-0.02183197144434912+0.07771314139187203j),-4386.849052086058
7018,7018,10.70179375,0.0027977717472263,(0.004615600870181742+0.010790091064098888j),,(0.004615600870179988+0.010790091064102968j),-4386.049116080937
7019,7019,10.701893750000002,0.0007502482296908,(-0.03731529027248323-0.007887722154805557j),,(-0.03731529027248453-0.007887722154808416j),-4385.249180075815
7020,7020,10.701993750000002,0.0009153353982732,(-0.04802242931578027+0.08465829443642975j),,(-0.048022429315778804+0.08465829443642965j),-4384.449244070694
7021,7021,10.70209375,0.0042897516464819,(-0.01725280093118749+0.04495645730749749j),,(-0.01725280093118852+0.044956457307500204j),-4383.649308065572
7022,7022,10.70219375,0.0048620127290056,(0.052731104203620274+0.02402271836763435j),,(0.052731104203615875+0.024022718367632395j),-4382.849372060451
7023,7023,10.70229375,0.0029276234267142,(0.006812790279772401+0.001947955559240095j),,(0.006812790279771435+0.001947955559241277j),-4382.049436055329
7024,7024,10.70239375,0.0041759360889379,(-0.05781790266780719+0.0013908900377369547j),,(-0.05781790266780562+0.0013908900377351506j),-4381.249500050208
7025,7025,10.70249375,0.0029473045880358,(-0.07012785784194181-0.029657315130452437j),,(-0.07012785784193944-0.029657315130450425j),-4380.449564045087
7026,7026,10.702593750000002,0.005841203745258,(0.09037952885744541+0.0028722986674736897j),,(0.09037952885745043+0.00287229866747557j),-4379.649628039965
7027,7027,10.702693750000002,0.0049670767147783,(0.00308740938025424-0.038468751546979145j),,(0.003087409380251452-0.03846875154697699j),-4378.849692034843
7028,7028,10.70279375,0.0047656056504765,(0.0143229268080492+0.015526521519592924j),,(0.01432292680804866+0.015526521519592381j),-4378.049756029722
7029,7029,10.70289375,0.0033607030805338,(0.07892834288887288+0.05110614106581769j),,(0.07892834288887207+0.051106141065816665j),-4377.249820024601
7030,7030,10.70299375,0.0037115190264154,(-0.07336491035596719-0.038690948310476515j),,(-0.07336491035596238-0.03869094831047262j),-4376.449884019479
7031,7031,10.70309375,0.0036615525097128,(-0.01625771056495472-0.03431824413283137j),,(-0.016257710564954453-0.034318244132837586j),-4375.6499480143575
7032,7032,10.70319375,0.0033189471263895,(-0.037612388303635794-0.023152814734243146j),,(-0.03761238830363565-0.023152814734242202j),-4374.850012009237
7033,7033,10.70329375,0.0025889125672861,(0.051978589420791546-0.046034189726269215j),,(0.05197858942078826-0.04603418972626548j),-4374.050076004115
7034,7034,10.703393750000002,0.0040332480433966,(-0.011841065388145573-0.046752413189356676j),,(-0.011841065388147064-0.04675241318935399j),-4373.250139998993
7035,7035,10.703493750000002,0.0030961456211484,(-0.0017795604192083398-0.05330688305260403j),,(-0.0017795604192080848-0.0533068830526027j),-4372.450203993872
7036,7036,10.70359375,0.0053948173487844,(-0.072941954541066-0.06279756564039085j),,(-0.07294195454106382-0.06279756564039037j),-4371.650267988751
7037,7037,10.70369375,0.0060870092191071,(-0.0027832995074568642-0.04145183456178933j),,(-0.0027832995074592304-0.04145183456179047j),-4370.850331983629
7038,7038,10.70379375,0.0078754545151789,(0.0018169004053434634+0.055869429394748545j),,(0.001816900405344199+0.05586942939474662j),-4370.050395978507
7039,7039,10.70389375,0.0079075792829477,(-0.03384074233318599+0.01827134826986253j),,(-0.03384074233318523+0.018271348269862625j),-4369.250459973386
7040,7040,10.70399375,0.0080459990583173,(0.0462048328576265-0.08198607678569865j),,(0.04620483285762232-0.08198607678569797j),-4368.450523968265
7041,7041,10.70409375,0.0073764529935125,(0.022881498649285473+0.017148293471215666j),,(0.022881498649281788+0.01714829347121952j),-4367.650587963143
7042,7042,10.704193750000002,0.0069914000621367,(-0.007342614443837915-0.04551958011786468j),,(-0.007342614443839636-0.04551958011786225j),-4366.850651958021
7043,7043,10.70429375,0.0060590230611903,(-0.008275815071037078-0.025330403170155565j),,(-0.008275815071037196-0.02533040317015718j),-4366.050715952901
7044,7044,10.70439375,0.0060636988295213,(0.05819750608380386+0.06199001645004998j),,(0.058197506083804154+0.0619900164500492j),-4365.250779947779
7045,7045,10.70449375,0.004236782805366,(-0.018230495752612673+0.027800018402616186j),,(-0.018230495752611507+0.027800018402610153j),-4364.450843942657
7046,7046,10.70459375,0.0046332649569311,(-0.034555250953510794+0.02428800551678239j),,(-0.03455525095350849+0.02428800551678567j),-4363.6509079375355
7047,7047,10.70469375,0.004489419387912,(0.0031529371434176876-0.03790682596215573j),,(0.0031529371434170597-0.03790682596215259j),-4362.850971932415
7048,7048,10.70479375,0.0059043076904083,(-0.04449366400774697-0.003343214113128972j),,(-0.04449366400774362-0.003343214113130797j),-4362.051035927293
7049,7049,10.704893750000002,0.0058851146671472,(-0.0021735701119563328+0.07920135877696835j),,(-0.0021735701119517947+0.07920135877696925j),-4361.251099922171
7050,7050,10.704993750000002,0.0088256013176078,(0.00210148186843428+0.036443054158626226j),,(0.0021014818684340873+0.0364430541586258j),-4360.4511639170505
7051,7051,10.70509375,0.0095756499196672,(0.015453737319265116-0.012438845635598888j),,(0.015453737319265902-0.012438845635601326j),-4359.651227911929
7052,7052,10.70519375,0.0108356162092236,(-0.006882092056079796+0.035044653146512214j),,(-0.006882092056079075+0.035044653146514435j),-4358.851291906807
7053,7053,10.70529375,0.009876442958028,(0.05536658604610664+0.010741172651110392j),,(0.055366586046109556+0.010741172651108792j),-4358.051355901685
7054,7054,10.70539375,0.0097876237193816,(0.015844812226044898+0.06093175773169833j),,(0.015844812226043996+0.060931757731699086j),-4357.251419896565
7055,7055,10.70549375,0.0090972107062784,(-0.0009653341230673575-0.036522653375734876j),,(-0.0009653341230676845-0.036522653375731205j),-4356.451483891443
7056,7056,10.70559375,0.0079065871708892,(0.025438077828499207-0.054169737210531546j),,(0.025438077828500272-0.054169737210531935j),-4355.651547886321
7057,7057,10.705693750000002,0.006291598524644,(-0.027453528581633635-0.012445961140998326j),,(-0.027453528581634988-0.01244596114099716j),-4354.8516118811995
7058,7058,10.705793750000002,0.0049012111057762,(0.00021276040586582856-0.008894459146063143j),,(0.00021276040586389218-0.00889445914606389j),-4354.051675876079
7059,7059,10.70589375,0.0052421521546398,(-0.036662348645120406+0.007593229281526835j),,(-0.03666234864512101+0.007593229281527504j),-4353.251739870957
7060,7060,10.70599375,0.0047815384784506,(0.03236132182439516+0.0042763669015941815j),,(0.03236132182439072+0.004276366901597137j),-4352.451803865835
7061,7061,10.70609375,0.0059337766356483,(0.004608751448354328+0.011189182530154919j),,(0.004608751448349628+0.01118918253015801j),-4351.651867860714
7062,7062,10.70619375,0.0072615920096786,(-0.02619410934253457+0.02619913526854623j),,(-0.02619410934253752+0.026199135268544144j),-4350.851931855593
7063,7063,10.70629375,0.0089735047371218,(0.006028679945808857+0.004892546598293544j),,(0.006028679945806658+0.004892546598291693j),-4350.051995850471
7064,7064,10.706393750000002,0.0100742263930154,(0.014173936420214795+0.01367782704142569j),,(0.014173936420212072+0.013677827041428562j),-4349.252059845349
7065,7065,10.706493750000002,0.0104064968714756,(0.0859521675082822-0.05231204578337569j),,(0.08595216750828394-0.05231204578337659j),-4348.4521238402285
7066,7066,10.70659375,0.0108647483600829,(-0.010816497435156038-0.008614035440756345j),,(-0.010816497435157111-0.008614035440756505j),-4347.652187835107
7067,7067,10.70669375,0.0102408916580161,(-0.007780692111241218-0.027368680180726468j),,(-0.007780692111239918-0.02736868018073278j),-4346.852251829985
7068,7068,10.70679375,0.0085066930635729,(0.030663574196362668+0.056032306831135366j),,(0.030663574196365673+0.05603230683113877j),-4346.052315824864
7069,7069,10.70689375,0.0078605490737235,(0.06124633512300057-0.09018845577123044j),,(0.061246335123000574-0.09018845577123005j),-4345.252379819743
7070,7070,10.70699375,0.0056023123425526,(0.023382057258064106+0.003083808419669317j),,(0.02338205725806768+0.0030838084196704147j),-4344.452443814621
7071,7071,10.70709375,0.0067883550890031,(0.015240678507017245+0.04136029243260957j),,(0.015240678507013852+0.041360292432611516j),-4343.652507809499
7072,7072,10.707193750000002,0.0052665532465509,(-0.010153661896471723+0.00785258505724821j),,(-0.010153661896473511+0.007852585057253106j),-4342.852571804378
7073,7073,10.707293750000002,0.0046218214865146,(-0.041884581829501284+0.027312741896475215j),,(-0.04188458182950203+0.027312741896471503j),-4342.052635799257
7074,7074,10.70739375,0.0065097460095013,(-0.007154793034668346-0.03639539754163717j),,(-0.00715479303466854-0.03639539754163722j),-4341.252699794135
7075,7075,10.70749375,0.0068589587824621,(-0.07803332627938513-0.03748093739175663j),,(-0.078033326279382-0.03748093739175809j),-4340.452763789014
7076,7076,10.70759375,0.0062979603641079,(-0.05583831504479407+0.030481627019616736j),,(-0.05583831504479485+0.03048162701961296j),-4339.6528277838925
7077,7077,10.70769375,0.0059342004209711,(-0.04514467791883443-0.04550263915707946j),,(-0.04514467791883629-0.045502639157079125j),-4338.852891778771
7078,7078,10.70779375,0.0071038023151352,(0.006500429774843534-0.0032061860852154395j),,(0.006500429774843613-0.0032061860852170194j),-4338.052955773649
7079,7079,10.70789375,0.006450397762723,(-0.07053493003872331-0.022181631971592182j),,(-0.07053493003872391-0.022181631971596914j),-4337.253019768528
7080,7080,10.707993750000002,0.0045551602618747,(-0.017448042593933216+0.003291404083442995j),,(-0.017448042593931234+0.0032914040834426733j),-4336.4530837634065
7081,7081,10.708093750000002,0.0053869444408564,(-0.006541088725912104+0.009968281768341724j),,(-0.0065410887259099906+0.009968281768342838j),-4335.653147758285
7082,7082,10.70819375,0.0060287012523587,(-0.02157016286243485-0.010426593055035809j),,(-0.021570162862433233-0.010426593055033578j),-4334.853211753163
7083,7083,10.70829375,0.0061469042333332,(0.020323694033068294+0.04001902575814408j),,(0.020323694033066546+0.04001902575814308j),-4334.053275748042
7084,7084,10.70839375,0.0036579386690355,(0.005430745284139593+0.024775232606155915j),,(0.0054307452841371+0.02477523260615388j),-4333.253339742921
7085,7085,10.70849375,0.0043956214367178,(0.028241836821243513+0.01600994076317732j),,(0.02824183682124424+0.016009940763180165j),-4332.453403737799
7086,7086,10.70859375,0.0035488161274607,(-0.03187516113168822+0.0061946473768742325j),,(-0.03187516113168988+0.006194647376875554j),-4331.653467732678
7087,7087,10.708693750000002,0.0048726194424609,(0.04528080992234332-0.021952758513292297j),,(0.045280809922338655-0.021952758513289213j),-4330.853531727556
7088,7088,10.708793750000002,0.0038310103149016,(-0.0030046833349165604-0.010428259406304168j),,(-0.003004683334911948-0.010428259406306092j),-4330.053595722435
7089,7089,10.70889375,0.0034264293026735,(0.05752367691153439+0.043293843820362825j),,(0.05752367691153348+0.04329384382036203j),-4329.253659717313
7090,7090,10.70899375,0.0019683085840103,(0.08252834159323594+0.023306897375432754j),,(0.08252834159323388+0.023306897375430763j),-4328.453723712192
7091,7091,10.70909375,0.0020585723653907,(0.05103735507367079+0.02508608076543555j),,(0.05103735507366725+0.02508608076543775j),-4327.6537877070705
7092,7092,10.70919375,0.0038370743589088,(0.008606084179771652+0.06437917400100203j),,(0.008606084179770889+0.06437917400099837j),-4326.853851701949
7093,7093,10.70929375,0.0040933959165161,(0.0314572745970438-0.008959342267660951j),,(0.031457274597045226-0.008959342267657908j),-4326.053915696828
7094,7094,10.70939375,0.0037658946933413,(-0.05279182743324436+0.01412091571421073j),,(-0.05279182743324602+0.014120915714207974j),-4325.253979691706
7095,7095,10.709493750000002,0.003977956102313,(0.006587963276849148-0.0015270453145661048j),,(0.006587963276850909-0.0015270453145659305j),-4324.454043686585
7096,7096,10.709593750000002,0.0044402851181321,(-0.0005898167842774962-0.027565420806898073j),,(-0.0005898167842790158-0.027565420806898267j),-4323.654107681463
7097,7097,10.70969375,0.0049227583840364,(0.04708823337460001-0.10230271899862556j),,(0.047088233374599484-0.10230271899862788j),-4322.854171676342
7098,7098,10.70979375,0.0028951408676104,(0.06203202474912486-0.01633664774722008j),,(0.06203202474912442-0.01633664774721771j),-4322.05423567122
7099,7099,10.70989375,0.0035088536868197,(-0.044547768662627996+0.00324040440705297j),,(-0.04454776866262717+0.003240404407050732j),-4321.254299666099
7100,7100,10.70999375,0.0018480733222231,(-0.006381489676169944+0.018631365690593694j),,(-0.006381489676172761+0.018631365690594884j),-4320.454363660977
7101,7101,10.71009375,0.0024285300739435,(0.0005675045567397272+0.08249632325983847j),,(0.0005675045567396682+0.08249632325983838j),-4319.654427655856
7102,7102,10.71019375,0.0007577390146768,(0.059505369132604104+0.026052675734990153j),,(0.05950536913260496+0.026052675734989147j),-4318.854491650734
7103,7103,10.710293750000002,0.002412438629885,(-0.012393223969956638+0.002233296827262098j),,(-0.012393223969958535+0.002233296827260676j),-4318.054555645613
7104,7104,10.71039375,0.0017263103632616,(-0.007020763468841418-0.0033819426169001245j),,(-0.007020763468839778-0.0033819426168977774j),-4317.254619640492
7105,7105,10.71049375,0.0022101300775673,(-0.05731555887404031+0.021154595251603868j),,(-0.057315558874037484+0.021154595251604694j),-4316.45468363537
7106,7106,10.71059375,0.0030045199746624,(-0.03158224663246655-0.012578626798275181j),,(-0.03158224663246585-0.012578626798277533j),-4315.6547476302485
7107,7107,10.71069375,0.0047975169782215,(-0.05015794978200464-0.05308223129699505j),,(-0.05015794978200526-0.05308223129699249j),-4314.854811625127
7108,7108,10.71079375,0.0051783275430208,(0.08379185392784115-0.048316881502602826j),,(0.08379185392783989-0.04831688150260223j),-4314.054875620006
7109,7109,10.71089375,0.0050068981616332,(-0.02811312609098145-0.07463389547934252j),,(-0.028113126090984028-0.07463389547934356j),-4313.254939614884
7110,7110,10.710993750000002,0.0039702124795502,(0.05372635368613453-0.02838699334454353j),,(0.05372635368614065-0.02838699334454086j),-4312.455003609763
7111,7111,10.711093750000002,0.0046433318122894,(0.02042603967546678+0.006474927803648612j),,(0.020426039675465087+0.006474927803648032j),-4311.655067604642
7112,7112,10.71119375,0.004833528325416,(0.006387532912290297+0.09215530491534085j),,(0.00638753291229165+0.09215530491534207j),-4310.85513159952
7113,7113,10.71129375,0.004295461536956,(-0.08721171900229958-0.003994032431249073j),,(-0.08721171900229759-0.0039940324312467135j),-4310.055195594398
7114,7114,10.71139375,0.0024929268417403,(-0.0154313758281554+0.005778705982597535j),,(-0.015431375828155007+0.0057787059825959676j),-4309.255259589277
7115,7115,10.71149375,0.0033517085196415,(0.020574708551936566+0.02867261927247383j),,(0.020574708551935432+0.02867261927247638j),-4308.455323584156
7116,7116,10.71159375,0.0037494468858716,(0.09195507705089276+0.039349402624174634j),,(0.0919550770508911+0.03934940262417158j),-4307.655387579034
7117,7117,10.71169375,0.0032574297772329,(0.04043505899599617-0.02555098957757216j),,(0.0404350589959949-0.025550989577573503j),-4306.855451573912
7118,7118,10.711793750000002,0.0019600800546636,(-0.0008351381988819374-0.02423211753907734j),,(-0.0008351381988836396-0.024232117539078824j),-4306.055515568791
7119,7119,10.711893750000002,0.004258039193542,(0.015523230946342214+0.030474374388039262j),,(0.015523230946342073+0.03047437438803968j),-4305.25557956367
7120,7120,10.71199375,0.0057671353759756,(-0.08066782338728874+0.02090982398228524j),,(-0.0806678233872893+0.02090982398227901j),-4304.455643558548
7121,7121,10.71209375,0.0064287568602578,(0.003408901260069354+0.04717362155002199j),,(0.0034089012600666026+0.04717362155002187j),-4303.6557075534265
7122,7122,10.71219375,0.0052239156308875,(-0.04480184579555361+0.04889059417364581j),,(-0.04480184579555602+0.04889059417364797j),-4302.855771548306
7123,7123,10.71229375,0.0077214081870591,(0.08066233110907198+0.06855285478290071j),,(0.08066233110906885+0.06855285478290118j),-4302.055835543184
7124,7124,10.71239375,0.0084234992159632,(-0.034276343474931595+0.006986690457627216j),,(-0.034276343474930845+0.006986690457632904j),-4301.255899538062
7125,7125,10.712493750000002,0.0076431063453492,(0.010643131274983786+0.01888737141252681j),,(0.010643131274986225+0.01888737141252961j),-4300.455963532941
7126,7126,10.712593750000002,0.0063581567354395,(0.021219837189239407-0.04941599630286591j),,(0.021219837189235986-0.049415996302863134j),-4299.65602752782
7127,7127,10.71269375,0.0070209609038065,(-0.009942720886969533-0.04120750411620724j),,(-0.009942720886968622-0.04120750411621152j),-4298.856091522698
7128,7128,10.71279375,0.0067947410331042,(0.04258250699756737+0.06113166450967355j),,(0.04258250699756598+0.061131664509673916j),-4298.056155517576
7129,7129,10.71289375,0.0063300118928039,(-0.056282325393813844+0.02118274984218439j),,(-0.05628232539381269+0.021182749842185527j),-4297.256219512456
7130,7130,10.71299375,0.0054135844292208,(0.04347514617675566-0.018202145392797266j),,(0.04347514617675894-0.0182021453927935j),-4296.456283507334
7131,7131,10.71309375,0.0063283951319259,(0.031153959665730306-0.050721027696944664j),,(0.03115395966573222-0.05072102769694514j),-4295.656347502212
7132,7132,10.71319375,0.0071455632167143,(-0.00930541185570969+0.02190315487699123j),,(-0.009305411855711758+0.02190315487699323j),-4294.85641149709
7133,7133,10.713293750000002,0.0072783101173704,(-0.014436704986785495+0.03676486950351465j),,(-0.014436704986783493+0.036764869503518274j),-4294.05647549197
7134,7134,10.713393750000002,0.0082296977433963,(-0.04222413396722542-0.010808636484477538j),,(-0.042224133967225824-0.010808636484480199j),-4293.256539486848
7135,7135,10.71349375,0.0080562045598197,(0.057164254282632276-0.06077536794060671j),,(0.05716425428263125-0.06077536794060974j),-4292.456603481726
7136,7136,10.71359375,0.0078382884185497,(-0.07844336450712634-0.042180113302420774j),,(-0.07844336450712637-0.04218011330241789j),-4291.656667476605
7137,7137,10.71369375,0.0074716601839039,(-0.04206516864836872+0.06641447747722182j),,(-0.04206516864836908+0.06641447747722759j),-4290.856731471484
7138,7138,10.71379375,0.007704298666729,(-0.05784270174999312-0.021965109534417777j),,(-0.057842701749989574-0.021965109534415883j),-4290.056795466362
7139,7139,10.71389375,0.0067802959667352,(0.06607768825304167-0.044194153979345514j),,(0.06607768825304293-0.044194153979345015j),-4289.25685946124
7140,7140,10.71399375,0.0081363485495083,(-0.026955677139081202+0.03030180301079145j),,(-0.02695567713907864+0.030301803010791384j),-4288.4569234561195
7141,7141,10.714093750000002,0.0078545953490285,(0.04971219893048804+0.007042655974173768j),,(0.04971219893048691+0.0070426559741756205j),-4287.656987450998
7142,7142,10.714193750000002,0.0075237534793252,(0.016723609319008972+0.027211069020297636j),,(0.01672360931901236+0.027211069020300918j),-4286.857051445876
7143,7143,10.71429375,0.0059847504924545,(0.005769935279340005+0.04170524940250227j),,(0.0057699352793402+0.04170524940250401j),-4286.057115440754
7144,7144,10.71439375,0.0062942994184859,(0.04020500897855503-0.044615926124010316j),,(0.040205008978551615-0.04461592612401054j),-4285.257179435634
7145,7145,10.71449375,0.0071360958875363,(0.022607172822369334-0.013070605325467777j),,(0.02260717282236658-0.013070605325467465j),-4284.457243430512
7146,7146,10.71459375,0.0071349375370372,(0.02029826086073342-0.02937922782324225j),,(0.020298260860734406-0.029379227823239647j),-4283.65730742539
7147,7147,10.71469375,0.0080868300809157,(-0.1384545170549354+0.03830256458547165j),,(-0.13845451705493506+0.03830256458547489j),-4282.857371420269
7148,7148,10.714793750000002,0.0090378019265164,(-0.03852093921069985-0.0013661420765826403j),,(-0.03852093921070302-0.0013661420765797953j),-4282.057435415148
7149,7149,10.714893750000002,0.0089915447224405,(-0.04065408273253579+0.029465261574995693j),,(-0.04065408273253346+0.02946526157499072j),-4281.257499410026
7150,7150,10.71499375,0.0094489757172642,(-0.0661319877996905+0.01630135775640053j),,(-0.06613198779969097+0.016301357756401704j),-4280.457563404904
7151,7151,10.71509375,0.0091083832960533,(-0.023174557521682834+0.13316970663625038j),,(-0.02317455752168185+0.1331697066362508j),-4279.657627399783
7152,7152,10.71519375,0.0091364170132614,(0.04213330792339701-0.015017838157983477j),,(0.042133307923398026-0.015017838157976436j),-4278.857691394662
7153,7153,10.71529375,0.0074242163030288,(0.07412885964864446-0.03604575962093451j),,(0.07412885964864449-0.03604575962093785j),-4278.05775538954
7154,7154,10.71539375,0.006221575860242,(-0.0037575011458383808-0.00702427076975849j),,(-0.0037575011458362414-0.007024270769759091j),-4277.257819384419
7155,7155,10.71549375,0.0061807282106599,(-0.03967160502798385-0.0226085634415538j),,(-0.039671605027981796-0.022608563441552265j),-4276.4578833792975
7156,7156,10.715593750000002,0.0067252855796049,(-0.08436088539825837-0.0647234428503865j),,(-0.08436088539826041-0.06472344285038391j),-4275.657947374176
7157,7157,10.715693750000002,0.0061241423084084,(0.008383135160657735+0.04687187473337683j),,(0.008383135160657057+0.04687187473337372j),-4274.858011369054
7158,7158,10.71579375,0.0055439515548145,(0.055191990147440174-0.02434128224489337j),,(0.05519199014743738-0.024341282244894548j),-4274.058075363933
7159,7159,10.71589375,0.0072272624632824,(0.12590365215507485-0.0037636035426052566j),,(0.1259036521550713-0.003763603542602627j),-4273.258139358812
7160,7160,10.71599375,0.0079231466850445,(-0.07832990773275686-0.05609594586545326j),,(-0.07832990773275847-0.05609594586545813j),-4272.45820335369
7161,7161,10.71609375,0.0078597978843815,(0.013464695292815637-0.03983080755520953j),,(0.013464695292814044-0.03983080755521566j),-4271.658267348568
7162,7162,10.71619375,0.005727908404698,(-0.017870144253681296+0.00017312041993810916j),,(-0.017870144253683905+0.00017312041993531105j),-4270.858331343447
7163,7163,10.716293750000002,0.0065679939176606,(-0.0020097831824524228+0.010895750964710436j),,(-0.0020097831824528547+0.010895750964708614j),-4270.058395338326
7164,7164,10.716393750000002,0.0055610222030946,(0.00979261068916148+0.002267815306667708j),,(0.009792610689160416+0.0022678153066716155j),-4269.258459333204
7165,7165,10.71649375,0.0055985166505597,(0.07546983478440492-0.021793472745850057j),,(0.07546983478440647-0.021793472745852853j),-4268.458523328083
7166,7166,10.71659375,0.0040503597231134,(0.07903662022868316+0.004052875427288917j),,(0.0790366202286816+0.004052875427290631j),-4267.6585873229615
7167,7167,10.71669375,0.0044744138266656,(0.10872241572689112-0.07065688723101543j),,(0.10872241572688655-0.07065688723101578j),-4266.85865131784
7168,7168,10.71679375,0.0041172863912563,(0.0020918928497992116-0.03538377209703144j),,(0.0020918928497944914-0.03538377209703156j),-4266.058715312718
7169,7169,10.71689375,0.0041318369212178,(0.07339402494576638-0.029281109123646735j),,(0.07339402494576724-0.029281109123650232j),-4265.258779307597
7170,7170,10.71699375,0.0041669289374148,(-0.0169265660261656-0.002683033837414517j),,(-0.016926566026165348-0.002683033837416577j),-4264.4588433024755
7171,7171,10.717093750000002,0.0039275996378921,(0.017933260845467855+0.09696661010011373j),,(0.01793326084546988+0.09696661010011101j),-4263.658907297354
7172,7172,10.717193750000002,0.0041318951293581,(0.05868653459145359+0.015614245118723918j),,(0.05868653459145094+0.015614245118716355j),-4262.858971292233
7173,7173,10.71729375,0.0057310776841608,(0.010293659841503442+0.03327791241873598j),,(0.010293659841501619+0.03327791241873587j),-4262.059035287111
7174,7174,10.71739375,0.0040725267897797,(-0.03796398807325176-0.017950506340050576j),,(-0.03796398807325232-0.017950506340052134j),-4261.25909928199
7175,7175,10.71749375,0.002376780781325,(-0.09436740812153482+0.10642142489629053j),,(-0.09436740812153689+0.10642142489628864j),-4260.459163276868
7176,7176,10.71759375,0.002282557838844,(0.02674863122678954+0.03631159124132381j),,(0.02674863122678668+0.036311591241322945j),-4259.659227271747
7177,7177,10.71769375,0.0028498452583305,(0.006935041596442719+0.03707039750347467j),,(0.006935041596442221+0.0370703975034706j),-4258.859291266625
7178,7178,10.71779375,0.0033154847262498,(-0.11363073504092265-0.00808554007788376j),,(-0.11363073504092626-0.008085540077879833j),-4258.059355261504
7179,7179,10.717893750000002,0.0021031363326802,(-0.13214254954084867+0.05948510089650764j),,(-0.1321425495408467+0.059485100896509144j),-4257.259419256382
7180,7180,10.717993750000002,0.0027079791798923,(-0.03019473822243312-0.02108179656051578j),,(-0.030194738222430045-0.021081796560513958j),-4256.459483251261
7181,7181,10.71809375,0.0037046996140337,(-0.00214057062094579+0.014581556398944215j),,(-0.00214057062094483+0.014581556398946306j),-4255.6595472461395
7182,7182,10.71819375,0.0035318516502354,(0.05273684993545786-0.016431329146343942j),,(0.05273684993546079-0.016431329146340566j),-4254.859611241018
7183,7183,10.71829375,0.0042029753093592,(0.011766278167592464-0.03954227131853619j),,(0.011766278167591784-0.03954227131853667j),-4254.059675235897
7184,7184,10.71839375,0.0022324171148363,(0.010434869816715523-0.08381815275054463j),,(0.010434869816713701-0.08381815275054547j),-4253.259739230775
7185,7185,10.71849375,0.0016330305660057,(0.02655991351882125-0.011742431539270395j),,(0.026559913518819783-0.011742431539271053j),-4252.459803225654
7186,7186,10.718593750000002,0.0019575259939695,(0.0063277388129851795+0.00669413438390916j),,(0.006327738812987723+0.006694134383910093j),-4251.659867220532
7187,7187,10.718693750000002,0.0021564806591761,(0.05522784322041106-0.04574654323321521j),,(0.05522784322041445-0.04574654323321682j),-4250.859931215411
7188,7188,10.71879375,0.0024340802719031,(0.1006751289290884-0.017398210850203214j),,(0.10067512892908767-0.017398210850204154j),-4250.059995210289
7189,7189,10.71889375,0.0022082365110667,(0.0321236490380284+0.04084467895139198j),,(0.03212364903802679+0.040844678951392155j),-4249.260059205168
7190,7190,10.71899375,0.0030918469800636,(-0.04141095155211856+0.007663105093033695j),,(-0.04141095155211738+0.007663105093030613j),-4248.460123200047
7191,7191,10.71909375,0.0036943912852387,(-0.10208029065912108+0.06064775216857786j),,(-0.10208029065912244+0.06064775216857822j),-4247.660187194925
7192,7192,10.71919375,0.004342433115588,(0.02849333287213574-0.018883866083948996j),,(0.028493332872131575-0.018883866083944337j),-4246.860251189803
7193,7193,10.71929375,0.0043446711636951,(-0.04583922635330023-0.04449106595776026j),,(-0.04583922635329643-0.04449106595776276j),-4246.060315184682
7194,7194,10.719393750000002,0.0037240249581888,(0.014637685032043256-0.02870593879735019j),,(0.014637685032044812-0.028705938797347723j),-4245.260379179561
7195,7195,10.719493750000002,0.0038498733249044,(0.011049231370188754-0.012815151396009613j),,(0.011049231370189264-0.01281515139601216j),-4244.460443174439
7196,7196,10.71959375,0.0034196040965255,(-0.005164144286758796+0.052102613720998406j),,(-0.005164144286755327+0.05210261372099823j),-4243.6605071693175
7197,7197,10.71969375,0.0036524128911813,(0.043718267302541525-0.0006668373411152576j),,(0.04371826730254232-0.0006668373411162776j),-4242.860571164196
7198,7198,10.71979375,0.003998552495565,(0.04323728184323866+0.023356526996431117j),,(0.0432372818432397+0.02335652699643074j),-4242.060635159075
7199,7199,10.71989375,0.0045692917657604,(2.6503468248773726e-05+0.050671646348986105j),,(2.6503468251400097e-05+0.050671646348987354j),-4241.260699153953
7200,7200,10.71999375,0.0043320930069085,(-0.0469606581429271+0.06939574786405787j),,(-0.04696065814292957+0.06939574786405873j),-4240.460763148832
7201,7201,10.72009375,0.0046232828314503,(0.044894153920932926+0.0905277241568067j),,(0.044894153920932926+0.09052772415680653j),-4239.660827143711
7202,7202,10.720193750000002,0.0047243946954991,(0.020544551278439866-0.011165457061673649j),,(0.020544551278441226-0.011165457061670932j),-4238.860891138589
7203,7203,10.720293750000002,0.0048561514256325,(0.00972928226589849-0.0766775806560226j),,(0.009729282265896921-0.07667758065602169j),-4238.060955133467
7204,7204,10.72039375,0.0040360527500195,(0.0012481491674175638-0.026642879472366612j),,(0.0012481491674205003-0.026642879472368538j),-4237.261019128346
7205,7205,10.72049375,0.005696033652271,(-0.0269966016518153+0.0016126368453215807j),,(-0.026996601651809976+0.0016126368453274198j),-4236.461083123225
7206,7206,10.72059375,0.0061242272677603,(0.032418563221062804-0.018030119902225517j),,(0.03241856322106161-0.01803011990222674j),-4235.661147118103
7207,7207,10.72069375,0.0050691354797514,(0.03825469159386104-0.04924861886619971j),,(0.03825469159386441-0.049248618866200175j),-4234.861211112981
7208,7208,10.72079375,0.0067125212378472,(0.011941934998456988-0.04568058206675496j),,(0.011941934998458265-0.04568058206675248j),-4234.061275107861
7209,7209,10.720893750000002,0.0068938313491335,(-0.035328601152806414+0.06051201989232441j),,(-0.03532860115280702+0.060512019892320495j),-4233.261339102739
7210,7210,10.720993750000002,0.0067579445386835,(0.07821777544444679+0.015656841144552777j),,(0.07821777544444797+0.01565684114455438j),-4232.461403097617
7211,7211,10.72109375,0.0062351710525774,(-0.11817937303209686+0.05735131918312352j),,(-0.1181793730320979+0.05735131918312703j),-4231.6614670924955
7212,7212,10.72119375,0.0071305785338342,(-0.13873973261796768+0.056006508671572176j),,(-0.1387397326179651+0.05600650867157389j),-4230.861531087375
7213,7213,10.72129375,0.0077746049452101,(-0.06157672533329952-0.003343091873135695j),,(-0.06157672533330344-0.0033430918731307303j),-4230.061595082253
7214,7214,10.72139375,0.0057209979840705,(-0.06170631325774731-0.022084680034910202j),,(-0.061706313257748883-0.02208468003490891j),-4229.261659077131
7215,7215,10.72149375,0.0068212253628241,(0.033800619666957285-0.03217017199103545j),,(0.033800619666958416-0.03217017199103676j),-4228.4617230720105
7216,7216,10.72159375,0.0074826031090061,(-0.07457755823321681+0.06653872515441506j),,(-0.07457755823321399+0.06653872515441396j),-4227.661787066889
7217,7217,10.721693750000002,0.0083519366710728,(0.010671327383337375+0.014705569033599375j),,(0.01067132738333543+0.014705569033598428j),-4226.861851061767
7218,7218,10.721793750000002,0.0070489342514267,(-0.030056506145962114+0.050982057967654246j),,(-0.030056506145962926+0.05098205796765676j),-4226.061915056645
7219,7219,10.72189375,0.006089217201448,(-0.04805482639294412+0.008191923992061045j),,(-0.0480548263929449+0.00819192399206371j),-4225.261979051525
7220,7220,10.72199375,0.0077523435701073,(-0.006781016569803308+0.06819355874968681j),,(-0.006781016569802406+0.06819355874968844j),-4224.462043046403
7221,7221,10.72209375,0.0083060182807722,(0.01214702197543164-0.011465315491399748j),,(0.01214702197542868-0.011465315491402218j),-4223.662107041281
7222,7222,10.72219375,0.0077362665748938,(-0.02576107307597097-0.08572031867422475j),,(-0.025761073075968942-0.08572031867422615j),-4222.862171036159
7223,7223,10.72229375,0.0070750758068304,(-0.03915110549820091-0.03098700164483883j),,(-0.03915110549820541-0.030987001644841874j),-4222.062235031039
7224,7224,10.722393750000002,0.0075723609680948,(0.006815577687376322-0.1152892759671233j),,(0.006815577687378987-0.11528927596712607j),-4221.262299025917
7225,7225,10.722493750000002,0.0091060974610243,(0.02701050219190262-0.00556666561474012j),,(0.02701050219190288-0.005566665614741534j),-4220.462363020795
7226,7226,10.72259375,0.0080947738321364,(-0.015615406192015242-0.08528623621292028j),,(-0.015615406192015166-0.08528623621292303j),-4219.662427015674
7227,7227,10.72269375,0.0079973810461548,(-0.0258577746236761+0.05923764858139075j),,(-0.025857774623674213+0.0592376485813897j),-4218.862491010553
7228,7228,10.72279375,0.0080950341187874,(0.03457393211247766+0.08275910228127233j),,(0.034573932112474746+0.08275910228127561j),-4218.062555005431
7229,7229,10.72289375,0.0066734185755491,(-0.006734221787571909+0.06486687818860382j),,(-0.0067342217875699+0.06486687818860191j),-4217.262619000309
7230,7230,10.72299375,0.0064456298853362,(0.03224409557949535-0.1393134930977808j),,(0.03224409557949515-0.13931349309778296j),-4216.4626829951885
7231,7231,10.72309375,0.0092589655376729,(0.0345885943561752+0.042092369046503944j),,(0.034588594356174875+0.042092369046504714j),-4215.662746990067
7232,7232,10.723193750000002,0.0087288735273455,(-0.07207212639259075-0.05960595811872142j),,(-0.07207212639259374-0.059605958118722484j),-4214.862810984945
7233,7233,10.723293750000002,0.0074753908863382,(-0.0996052053112014-0.012001573026076394j),,(-0.09960520531120139-0.01200157302607769j),-4214.062874979824
7234,7234,10.72339375,0.0076285220084185,(-0.014833377412152234+0.04676473671574756j),,(-0.014833377412151587+0.046764736715749246j),-4213.262938974703
7235,7235,10.72349375,0.0089558685893792,(0.011997266313409215-0.03332554266095709j),,(0.011997266313413671-0.03332554266095711j),-4212.463002969581
7236,7236,10.72359375,0.008311963547784,(0.049893137625162315+0.024619051002180536j),,(0.04989313762516247+0.02461905100218171j),-4211.663066964459
7237,7237,10.72369375,0.0075407496697073,(0.058058202942899026+0.03542051427226979j),,(0.05805820294289772+0.035420514272269575j),-4210.863130959338
7238,7238,10.72379375,0.0074310246728387,(0.07560813133018435-0.046679403482850226j),,(0.07560813133018777-0.04667940348284802j),-4210.063194954217
7239,7239,10.72389375,0.0076762692385274,(-0.0319502642164482+0.01548314642461065j),,(-0.031950264216448254+0.015483146424609896j),-4209.263258949095
7240,7240,10.723993750000002,0.0067686372082923,(-0.012788829599170829+0.017563324765553057j),,(-0.012788829599170163+0.01756332476555323j),-4208.463322943973
7241,7241,10.724093750000002,0.0074625405668259,(0.17285980873250073+0.07676711459551355j),,(0.17285980873249923+0.07676711459551j),-4207.663386938852
7242,7242,10.72419375,0.004486365495763,(0.032814734618028696+0.10520448913717054j),,(0.032814734618029646+0.10520448913716934j),-4206.863450933731
7243,7243,10.72429375,0.0058423233272174,(-0.02243331593191506+0.011374209870898997j),,(-0.02243331593191013+0.011374209870902334j),-4206.063514928609
7244,7244,10.72439375,0.0069807579033163,(0.005091207222062876-0.015009189449403427j),,(0.00509120722206475-0.015009189449402273j),-4205.263578923488
7245,7245,10.72449375,0.0068022046823505,(-0.03771712862887968-0.04789949007015244j),,(-0.037717128628881325-0.04789949007015357j),-4204.4636429183665
7246,7246,10.72459375,0.0052256076181425,(-0.014879994836794093+0.052892561156501657j),,(-0.014879994836795658+0.052892561156498985j),-4203.663706913245
7247,7247,10.724693750000002,0.0071222740835801,(0.025046533613298075+0.016289313953839906j),,(0.025046533613297832+0.01628931395384054j),-4202.863770908123
7248,7248,10.724793750000002,0.0056149919238305,(0.022702213404428524-0.010165475754142762j),,(0.022702213404428573-0.01016547575413895j),-4202.063834903002
7249,7249,10.72489375,0.00576681812595,(0.05580865008451187+0.03378076693128819j),,(0.055808650084509484+0.03378076693128675j),-4201.263898897881
7250,7250,10.72499375,0.0044175305539963,(0.05573495270037922+0.061684660683806986j),,(0.05573495270038338+0.06168466068380522j),-4200.463962892759
7251,7251,10.72509375,0.005472286699561,(0.031019625338761115-0.0034400809477537295j),,(0.031019625338759214-0.0034400809477570845j),-4199.664026887638
7252,7252,10.72519375,0.0021737459727115,(-0.06103859673393577+0.06624045863390178j),,(-0.061038596733934546+0.06624045863390142j),-4198.864090882516
7253,7253,10.72529375,0.002382999764467,(0.06423883737685918+0.003919120849096919j),,(0.06423883737686319+0.003919120849096378j),-4198.064154877395
7254,7254,10.72539375,0.0022350828581628,(-0.040700769707373255-0.05612525414948004j),,(-0.04070076970737129-0.056125254149482995j),-4197.264218872273
7255,7255,10.725493750000002,0.0049163234722439,(-0.013254164873353208-0.023551964405227457j),,(-0.013254164873349501-0.023551964405231j),-4196.464282867152
7256,7256,10.725593750000002,0.0048528859923567,(0.034408387218280836-0.0845871487442083j),,(0.03440838721827986-0.0845871487442072j),-4195.6643468620305
7257,7257,10.72569375,0.0041088019821308,(0.020668637131018595-0.01653855640674914j),,(0.02066863713102056-0.01653855640675007j),-4194.864410856909
7258,7258,10.72579375,0.0023395744796509,(-0.02047902886496153-0.030325324064937376j),,(-0.020479028864964735-0.030325324064933677j),-4194.064474851787
7259,7259,10.72589375,0.0027998792481355,(0.01846350512198702+0.04957121274829177j),,(0.018463505121988914+0.049571212748290266j),-4193.264538846666
7260,7260,10.72599375,0.0058229705518581,(0.06110174945459202-0.019747190816503623j),,(0.06110174945459106-0.019747190816505195j),-4192.464602841545
7261,7261,10.72609375,0.0037910932621398,(0.005668567520580078+0.04149971875096737j),,(0.005668567520581903+0.04149971875097039j),-4191.664666836423
7262,7262,10.72619375,0.0009259977434867,(0.009439924965956442-0.04164539932582551j),,(0.009439924965959171-0.041645399325823604j),-4190.864730831302
7263,7263,10.726293750000002,0.0021366584863808,(0.02804292038659997-0.05806253725329922j),,(0.02804292038660179-0.05806253725329871j),-4190.06479482618
7264,7264,10.726393750000002,0.0040790161033339,(-0.04720383361658023-0.09266906606644736j),,(-0.047203833616581745-0.09266906606644792j),-4189.264858821059
7265,7265,10.72649375,0.0047146958573825,(-0.047435108461271-0.004729989126998492j),,(-0.04743510846127557-0.004729989126999809j),-4188.464922815937
7266,7266,10.72659375,0.001983387510067,(0.11980295374598865+0.006073056252509271j),,(0.11980295374598822+0.006073056252512997j),-4187.664986810816
7267,7267,10.72669375,0.0027667206737685,(0.027217755841713487-0.061416667808286904j),,(0.027217755841713483-0.061416667808287556j),-4186.865050805694
7268,7268,10.72679375,0.0026632126220482,(-0.06304868904003404+0.0072132143051781596j),,(-0.06304868904003488+0.007213214305180531j),-4186.065114800573
7269,7269,10.72689375,0.002194061949173,(0.046543048265941515+0.07408439432687422j),,(0.04654304826593923+0.07408439432687783j),-4185.265178795452
7270,7270,10.726993750000002,0.000544712646043,(0.047341578040000526-0.006170534515888485j),,(0.04734157803999718-0.006170534515885829j),-4184.46524279033
7271,7271,10.727093750000002,0.0020534331686894,(0.007722316119537338-0.022851268190644557j),,(0.007722316119535793-0.022851268190646867j),-4183.6653067852085
7272,7272,10.72719375,0.0029382532511373,(0.004061991082124759-0.10822167085669054j),,(0.004061991082123954-0.10822167085669163j),-4182.865370780087
7273,7273,10.72729375,0.0042672757143001,(-0.09424192533811326+0.0621257256350876j),,(-0.09424192533811089+0.062125725635086004j),-4182.065434774966
7274,7274,10.72739375,0.0032309305671652,(0.022788008021311743-0.08814699437850645j),,(0.022788008021316315-0.08814699437850175j),-4181.265498769844
7275,7275,10.72749375,0.0058679717393077,(0.07487482000139764+0.08494555448020275j),,(0.07487482000140111+0.0849455544801996j),-4180.465562764723
7276,7276,10.72759375,0.0036690511570243,(-0.016983788412079585-0.024607156531433763j),,(-0.016983788412084436-0.024607156531434506j),-4179.665626759602
7277,7277,10.72769375,0.0035617849905531,(-0.12542954387029218-0.04191015932820848j),,(-0.12542954387029343-0.04191015932820912j),-4178.86569075448
7278,7278,10.727793750000002,0.0044960820255481,(0.019929181269456746+0.13412048907191046j),,(0.019929181269455018+0.13412048907190743j),-4178.065754749358
7279,7279,10.727893750000002,0.0047550218093493,(0.022617367475499174+0.03526827168417217j),,(0.022617367475498258+0.035268271684173465j),-4177.265818744237
7280,7280,10.72799375,0.0024159489477851,(0.05126129284293251+0.05888193045792184j),,(0.05126129284293421+0.05888193045792098j),-4176.465882739116
7281,7281,10.72809375,0.0008568411043276,(0.031671208350728806+0.07893046679947063j),,(0.03167120835073052+0.07893046679947022j),-4175.665946733994
7282,7282,10.72819375,0.002595854854216,(-0.034156118968936305+0.008515137964011255j),,(-0.03415611896893499+0.008515137964010527j),-4174.866010728872
7283,7283,10.72829375,0.0052988805954224,(0.04864924832001962+0.04174391436487956j),,(0.04864924832001524+0.04174391436487993j),-4174.066074723751
7284,7284,10.72839375,0.0042956258818765,(-0.11370974928658219-0.00912543667467846j),,(-0.11370974928658134-0.009125436674679237j),-4173.26613871863
7285,7285,10.728493750000002,0.0048267704082996,(0.015630290380539126-0.07385348495822901j),,(0.015630290380541603-0.07385348495823044j),-4172.466202713508
7286,7286,10.728593750000002,0.0059526624069626,(0.0510557487612783-0.11854461386309882j),,(0.0510557487612765-0.11854461386310107j),-4171.6662667083865
7287,7287,10.72869375,0.006100688797245,(-0.07788223352568883+0.003754499427072497j),,(-0.07788223352569107+0.003754499427073066j),-4170.866330703266
7288,7288,10.72879375,0.0074231934537226,(0.012877326152027302+0.04025794242491448j),,(0.012877326152027035+0.040257942424910736j),-4170.066394698144
7289,7289,10.72889375,0.0063785273602697,(0.12622146244881072-0.004923560975720472j),,(0.12622146244881008-0.004923560975720038j),-4169.266458693022
7290,7290,10.72899375,0.0061718861520609,(-0.02320695136045676+0.0565869261021664j),,(-0.023206951360457678+0.056586926102167534j),-4168.466522687901
7291,7291,10.72909375,0.0065493848540384,(-0.06545217379168453+0.01447703757704957j),,(-0.0654521737916868+0.01447703757704941j),-4167.66658668278
7292,7292,10.72919375,0.0067002417185827,(0.017293997546309246+0.026837473290093807j),,(0.017293997546309777+0.026837473290091746j),-4166.866650677658
7293,7293,10.729293750000002,0.0057953560407012,(0.025445160041806157-0.00420494734893234j),,(0.025445160041804204-0.004204947348931979j),-4166.066714672536
7294,7294,10.729393750000002,0.0049233575678036,(-0.023646703733577752-0.08001724431014219j),,(-0.023646703733576867-0.0800172443101396j),-4165.266778667416
7295,7295,10.72949375,0.0052290468148976,(-0.05656501683158541-0.14580996081397354j),,(-0.05656501683158094-0.14580996081397027j),-4164.466842662294
7296,7296,10.72959375,0.0068916038157497,(-0.023475382879165826+0.019909813361953115j),,(-0.023475382879161063+0.019909813361951398j),-4163.666906657172
7297,7297,10.72969375,0.0063712747089196,(-0.12201758653289213-0.013892869144087772j),,(-0.12201758653288874-0.013892869144090672j),-4162.86697065205
7298,7298,10.72979375,0.0068351497191393,(0.039547686708027344+0.060068847826844546j),,(0.039547686708029155+0.060068847826845975j),-4162.06703464693
7299,7299,10.72989375,0.0086266961218551,(0.07314780379485503+0.006046356295266661j),,(0.07314780379485658+0.006046356295268368j),-4161.267098641808
7300,7300,10.72999375,0.0091341379856104,(-0.03281693823538545+0.07019268539330065j),,(-0.03281693823538476+0.07019268539329958j),-4160.467162636686
7301,7301,10.730093750000002,0.009618869896073,(0.009506623099286102+0.02582008895569312j),,(0.009506623099284923+0.025820088955691274j),-4159.6672266315645
7302,7302,10.730193750000002,0.0086467966400903,(0.03255272507714144+0.044763098564953155j),,(0.03255272507714238+0.0447630985649531j),-4158.867290626444
7303,7303,10.73029375,0.0082300357123697,(-0.1280903211007132-0.033053470546294345j),,(-0.12809032110071383-0.03305347054629365j),-4158.067354621322
7304,7304,10.73039375,0.0081862724130587,(-0.04204488120186994+0.009255444258487932j),,(-0.04204488120186707+0.009255444258485363j),-4157.2674186162
7305,7305,10.73049375,0.008003127959681,(0.017825828037875115+0.03692510964903057j),,(0.017825828037871076+0.03692510964902669j),-4156.4674826110795
7306,7306,10.73059375,0.0082567275765307,(-0.0351181885158543+0.07479255223709996j),,(-0.035118188515852126+0.0747925522370962j),-4155.667546605958
7307,7307,10.73069375,0.0072894842506072,(-0.023177184698853423+0.05896846208785515j),,(-0.023177184698853267+0.05896846208785655j),-4154.867610600836
7308,7308,10.730793750000002,0.0073872468623994,(-0.09391455551897221+0.007638000946430509j),,(-0.09391455551897332+0.007638000946426041j),-4154.067674595714
7309,7309,10.730893750000002,0.007180799181916,(-0.028430327816176167+0.02321555403127189j),,(-0.028430327816174626+0.0232155540312705j),-4153.267738590594
7310,7310,10.73099375,0.0068897864163058,(0.03810227649411245-0.028729224080081023j),,(0.03810227649411239-0.028729224080078004j),-4152.467802585472
7311,7311,10.73109375,0.0071297308881737,(0.06751252278147898-0.048793082472027786j),,(0.06751252278147712-0.04879308247203063j),-4151.66786658035
7312,7312,10.73119375,0.0083012822352771,(-0.019415209420698628-0.06934818204258278j),,(-0.01941520942069617-0.069348182042583j),-4150.867930575229
7313,7313,10.73129375,0.0092854716427772,(-0.1006275259435701+0.0023506508992372326j),,(-0.10062752594356818+0.0023506508992373453j),-4150.067994570108
7314,7314,10.73139375,0.0086088735004084,(0.029790702962180397-0.0070559514643237856j),,(0.029790702962180858-0.007055951464319055j),-4149.268058564986
7315,7315,10.73149375,0.0071026827403414,(0.03184106980744221-0.029315991389957965j),,(0.031841069807442064-0.029315991389959342j),-4148.468122559864
7316,7316,10.731593750000002,0.0069654975587239,(-0.028703384114755502+0.0009185395601324243j),,(-0.02870338411475415+0.0009185395601334799j),-4147.668186554743
7317,7317,10.731693750000002,0.0094336449771058,(-0.0355432869224448+0.057985266932036886j),,(-0.03554328692244595+0.05798526693203645j),-4146.868250549622
7318,7318,10.73179375,0.0093956592095717,(-0.10495250195768073-0.023607787215179983j),,(-0.10495250195768016-0.023607787215179792j),-4146.0683145445
7319,7319,10.73189375,0.0073973178076529,(-0.06572132207065855+0.00032846556264149243j),,(-0.06572132207065977+0.0003284655626433902j),-4145.268378539378
7320,7320,10.73199375,0.0060206828720298,(0.1374905265981181+0.07330786888565895j),,(0.13749052659811614+0.07330786888565521j),-4144.4684425342575
7321,7321,10.73209375,0.0079664713709211,(-0.048539301266901924+0.009554399900295924j),,(-0.048539301266904915+0.009554399900295071j),-4143.668506529136
7322,7322,10.73219375,0.0085001690840331,(0.09231829496547167+0.015231284984647313j),,(0.09231829496546713+0.015231284984646945j),-4142.868570524014
7323,7323,10.73229375,0.0068349880667164,(0.01448119130378913+0.04509824137007158j),,(0.01448119130379174+0.045098241370074045j),-4142.068634518893
7324,7324,10.732393750000002,0.005228197768796,(-0.014399613482532362+0.07146767855471804j),,(-0.014399613482528559+0.07146767855471312j),-4141.268698513772
7325,7325,10.73249375,0.0060654546965665,(0.033446023832342325-0.03002489398060447j),,(0.03344602383234491-0.03002489398060779j),-4140.46876250865
7326,7326,10.73259375,0.005669192136283,(-0.09800078485016678-0.03716143300609562j),,(-0.09800078485016629-0.03716143300609548j),-4139.668826503528
7327,7327,10.73269375,0.0054225506587594,(-0.07362107093715756+0.02217485135054058j),,(-0.0736210709371578+0.022174851350541522j),-4138.868890498407
7328,7328,10.73279375,0.0052225146882897,(0.029912046199537863-0.04787021595951223j),,(0.029912046199539216-0.04787021595951259j),-4138.068954493286
7329,7329,10.73289375,0.0059233612937196,(0.07445475243492025-0.05985827889223946j),,(0.07445475243491918-0.05985827889223946j),-4137.269018488164
7330,7330,10.73299375,0.0046730590331924,(0.006536715333629681+0.02011271626494219j),,(0.006536715333621551+0.0201127162649402j),-4136.469082483043
7331,7331,10.733093750000002,0.0052665301309516,(0.08375263083315444+0.013515582009424064j),,(0.08375263083315888+0.013515582009422666j),-4135.6691464779215
7332,7332,10.733193750000002,0.0057871977992567,(0.025564503358545702+0.019796186702687145j),,(0.025564503358543978+0.019796186702685105j),-4134.8692104728
7333,7333,10.73329375,0.005875265913873,(-0.019172105658352326-0.005673949510570082j),,(-0.019172105658351615-0.005673949510569863j),-4134.069274467678
7334,7334,10.73339375,0.0050019477434166,(0.02098557776796027+0.0757993633918919j),,(0.02098557776796053+0.0757993633918963j),-4133.269338462557
7335,7335,10.73349375,0.0042011060143553,(-0.038761489774119126-0.0340339215847833j),,(-0.03876148977411956-0.03403392158478406j),-4132.4694024574355
7336,7336,10.73359375,0.0038990913601947,(-0.014572945189896186+0.06779681722829434j),,(-0.014572945189894534+0.0677968172282908j),-4131.669466452314
7337,7337,10.73369375,0.0033713126512923,(0.042854738719392556+0.03542391870329654j),,(0.042854738719390904+0.03542391870329479j),-4130.869530447192
7338,7338,10.73379375,0.003332998945821,(-0.0048815803433611+0.05174197098386148j),,(-0.004881580343358054+0.05174197098386304j),-4130.069594442071
7339,7339,10.733893750000002,0.0029637183453135,(0.02891211905805265+0.05249482309299939j),,(0.02891211905805332+0.05249482309299865j),-4129.26965843695
7340,7340,10.733993750000002,0.0040880964082349,(-0.008013365274491497-0.0692898879997761j),,(-0.00801336527449174-0.06928988799977762j),-4128.469722431828
7341,7341,10.73409375,0.0047106276686635,(0.022260608784538997+0.047056492443966605j),,(0.022260608784538217+0.04705649244396451j),-4127.669786426707
7342,7342,10.73419375,0.0037665917285731,(-0.10591052979174811-0.11643376757690956j),,(-0.10591052979174591-0.11643376757690867j),-4126.869850421585
7343,7343,10.73429375,0.0041108050555029,(0.037358708292179944-0.12940166302254683j),,(0.037358708292178036-0.12940166302254652j),-4126.069914416464
7344,7344,10.73439375,0.0038664890956049,(0.12202371821440604+0.053376956500097286j),,(0.12202371821440643+0.05337695650009827j),-4125.269978411342
7345,7345,10.73449375,0.0032711649075074,(-0.020476114412681462+0.018795457058054556j),,(-0.020476114412677607+0.018795457058055298j),-4124.470042406221
7346,7346,10.734593750000002,0.001983266075322,(0.025854731793973885-0.1159972117413974j),,(0.02585473179397274-0.11599721174139814j),-4123.6701064010995
7347,7347,10.734693750000002,0.0024535767493209,(0.059032887267504955+0.10095206959666418j),,(0.05903288726750536+0.10095206959666517j),-4122.870170395978
7348,7348,10.73479375,0.0040480283910888,(0.00464536297700458+0.06082055671503574j),,(0.004645362977005603+0.0608205567150356j),-4122.070234390857
7349,7349,10.73489375,0.0026106502218967,(0.0902866534364326+0.07016681710387565j),,(0.09028665343643101+0.07016681710387287j),-4121.270298385735
7350,7350,10.73499375,0.0031553097151638,(0.010948809846565372-0.09631240280297747j),,(0.010948809846563616-0.09631240280298059j),-4120.470362380614
7351,7351,10.73509375,0.0039757484906382,(0.016443179830121706+0.04206033949301438j),,(0.016443179830119357+0.04206033949301244j),-4119.670426375492
7352,7352,10.73519375,0.0033024517863317,(-0.012651469739174324+0.04493919877495339j),,(-0.012651469739173008+0.04493919877495524j),-4118.870490370371
7353,7353,10.73529375,0.0030721246506223,(0.031816674719773445+0.05300501121636619j),,(0.03181667471977389+0.05300501121636409j),-4118.070554365249
7354,7354,10.735393750000002,0.0032632079918533,(-0.06603768496034713-0.028867300964311022j),,(-0.0660376849603488-0.028867300964311653j),-4117.270618360128
7355,7355,10.735493750000002,0.0031503661115179,(-0.036318674429307904+0.08408778560668159j),,(-0.036318674429308216+0.08408778560668133j),-4116.470682355007
7356,7356,10.73559375,0.0028128418972609,(-0.031606225247050854+0.0518688965916195j),,(-0.031606225247049084+0.051868896591624955j),-4115.670746349885
7357,7357,10.73569375,0.0009469107202657,(-0.006116744425534695+0.03199359808953958j),,(-0.0061167444255335966+0.03199359808953928j),-4114.870810344763
7358,7358,10.73579375,0.0026652690636191,(-0.045932442127103845-0.016394100306608483j),,(-0.04593244212710841-0.016394100306608376j),-4114.070874339642
7359,7359,10.73589375,0.0029624761219539,(-0.10391273680089251-0.03011278747571166j),,(-0.1039127368008958-0.030112787475710466j),-4113.270938334521
7360,7360,10.73599375,0.0025063575662085,(-0.07523910413121013-0.013887228654419354j),,(-0.07523910413120949-0.013887228654419076j),-4112.471002329399
7361,7361,10.73609375,0.001970637250974,(0.04750752975313197+0.06750770548904717j),,(0.04750752975313216+0.06750770548904712j),-4111.6710663242775
7362,7362,10.736193750000002,0.0041314567596781,(0.008190539454329942+0.00761666236772704j),,(0.008190539454329548+0.007616662367725348j),-4110.871130319156
7363,7363,10.736293750000002,0.0061850789483148,(0.06760254129441311-0.09856497027597066j),,(0.06760254129441379-0.09856497027596998j),-4110.071194314035
7364,7364,10.73639375,0.004920426286653,(-0.020359289566173642+0.026582347542874772j),,(-0.020359289566175692+0.026582347542876937j),-4109.271258308913
7365,7365,10.73649375,0.0041779558634271,(0.007078412537477842+0.015132600098523609j),,(0.007078412537477881+0.015132600098523748j),-4108.471322303792
7366,7366,10.73659375,0.0055323058472566,(0.048443376999933244-0.03280683855314293j),,(0.04844337699993318-0.0328068385531458j),-4107.671386298671
7367,7367,10.73669375,0.0056597967298718,(0.04978428061980327+0.016175531280376104j),,(0.04978428061980571+0.016175531280373082j),-4106.871450293549
7368,7368,10.73679375,0.0041621601845286,(-0.020290556824961913-0.04418729855544112j),,(-0.02029055682496019-0.04418729855544253j),-4106.071514288427
7369,7369,10.736893750000002,0.0037715281308962,(0.0051540212748402625-0.01937091950946382j),,(0.00515402127484415-0.019370919509466653j),-4105.271578283306
7370,7370,10.736993750000002,0.0046209993341891,(0.0036724469258611818+0.013268401212159959j),,(0.0036724469258621914+0.013268401212158689j),-4104.471642278185
7371,7371,10.73709375,0.0042248429287453,(0.03555203866761305-0.0023432575941886857j),,(0.03555203866761767-0.0023432575941883856j),-4103.671706273063
7372,7372,10.73719375,0.0052414913060818,(0.026412353198064516-0.07085506318422025j),,(0.026412353198062705-0.07085506318422019j),-4102.871770267941
7373,7373,10.73729375,0.0049917044440144,(0.07843109982241718-0.06265490075801915j),,(0.07843109982241443-0.06265490075801751j),-4102.071834262821
7374,7374,10.73739375,0.0067169200326109,(-0.06349515079491658+0.017326068394378388j),,(-0.06349515079492063+0.01732606839437873j),-4101.271898257699
7375,7375,10.73749375,0.0068313230124657,(0.044758478924629155-0.04208004689317059j),,(0.04475847892462931-0.04208004689316989j),-4100.471962252577
7376,7376,10.73759375,0.0068818985045145,(0.005704512718175559+0.03907910198597524j),,(0.0057045127181748565+0.039079101985978j),-4099.6720262474555
7377,7377,10.737693750000002,0.0067463844462031,(0.053984684347419945+0.03869923035289124j),,(0.05398468434741928+0.0386992303528903j),-4098.872090242335
7378,7378,10.737793750000002,0.0070408587089532,(-0.08054101706286723-0.00333387120612306j),,(-0.08054101706286411-0.003333871206125223j),-4098.072154237213
7379,7379,10.73789375,0.0069666301683502,(0.03417397850706128+0.04802557043863809j),,(0.03417397850706177+0.048025570438640725j),-4097.272218232091
7380,7380,10.73799375,0.0074443780446308,(-0.061542614698940734+0.04968262765261628j),,(-0.06154261469894569+0.049682627652613796j),-4096.47228222697
7381,7381,10.73809375,0.0070991011918287,(0.027222352877053234-0.017477883829540748j),,(0.027222352877051142-0.017477883829538965j),-4095.672346221849
7382,7382,10.73819375,0.0067249760974208,(-0.07106363188868683+0.024470430349633976j),,(-0.07106363188868922+0.024470430349635006j),-4094.872410216727
7383,7383,10.73829375,0.0072255373642128,(-0.0705106066477067-0.06255012773900338j),,(-0.07051060664770653-0.06255012773900283j),-4094.072474211606
7384,7384,10.73839375,0.0084595573596613,(-0.051294982493696524-0.01368804940825179j),,(-0.05129498249369672-0.013688049408251229j),-4093.272538206484
7385,7385,10.738493750000002,0.008522159753772,(0.001139619388463766-0.027939888216953028j),,(0.0011396193884623575-0.02793988821695658j),-4092.472602201363
7386,7386,10.73859375,0.0078325888712382,(-0.01335880830537052-0.006089922584401226j),,(-0.013358808305372095-0.006089922584400917j),-4091.672666196241
7387,7387,10.73869375,0.0080776377840163,(-0.0618755310428982+0.018188331281562397j),,(-0.061875531042900465+0.018188331281565523j),-4090.87273019112
7388,7388,10.73879375,0.0085606625826476,(0.016178113600078092-0.00399314068837806j),,(0.016178113600077974-0.003993140688382508j),-4090.072794185998
7389,7389,10.73889375,0.0081682936960555,(-0.028583088311778908-0.047338516711355j),,(-0.028583088311780774-0.04733851671135751j),-4089.272858180877
7390,7390,10.73899375,0.007473191822379,(0.03753316768660193+0.02743084275216361j),,(0.03753316768659967+0.0274308427521641j),-4088.4729221757557
7391,7391,10.73909375,0.007714356664058,(0.055889237254900165-0.00210366644073854j),,(0.05588923725489737-0.002103666440739199j),-4087.672986170634
7392,7392,10.739193750000002,0.0080706353238579,(-0.026451710754663637-0.018500278499261186j),,(-0.026451710754662176-0.018500278499259348j),-4086.8730501655127
7393,7393,10.739293750000002,0.0090821867783518,(-0.03494316642100995+0.029178836330821457j),,(-0.034943166421008046+0.029178836330817588j),-4086.073114160391
7394,7394,10.73939375,0.0092552138558062,(0.017836312175523693+0.030323078213129243j),,(0.017836312175528946+0.03032307821312724j),-4085.2731781552698
7395,7395,10.73949375,0.0080293447354515,(-0.05980649935772464+0.02421881822517216j),,(-0.059806499357724426+0.024218818225171995j),-4084.473242150148
7396,7396,10.73959375,0.0077030513057513,(0.0409593130032308+0.013590059478612125j),,(0.04095931300322992+0.013590059478608717j),-4083.673306145027
7397,7397,10.73969375,0.0069464720868258,(0.05661799677404445+0.038938734888822844j),,(0.05661799677404263+0.038938734888825335j),-4082.873370139905
7398,7398,10.73979375,0.0093908358472049,(-0.0006895951076854516+0.009100401236211758j),,(-0.0006895951076827619+0.009100401236214141j),-4082.073434134784
7399,7399,10.73989375,0.00689514222289,(-0.026158015498992746+0.013822685511424924j),,(-0.02615801549898985+0.013822685511425709j),-4081.2734981296626
7400,7400,10.739993750000002,0.0062931857495357,(0.023356718009124845+0.027928637200721855j),,(0.02335671800912318+0.027928637200721168j),-4080.473562124541
7401,7401,10.740093750000002,0.0056617514815349,(-0.016469980483790288+0.027903948534880946j),,(-0.01646998048378666+0.02790394853488331j),-4079.6736261194196
7402,7402,10.74019375,0.0075946574165801,(0.06936213290840411-0.0021345472081672166j),,(0.06936213290840416-0.0021345472081687154j),-4078.873690114298
7403,7403,10.74029375,0.0079309525781239,(-0.02211514549939189-0.024512513049809087j),,(-0.022115145499392197-0.024512513049815218j),-4078.0737541091767
7404,7404,10.74039375,0.0066450645077442,(0.02590590032671993+0.0035867505351154377j),,(0.02590590032671923+0.0035867505351125477j),-4077.273818104055
7405,7405,10.74049375,0.0073845633357338,(0.06517531688002023+0.006579383122879239j),,(0.06517531688001976+0.006579383122879163j),-4076.4738820989337
7406,7406,10.74059375,0.0087025582104116,(-0.047050388181165324-0.003915393061458359j),,(-0.0470503881811648-0.003915393061455295j),-4075.673946093812
7407,7407,10.740693750000002,0.00878142978219,(-0.014899327816091126+0.02952467695129698j),,(-0.014899327816084613+0.029524676951296264j),-4074.8740100886907
7408,7408,10.740793750000002,0.0093997028644867,(-0.017019352743988046+0.10491664749475697j),,(-0.017019352743992015+0.10491664749475896j),-4074.0740740835695
7409,7409,10.74089375,0.0081087602701234,(-0.05857684012349092+0.014067943031119683j),,(-0.058576840123482694+0.014067943031121882j),-4073.274138078448
7410,7410,10.74099375,0.0067475570048448,(0.014024127254843703-0.04250122173599601j),,(0.014024127254843243-0.04250122173599767j),-4072.4742020733265
7411,7411,10.74109375,0.0057692487755238,(0.009402591312602227+0.00633224150817168j),,(0.00940259131260243+0.0063322415081738005j),-4071.674266068205
7412,7412,10.74119375,0.0036098211708696,(-0.09240033847205+0.0251603891020916j),,(-0.0924003384720471+0.0251603891020938j),-4070.8743300630836
7413,7413,10.74129375,0.0040564737182445,(0.049499633311659054+0.03286016332897989j),,(0.04949963331166083+0.03286016332898139j),-4070.074394057962
7414,7414,10.74139375,0.0033740392653054,(0.06683442283835865+0.010058652777790656j),,(0.06683442283835926+0.01005865277779134j),-4069.2744580528406
7415,7415,10.741493750000002,0.0036407324434206,(0.024776721132192286-0.009387686487077284j),,(0.024776721132191863-0.009387686487076757j),-4068.474522047719
7416,7416,10.741593750000002,0.004571578977013,(-0.052722787462549034-0.03003643307525319j),,(-0.05272278746254884-0.03003643307525221j),-4067.6745860425976
7417,7417,10.74169375,0.0046826580149224,(-0.029778689462937116+0.04832454039184022j),,(-0.029778689462935454+0.04832454039184017j),-4066.8746500374764
7418,7418,10.74179375,0.0064154654759256,(-0.00444809445768833-0.03244067521228235j),,(-0.004448094457691336-0.03244067521228081j),-4066.0747140323547
7419,7419,10.74189375,0.0042325966543524,(0.003653272639560491+0.028720575340242048j),,(0.003653272639556941+0.028720575340239193j),-4065.2747780272334
7420,7420,10.74199375,0.0055492290081782,(0.007559184151039254-0.059062977227158295j),,(0.007559184151041728-0.05906297722715692j),-4064.4748420221117
7421,7421,10.74209375,0.0058082328350416,(-0.05328363643010409+0.043720177063546486j),,(-0.05328363643010647+0.043720177063548776j),-4063.6749060169905
7422,7422,10.74219375,0.0044912076719041,(0.058926176241149916+0.003294800073921446j),,(0.05892617624114971+0.003294800073923696j),-4062.8749700118688
7423,7423,10.742293750000002,0.0035097680778622,(-0.005490272926825357+0.0340951638793045j),,(-0.00549027292682148+0.034095163879302136j),-4062.0750340067475
7424,7424,10.742393750000002,0.0019998340521196,(0.01962680018464561-0.08875958318474834j),,(0.019626800184647426-0.08875958318474791j),-4061.275098001626
7425,7425,10.74249375,0.0032604923410758,(0.0018494420506148766+0.03669332542019836j),,(0.0018494420506130725+0.03669332542019091j),-4060.4751619965045
7426,7426,10.74259375,0.0027611303428249,(-0.0008498675939808079-0.016710952916130926j),,(-0.000849867593979866-0.016710952916132813j),-4059.6752259913833
7427,7427,10.74269375,0.0017993658024517,(0.0731096980739339-0.06432715043697415j),,(0.07310969807393182-0.06432715043697464j),-4058.8752899862616
7428,7428,10.74279375,0.0019667012843142,(-0.029302329459826908+0.0026762003258001404j),,(-0.029302329459825582+0.002676200325803053j),-4058.0753539811403
7429,7429,10.74289375,0.0028896387563748,(-0.03107231646391692-0.035824231863212846j),,(-0.031072316463915686-0.03582423186321436j),-4057.2754179760186
7430,7430,10.742993750000002,0.0034782540270884,(0.015943405697002658-0.04208315964117851j),,(0.01594340569699976-0.042083159641180846j),-4056.4754819708974
7431,7431,10.743093750000002,0.0030973211994995,(0.02691495407034894+0.046607806737442053j),,(0.026914954070349658+0.04660780673744336j),-4055.6755459657757
7432,7432,10.74319375,0.0032451879534874,(-0.008822095043398172+0.0029398175138485114j),,(-0.008822095043397687+0.002939817513850395j),-4054.8756099606544
7433,7433,10.74329375,0.0047953927097336,(0.09365312507613438-0.032777400171735284j),,(0.09365312507613768-0.03277740017173407j),-4054.0756739555327
7434,7434,10.74339375,0.0045198976621364,(-0.029372237059228895-0.04326555934228734j),,(-0.029372237059225814-0.04326555934228847j),-4053.2757379504114
7435,7435,10.74349375,0.0037724235122647,(0.09112495075678675+0.0058603036880091365j),,(0.09112495075678746+0.005860303688009052j),-4052.47580194529
7436,7436,10.74359375,0.0026878939260284,(-0.012239170065219365+0.01723873561601248j),,(-0.012239170065220399+0.017238735616015154j),-4051.6758659401685
7437,7437,10.74369375,0.0023104994894444,(0.040596273671612185-0.05769768009263443j),,(0.04059627367160914-0.05769768009263597j),-4050.875929935047
7438,7438,10.743793750000002,0.0015002443783995,(0.012481089791602598-0.057625392138393385j),,(0.012481089791600015-0.05762539213839428j),-4050.0759939299255
7439,7439,10.743893750000002,0.0005471034667284,(-0.008988283567386283-0.07809908457712304j),,(-0.008988283567387068-0.07809908457712028j),-4049.2760579248043
7440,7440,10.74399375,0.0020619977497242,(-0.03661588025222018+0.0003926121331455706j),,(-0.036615880252220775+0.00039261213314418196j),-4048.4761219196826
7441,7441,10.74409375,0.002425286902652,(-0.010992889428791418+0.0874333215676051j),,(-0.010992889428791914+0.08743332156760536j),-4047.6761859145613
7442,7442,10.74419375,0.0034709157919217,(0.05403204094107188-0.10183486985395947j),,(0.054032040941073674-0.10183486985395862j),-4046.8762499094396
7443,7443,10.74429375,0.0029732346023227,(-0.010557695998445601-0.10473389441380596j),,(-0.010557695998445863-0.10473389441380593j),-4046.0763139043183
7444,7444,10.74439375,0.0049065631818381,(-0.10503096695801518-0.031856988464085245j),,(-0.10503096695801528-0.03185698846408304j),-4045.276377899197
7445,7445,10.744493750000002,0.0041617582429364,(-0.006696033641392256+0.07362333355748785j),,(-0.006696033641394313+0.07362333355748873j),-4044.4764418940754
7446,7446,10.744593750000002,0.0040372040184027,(-0.0016707998144006465+0.062382258934517806j),,(-0.0016707998144007245+0.06238225893451565j),-4043.676505888954
7447,7447,10.74469375,0.0048112470288354,(0.0023353119019717088+0.03861310766785299j),,(0.0023353119019691726+0.03861310766785324j),-4042.8765698838324
7448,7448,10.74479375,0.0053106337126904,(-0.1035502249653949-0.024961081814001133j),,(-0.10355022496539588-0.024961081814002695j),-4042.076633878711
7449,7449,10.74489375,0.0056077225812135,(-0.09932987375907006+0.00395824318998695j),,(-0.09932987375907318+0.003958243189986457j),-4041.2766978735895
7450,7450,10.74499375,0.0043479288809199,(-0.028314925762960227-0.011422169689916556j),,(-0.028314925762960425-0.011422169689917841j),-4040.476761868468
7451,7451,10.74509375,0.0038039670547195,(-0.009879372009982358-0.026711329532490672j),,(-0.009879372009981749-0.026711329532486696j),-4039.6768258633465
7452,7452,10.74519375,0.0033723871463385,(0.04955638226948066-0.06490700701744315j),,(0.0495563822694786-0.06490700701744634j),-4038.8768898582252
7453,7453,10.745293750000002,0.0057515342453831,(-0.06251677355315624-0.04321855711912436j),,(-0.06251677355315385-0.04321855711912227j),-4038.076953853104
7454,7454,10.745393750000002,0.0051637394473628,(-0.018080747646415242-0.027121476038959168j),,(-0.018080747646410666-0.027121476038955025j),-4037.2770178479823
7455,7455,10.74549375,0.004801951093416,(0.1381598615513599+0.010572114771209867j),,(0.13815986155136195+0.010572114771208486j),-4036.477081842861
7456,7456,10.74559375,0.0049712154311377,(0.07916054046771484+0.018097037147852327j),,(0.07916054046771669+0.01809703714784937j),-4035.6771458377393
7457,7457,10.74569375,0.0079144520017349,(-0.006884585908414578+0.07165692827472123j),,(-0.006884585908413704+0.07165692827471783j),-4034.877209832618
7458,7458,10.74579375,0.0081482382312537,(-0.05652702039130166+0.021380504031325635j),,(-0.05652702039130102+0.02138050403132112j),-4034.0772738274964
7459,7459,10.74589375,0.0069163655636661,(0.02759674595822622+0.10932125393770836j),,(0.027596745958229925+0.10932125393771001j),-4033.277337822375
7460,7460,10.74599375,0.0070811852198104,(0.15917605014550681+0.022779396358226026j),,(0.15917605014550718+0.02277939635822636j),-4032.477401817254
7461,7461,10.746093750000002,0.0069913444809133,(0.09776728998963584-0.030205771726722862j),,(0.09776728998963777-0.03020577172672006j),-4031.677465812132
7462,7462,10.746193750000002,0.0081987377103374,(-0.05438221321765973-0.08824768478908018j),,(-0.05438221321765966-0.08824768478907884j),-4030.877529807011
7463,7463,10.74629375,0.0066448560450049,(-0.10303711475803982+0.08966128665699297j),,(-0.1030371147580393+0.08966128665699041j),-4030.077593801889
7464,7464,10.74639375,0.0064736692823924,(-0.02551765742358426+0.10800401480520053j),,(-0.0255176574235825+0.10800401480520061j),-4029.277657796768
7465,7465,10.74649375,0.0054915254175854,(0.03638077517152957-0.08273734568613662j),,(0.036380775171529336-0.08273734568613712j),-4028.477721791646
7466,7466,10.74659375,0.0075026479922432,(-0.15105180125127027-0.1342830630182312j),,(-0.1510518012512721-0.1342830630182299j),-4027.677785786525
7467,7467,10.74669375,0.00733756386533,(-0.04999559551453579-0.05479638378308859j),,(-0.04999559551453621-0.054796383783094066j),-4026.8778497814033
7468,7468,10.746793750000002,0.008434062995932,(0.006317051829315976+0.0013097340149570726j),,(0.006317051829322826+0.0013097340149580312j),-4026.077913776282
7469,7469,10.746893750000002,0.0077377918653366,(0.18083919241646607+0.023234513167708873j),,(0.1808391924164659+0.0232345131677072j),-4025.2779777711607
7470,7470,10.74699375,0.0088861479573797,(0.0912168490971191-0.09658454388331743j),,(0.0912168490971187-0.0965845438833172j),-4024.478041766039
7471,7471,10.74709375,0.0089818871517597,(0.00401284815192505+0.039352033712180906j),,(0.00401284815192695+0.03935203371217799j),-4023.678105760918
7472,7472,10.74719375,0.0079988288648717,(-0.07532032959981776+0.010549361972096263j),,(-0.07532032959981971+0.010549361972097857j),-4022.878169755796
7473,7473,10.74729375,0.0071977525836235,(-0.04948232726271249+0.02848722429415719j),,(-0.04948232726271304+0.028487224294151486j),-4022.078233750675
7474,7474,10.74739375,0.0069626922932336,(-0.035999564396606794-0.026959109912134547j),,(-0.03599956439660639-0.0269591099121321j),-4021.278297745553
7475,7475,10.74749375,0.0079627048720142,(-0.06090010991489907-0.045854703587143386j),,(-0.06090010991489808-0.04585470358714061j),-4020.478361740432
7476,7476,10.747593750000002,0.0071279635076821,(0.0067010249523260425-0.04258584919441701j),,(0.006701024952321354-0.04258584919441787j),-4019.67842573531
7477,7477,10.747693750000002,0.0054492019877665,(-0.034536668618631035+0.06894782511008055j),,(-0.03453666861863093+0.06894782511008067j),-4018.878489730189
7478,7478,10.74779375,0.0070441721521835,(0.03941433514339133+0.01878277099757724j),,(0.039414335143390454+0.018782770997579502j),-4018.0785537250676
7479,7479,10.74789375,0.0086180626965018,(-0.1275787823822902-0.025744016298739278j),,(-0.12757878238228637-0.025744016298741783j),-4017.278617719946
7480,7480,10.74799375,0.0084594141451164,(0.07550027436988195+0.023070761154523726j),,(0.07550027436988474+0.02307076115452763j),-4016.4786817148247
7481,7481,10.74809375,0.0087243104177322,(-0.10393235204442486+0.11264747108163918j),,(-0.10393235204442412+0.11264747108164008j),-4015.678745709703
7482,7482,10.74819375,0.0090776252950754,(0.02724302013355043-0.02439553035754964j),,(0.027243020133552096-0.024395530357547063j),-4014.8788097045817
7483,7483,10.74829375,0.0093026422640728,(-0.01982825557467384-0.02542919068801499j),,(-0.019828255574673652-0.025429190688014365j),-4014.07887369946
7484,7484,10.748393750000002,0.0091979859732987,(0.05455250864679154+0.018794114106801468j),,(0.054552508646788296+0.018794114106802866j),-4013.2789376943388
7485,7485,10.748493750000002,0.0078119438916611,(-0.048786076711551093+0.057813186075707235j),,(-0.04878607671155366+0.057813186075706194j),-4012.479001689217
7486,7486,10.74859375,0.0069700610443981,(-0.07686200340046598+0.05722605318198158j),,(-0.07686200340046645+0.057226053181981804j),-4011.679065684096
7487,7487,10.74869375,0.0051763536045747,(-0.07362948145698202+0.02885922903885231j),,(-0.073629481456982+0.028859229038844837j),-4010.8791296789746
7488,7488,10.74879375,0.0063293158844467,(-0.04304312175069665-0.050602488541539085j),,(-0.04304312175070136-0.05060248854154294j),-4010.079193673853
7489,7489,10.74889375,0.0069557839404169,(0.03157435876338901+0.04760726128027934j),,(0.031574358763388925+0.04760726128028009j),-4009.2792576687316
7490,7490,10.74899375,0.0071379538604329,(0.023217610252053173-0.07272522834092854j),,(0.023217610252053607-0.07272522834092834j),-4008.47932166361
7491,7491,10.749093750000002,0.0074150121009391,(-0.007195926890968811-0.06197445087997758j),,(-0.007195926890971621-0.06197445087997241j),-4007.6793856584886
7492,7492,10.749193750000002,0.0075218340284378,(-0.06268857640269583-0.048925145857447803j),,(-0.06268857640269737-0.04892514585744717j),-4006.879449653367
7493,7493,10.74929375,0.0087946988336978,(-0.0972484839153921-0.16761283293906784j),,(-0.09724848391539438-0.16761283293907048j),-4006.0795136482457
7494,7494,10.74939375,0.0085525175438442,(0.07589523207457144+0.043331764164390385j),,(0.07589523207457226+0.04333176416438679j),-4005.279577643124
7495,7495,10.74949375,0.0064951625289388,(-0.062007422564250916+0.01165722850367767j),,(-0.062007422564249466+0.011657228503672307j),-4004.4796416380027
7496,7496,10.74959375,0.0044643354141463,(0.10789140013532382+0.01896538218906979j),,(0.10789140013532895+0.018965382189071414j),-4003.6797056328815
7497,7497,10.74969375,0.0050706525079019,(-0.0027338027591126564-0.02799909283170669j),,(-0.00273380275911665-0.027999092831711262j),-4002.8797696277597
7498,7498,10.74979375,0.0051634945002111,(-0.018352639736489103-0.07703876252133166j),,(-0.018352639736489734-0.0770387625213295j),-4002.0798336226385
7499,7499,10.749893750000002,0.0048773311536275,(0.12859795410628228+0.07206389230035941j),,(0.12859795410628386+0.07206389230035866j),-4001.279897617517
7500,7500,10.749993750000002,0.0022798359819234,(0.0383949516189796-0.06349494392092811j),,(0.038394951618980044-0.06349494392093026j),-4000.4799616123955
7501,7501,10.75009375,0.0043334211817753,(-0.09205234404173838-0.2477219797100621j),,(-0.09205234404173948-0.2477219797100647j),-3999.680025607274
7502,7502,10.75019375,0.0024292792916673,(-0.1166181855072385+0.011899005184355832j),,(-0.11661818550724021+0.011899005184358916j),-3998.8800896021526
7503,7503,10.75029375,0.0043042568361451,(0.007305360319787225+0.05453070891718034j),,(0.007305360319789695+0.0545307089171833j),-3998.080153597031
7504,7504,10.75039375,0.0061158711194939,(-0.16634264860050724-0.052005355343741344j),,(-0.16634264860050918-0.05200535534374541j),-3997.2802175919096
7505,7505,10.75049375,0.0048307945725548,(0.008177254239136808+0.003912657649879471j),,(0.008177254239136013+0.003912657649874974j),-3996.4802815867884
7506,7506,10.75059375,0.0040521639696506,(0.0519287123121012-0.09838758900407948j),,(0.05192871231210323-0.09838758900407894j),-3995.6803455816666
7507,7507,10.75069375,0.0028320192073531,(-0.05533946714801513-0.09857080892714858j),,(-0.055339467148015624-0.09857080892714994j),-3994.8804095765454
7508,7508,10.75079375,0.0057089278821565,(-0.05875229054996252+0.041148318513828476j),,(-0.05875229054996272+0.0411483185138333j),-3994.0804735714237
7509,7509,10.75089375,0.0041308277551684,(0.03192533901791295-0.009813806902073917j),,(0.03192533901791401-0.009813806902071526j),-3993.2805375663024
7510,7510,10.75099375,0.0019239379746944,(0.1039265051183946-0.09840618781934103j),,(0.10392650511839341-0.09840618781934339j),-3992.4806015611807
7511,7511,10.75109375,0.0011262964312072,(0.0008033463507998301-0.02872140356703094j),,(0.0008033463507996514-0.028721403567030093j),-3991.6806655560595
7512,7512,10.75119375,0.0023262600704208,(-0.039755106311097736+0.1114167328973907j),,(-0.039755106311096716+0.11141673289738753j),-3990.8807295509378
7513,7513,10.75129375,0.002886193295756,(0.007536798796365238+0.008468946529412217j),,(0.007536798796365373+0.008468946529416717j),-3990.0807935458165
7514,7514,10.75139375,0.0025948287200061,(0.0329675621019948-0.06240661589857876j),,(0.032967562101997964-0.06240661589857466j),-3989.2808575406953
7515,7515,10.75149375,0.0004520129203181,(0.04588218833189309-0.06029889826765942j),,(0.045882188331890984-0.0602988982676589j),-3988.4809215355735
7516,7516,10.75159375,0.0021081414761888,(-0.09943840682373463+0.09604980262032468j),,(-0.0994384068237345+0.09604980262032554j),-3987.6809855304523
7517,7517,10.75169375,0.0033719010993291,(-0.10147443041482096-0.09299274268897162j),,(-0.10147443041481928-0.09299274268897209j),-3986.8810495253306
7518,7518,10.75179375,0.0022134282342898,(0.15595397794850285-0.006807694493014826j),,(0.15595397794850674-0.006807694493016589j),-3986.0811135202093
7519,7519,10.75189375,0.0021468324419444,(0.019739013154242833+0.032216668801471414j),,(0.019739013154244225+0.03221666880147378j),-3985.2811775150876
7520,7520,10.75199375,0.002633971185199,(0.04048785695598829-0.09889555696412508j),,(0.04048785695598813-0.09889555696412311j),-3984.4812415099664
7521,7521,10.75209375,0.0035996530366509,(-0.01114532655482878+0.017515710291075934j),,(-0.011145326554827526+0.017515710291075116j),-3983.6813055048447
7522,7522,10.75219375,0.0034446971523049,(-0.08358659394709969+0.08567363006082537j),,(-0.08358659394709958+0.08567363006082578j),-3982.8813694997234
7523,7523,10.75229375,0.0033405295176241,(0.015910382490945806-0.06515890817016047j),,(0.015910382490945764-0.06515890817016178j),-3982.081433494602
7524,7524,10.75239375,0.0043980166645876,(-0.046483007931442645-0.03917194598204846j),,(-0.04648300793144315-0.03917194598204526j),-3981.2814974894804
7525,7525,10.75249375,0.0037544001593995,(-0.16946416554485358+0.05600912670332891j),,(-0.16946416554485363+0.05600912670333164j),-3980.481561484359
7526,7526,10.75259375,0.002907527641106,(-0.007371405253399967-0.030781843014142045j),,(-0.007371405253399521-0.030781843014140893j),-3979.6816254792375
7527,7527,10.75269375,0.0034075786896308,(0.06495538305083952+0.0427307942442722j),,(0.06495538305083748+0.04273079424427334j),-3978.8816894741162
7528,7528,10.75279375,0.0030743211621978,(0.09597480399703294+0.0446836963561818j),,(0.09597480399702979+0.044683696356177915j),-3978.0817534689945
7529,7529,10.75289375,0.0044793652890202,(-0.10801876563417406-0.04052630027591086j),,(-0.10801876563417219-0.04052630027591106j),-3977.2818174638733
7530,7530,10.75299375,0.0044267442203836,(0.05988659265441458+0.05443546903029012j),,(0.05988659265441343+0.05443546903028734j),-3976.481881458752
7531,7531,10.75309375,0.0046832942338549,(-0.01865262335717443+0.04167282444474737j),,(-0.018652623357173426+0.04167282444475001j),-3975.6819454536303
7532,7532,10.75319375,0.0042778783068034,(0.038937517935409297-0.09572962521088439j),,(0.03893751793541006-0.0957296252108849j),-3974.882009448509
7533,7533,10.75329375,0.0044985293544974,(0.11640310174472054-0.009543079531158447j),,(0.11640310174471925-0.009543079531161264j),-3974.0820734433873
7534,7534,10.75339375,0.0039413106320209,(-0.008886215994195973-0.03665248548254939j),,(-0.008886215994196544-0.036652485482549756j),-3973.282137438266
7535,7535,10.75349375,0.0035868569649062,(0.010149782839819679-0.023642763250933133j),,(0.010149782839816554-0.023642763250935124j),-3972.4822014331444
7536,7536,10.75359375,0.0042642014887464,(-0.07814831866945535+0.12296688144765153j),,(-0.07814831866945326+0.12296688144765117j),-3971.682265428023
7537,7537,10.75369375,0.0044445164244099,(-0.016373659409476347+0.0026227623983849533j),,(-0.01637365940947412+0.0026227623983813807j),-3970.8823294229014
7538,7538,10.75379375,0.0050149180964778,(-0.10048784366609227-0.007070097491111954j),,(-0.10048784366608915-0.007070097491109442j),-3970.08239341778
7539,7539,10.75389375,0.0057622797270135,(-0.04538118976032581-0.007644861654348377j),,(-0.04538118976032792-0.007644861654344966j),-3969.282457412659
7540,7540,10.75399375,0.0060052556806688,(0.02381205465298143+0.05836021478142658j),,(0.02381205465298363+0.05836021478142797j),-3968.482521407537
7541,7541,10.75409375,0.0072185980744979,(0.07901468202520369-0.062302117009401026j),,(0.07901468202520368-0.062302117009402525j),-3967.682585402416
7542,7542,10.75419375,0.0086087461390841,(-0.0989873089763851+0.06922477470445876j),,(-0.09898730897638568+0.06922477470446169j),-3966.8826493972942
7543,7543,10.75429375,0.0081085026927893,(-0.0843666901524901+0.04215230698962952j),,(-0.0843666901524905+0.042152306989632876j),-3966.082713392173
7544,7544,10.75439375,0.0069130464249246,(0.046259441010135446-0.0033611292490692956j),,(0.04625944101013793-0.0033611292490633993j),-3965.2827773870513
7545,7545,10.75449375,0.006043006927561,(0.05257059457775861-0.06262442993495795j),,(0.05257059457775787-0.06262442993495515j),-3964.48284138193
7546,7546,10.75459375,0.0074682074133328,(0.027342713899195414+0.057264257823687416j),,(0.027342713899193554+0.05726425782368418j),-3963.6829053768083
7547,7547,10.75469375,0.0060007618548041,(-0.06148449341252954-0.043377480863178594j),,(-0.0614844934125284-0.04337748086318135j),-3962.882969371687
7548,7548,10.75479375,0.0050822087219316,(0.06201010615409154-0.08269421980412767j),,(0.0620101061540943-0.0826942198041322j),-3962.083033366566
7549,7549,10.75489375,0.0067914939245178,(0.021989200622470936+0.016652507408198437j),,(0.0219892006224688+0.01665250740819707j),-3961.283097361444
7550,7550,10.75499375,0.0060320429040977,(0.0009584163363323892-0.12231455878315144j),,(0.0009584163363359557-0.12231455878315242j),-3960.483161356323
7551,7551,10.75509375,0.0078896154220449,(-0.047630960389968655+0.09648918602723958j),,(-0.04763096038996715+0.09648918602724081j),-3959.683225351201
7552,7552,10.75519375,0.007141915414992,(-0.020646184665258797-0.030933665002575862j),,(-0.020646184665259956-0.030933665002573447j),-3958.88328934608
7553,7553,10.75529375,0.0077075717311525,(0.03209300243723552-0.03136684696682706j),,(0.03209300243723497-0.031366846966826664j),-3958.083353340958
7554,7554,10.75539375,0.0079677239631639,(0.07494452615109835+0.10077184850181811j),,(0.07494452615109824+0.10077184850181577j),-3957.283417335837
7555,7555,10.75549375,0.0094587161204026,(0.011806128638403114+0.07662532358465815j),,(0.011806128638405564+0.07662532358465327j),-3956.483481330715
7556,7556,10.75559375,0.0098342537175235,(-0.047121735017273486-0.01857170106891403j),,(-0.047121735017266485-0.018571701068915612j),-3955.683545325594
7557,7557,10.75569375,0.0099133386842546,(-0.003944723071241517-0.07429110552900742j),,(-0.003944723071234356-0.07429110552900728j),-3954.8836093204727
7558,7558,10.75579375,0.0081330768332625,(0.04385561012259258+0.002137369548172093j),,(0.04385561012259198+0.002137369548172156j),-3954.083673315351
7559,7559,10.75589375,0.0096277801190087,(-0.0531759709697672-0.013406903566557132j),,(-0.0531759709697701-0.013406903566553885j),-3953.2837373102298
7560,7560,10.75599375,0.0056201997286671,(0.01555505177703384-0.03157871295489737j),,(0.015555051777036116-0.031578712954896934j),-3952.483801305108
7561,7561,10.75609375,0.0051390361241056,(-0.03432599433750563+0.07622532024796513j),,(-0.03432599433750858+0.07622532024796248j),-3951.683865299987
7562,7562,10.75619375,0.0046651751535638,(-0.002032476725490187-0.13022877863560225j),,(-0.0020324767254871756-0.13022877863560225j),-3950.883929294865
7563,7563,10.75629375,0.0072150122206389,(-0.1422675220377546+0.09239256059327837j),,(-0.1422675220377535+0.09239256059327583j),-3950.083993289744
7564,7564,10.75639375,0.0068981472571822,(-0.023925657760286302+0.0939728773795479j),,(-0.023925657760287183+0.09397287737955215j),-3949.284057284622
7565,7565,10.75649375,0.007808818041959,(-0.0757525144491422-0.032388346119027175j),,(-0.07575251444914825-0.032388346119026745j),-3948.484121279501
7566,7566,10.75659375,0.0089984644514501,(0.04722154598216019-0.021256252352550645j),,(0.04722154598215939-0.021256252352548743j),-3947.6841852743796
7567,7567,10.75669375,0.0112943630652657,(-0.03443101847455959-0.05782755730185725j),,(-0.03443101847455742-0.05782755730185589j),-3946.884249269258
7568,7568,10.75679375,0.009830521636594,(0.02301999547481201-0.037247692445399466j),,(0.023019995474811872-0.03724769244539697j),-3946.0843132641367
7569,7569,10.75689375,0.0106746169080832,(0.08032124081859549+0.07564184654556184j),,(0.08032124081859499+0.07564184654556111j),-3945.284377259015
7570,7570,10.75699375,0.0096823747287836,(-0.005116150538153617+0.03927794361724286j),,(-0.005116150538152611+0.03927794361724353j),-3944.4844412538937
7571,7571,10.75709375,0.0085178881001173,(-0.019956471952566147-0.00873640128797442j),,(-0.01995647195256915-0.008736401287972123j),-3943.684505248772
7572,7572,10.75719375,0.0046663630253547,(0.008412743641897128-0.06685207736542863j),,(0.008412743641893523-0.06685207736542916j),-3942.8845692436507
7573,7573,10.75729375,0.0061866948743229,(0.04804696898744612-0.038006077563005836j),,(0.04804696898744467-0.03800607756300424j),-3942.084633238529
7574,7574,10.75739375,0.0068319324141949,(-0.004892786993450677-0.038477193802216876j),,(-0.004892786993452983-0.038477193802214885j),-3941.2846972334078
7575,7575,10.75749375,0.0069717756815896,(-0.017621581038223037-0.054400431478324435j),,(-0.017621581038219536-0.054400431478328966j),-3940.4847612282865
7576,7576,10.75759375,0.0029512725289206,(0.051962174798229364+0.058896388495739804j),,(0.05196217479823089+0.05889638849574517j),-3939.684825223165
7577,7577,10.75769375,0.0060743853166259,(0.1325413065910423-0.028449585822541062j),,(0.1325413065910431-0.028449585822545368j),-3938.8848892180436
7578,7578,10.75779375,0.0065052991362105,(0.011521263255706841+0.0930065519266814j),,(0.01152126325570673+0.09300655192668006j),-3938.084953212922
7579,7579,10.75789375,0.0066753130907073,(0.028962135157253082+0.0652407895837865j),,(0.028962135157250903+0.06524078958378601j),-3937.2850172078006
7580,7580,10.75799375,0.0045856959443713,(0.011407937142093528-0.023590725106086032j),,(0.011407937142098453-0.023590725106086664j),-3936.485081202679
7581,7581,10.75809375,0.0060473695567019,(0.17932890380316502+0.020168636062816138j),,(0.17932890380316527+0.020168636062813675j),-3935.6851451975576
7582,7582,10.75819375,0.0054536086244945,(0.0211288772597861-0.010724768315437791j),,(0.021128877259787036-0.010724768315433352j),-3934.885209192436
7583,7583,10.75829375,0.0063491718591618,(0.10259737194563781-0.06944167554850134j),,(0.10259737194563819-0.06944167554849993j),-3934.0852731873147
7584,7584,10.75839375,0.0040022071485144,(-0.08405937556043505+0.01853256974970541j),,(-0.08405937556043239+0.01853256974970634j),-3933.2853371821934
7585,7585,10.75849375,0.0045469119343474,(0.11434479525905901+0.06899175470375842j),,(0.1143447952590611+0.06899175470376172j),-3932.4854011770717
7586,7586,10.75859375,0.0038899231214981,(0.004949248860857083+0.08526264931601406j),,(0.004949248860858516+0.08526264931601589j),-3931.6854651719505
7587,7587,10.75869375,0.0043417494310226,(0.011585263376262383+0.029909479979530702j),,(0.011585263376261923+0.029909479979529616j),-3930.8855291668287
7588,7588,10.75879375,0.0031972305047987,(-0.07367955360341902+0.019271287821789843j),,(-0.07367955360342156+0.019271287821792944j),-3930.0855931617075
7589,7589,10.75889375,0.0044140471584335,(0.02395891689539612+0.046896595775838365j),,(0.023958916895397284+0.04689659577583988j),-3929.285657156586
7590,7590,10.75899375,0.0043998313919756,(0.027674849257400436+0.10892117388283365j),,(0.027674849257403357+0.10892117388283232j),-3928.4857211514645
7591,7591,10.75909375,0.0040114770146913,(0.03695309617466832-0.053910987270969185j),,(0.03695309617466674-0.05391098727096981j),-3927.685785146343
7592,7592,10.75919375,0.0028939805639887,(-0.049312978634732954+0.03222340895010516j),,(-0.04931297863472952+0.032223408950102124j),-3926.8858491412216
7593,7593,10.75929375,0.0023695670818416,(-0.013521506480476682-0.001626320575428802j),,(-0.013521506480476436-0.0016263205754251104j),-3926.0859131361003
7594,7594,10.75939375,0.0015969944595924,(0.12006010771698405+0.03415843597512515j),,(0.12006010771698528+0.034158435975126994j),-3925.2859771309786
7595,7595,10.75949375,0.0014347289637841,(-0.08433820713026818+0.06086769122564602j),,(-0.08433820713027174+0.060867691225648446j),-3924.4860411258574
7596,7596,10.75959375,0.0032133333486344,(-0.06454672892298258+0.09074262791405432j),,(-0.06454672892298083+0.09074262791405349j),-3923.6861051207356
7597,7597,10.75969375,0.0037432800164706,(-0.07551867932083783-0.08657284309354096j),,(-0.07551867932083615-0.08657284309353938j),-3922.8861691156144
7598,7598,10.75979375,0.005315109453627,(0.13653417846014576-0.04473358499587235j),,(0.13653417846014648-0.044733584995874216j),-3922.0862331104927
7599,7599,10.75989375,0.002735997730409,(-0.003717286489916655+0.006142219802530569j),,(-0.003717286489915736+0.006142219802529764j),-3921.2862971053714
7600,7600,10.75999375,0.0041181896595155,(-0.009465349519858522-0.040576392193711334j),,(-0.009465349519854916-0.04057639219371158j),-3920.48636110025
7601,7601,10.76009375,0.0027891958458443,(-0.13200001648559095-0.04092714823498031j),,(-0.1320000164855896-0.04092714823497967j),-3919.6864250951285
7602,7602,10.76019375,0.0038659944098405,(0.026275170201903-0.0684229664364407j),,(0.026275170201905673-0.06842296643643997j),-3918.886489090007
7603,7603,10.76029375,0.0031478343297633,(-0.02655847351575991-0.029319546067599823j),,(-0.02655847351575863-0.029319546067600087j),-3918.0865530848855
7604,7604,10.76039375,0.0022308904264301,(-0.026040355650703333+0.0263581418483533j),,(-0.026040355650701646+0.026358141848352813j),-3917.2866170797643
7605,7605,10.76049375,0.0017489521532368,(-0.042474550312749854+0.015795201429661895j),,(-0.04247455031274765+0.01579520142966306j),-3916.4866810746425
7606,7606,10.76059375,0.0025281446022779,(-0.05707106454966206+0.04676714510535753j),,(-0.05707106454966525+0.04676714510535514j),-3915.6867450695213
7607,7607,10.76069375,0.003419475025201,(-0.020540926155868475-0.030623986776730096j),,(-0.020540926155866442-0.030623986776731577j),-3914.8868090643996
7608,7608,10.76079375,0.0038178184272012,(-0.04370479528020739-0.022298358598666503j),,(-0.043704795280206904-0.022298358598668775j),-3914.0868730592783
7609,7609,10.76089375,0.0015230977482147,(0.0002653714008935826+0.10369743682028287j),,(0.00026537140089460953+0.10369743682028208j),-3913.286937054157
7610,7610,10.76099375,0.0034060679798034,(-0.006504662713017929+0.004091393543868868j),,(-0.006504662713013974+0.004091393543872887j),-3912.4870010490354
7611,7611,10.76109375,0.0033421499859102,(0.014717869354943857-0.05971644161041213j),,(0.014717869354943243-0.05971644161041068j),-3911.687065043914
7612,7612,10.76119375,0.0037606560257749,(0.04371630269322281-0.024177755558889315j),,(0.043716302693224754-0.024177755558889735j),-3910.8871290387924
7613,7613,10.76129375,0.003350313816897,(0.0016939396717866248-0.1058858454990543j),,(0.001693939671787749-0.10588584549905347j),-3910.087193033671
7614,7614,10.76139375,0.0033060898549835,(0.019103622691947427-0.1261395693797752j),,(0.01910362269194825-0.1261395693797739j),-3909.2872570285494
7615,7615,10.76149375,0.0052617195356493,(-0.05368182334010439-0.03612981053076177j),,(-0.05368182334010303-0.03612981053076527j),-3908.487321023428
7616,7616,10.76159375,0.0052188343743764,(0.0069741938443141985+0.038340987875268046j),,(0.006974193844315154+0.03834098787526932j),-3907.6873850183065
7617,7617,10.76169375,0.0051677159255918,(-0.09120103067053766+0.11627765785212302j),,(-0.09120103067053785+0.11627765785212253j),-3906.8874490131852
7618,7618,10.76179375,0.0048800632450682,(0.0331622689873114+0.016562285371785782j),,(0.03316226898731061+0.016562285371783957j),-3906.087513008064
7619,7619,10.76189375,0.0031146429244831,(0.06242520959992045+0.005193762327057191j),,(0.062425209599920414+0.005193762327056083j),-3905.2875770029423
7620,7620,10.76199375,0.004751538139172,(-0.011505492094312064-0.06399614590753398j),,(-0.011505492094311807-0.06399614590753616j),-3904.487640997821
7621,7621,10.76209375,0.0045804728936064,(-0.055575372289860446+0.04425888026976184j),,(-0.055575372289857386+0.04425888026975897j),-3903.6877049926993
7622,7622,10.76219375,0.0062008538752774,(0.047500114297244975+0.01070326230468998j),,(0.047500114297247056+0.010703262304687149j),-3902.887768987578
7623,7623,10.76229375,0.0044178424935087,(0.12668324632978117+0.02034823675165365j),,(0.12668324632977926+0.02034823675165184j),-3902.0878329824563
7624,7624,10.76239375,0.0065692838562329,(0.06934986075501931+0.0038427210463030242j),,(0.06934986075501554+0.003842721046303184j),-3901.287896977335
7625,7625,10.76249375,0.0063689922601563,(-0.01741325738208581-0.11914143619709186j),,(-0.017413257382088487-0.11914143619709158j),-3900.4879609722134
7626,7626,10.76259375,0.0073716068258079,(0.06357890720910238+0.03971967294594221j),,(0.06357890720910367+0.03971967294594392j),-3899.688024967092
7627,7627,10.76269375,0.0061360561034832,(0.05682273381158455+0.1859337719531492j),,(0.05682273381158465+0.1859337719531498j),-3898.888088961971
7628,7628,10.76279375,0.0069946165251492,(0.06618763692500404+0.061587043524738795j),,(0.06618763692500156+0.061587043524740884j),-3898.088152956849
7629,7629,10.76289375,0.0075726436813789,(-0.11237872482392619+0.039335421185078066j),,(-0.11237872482392565+0.03933542118507691j),-3897.288216951728
7630,7630,10.76299375,0.0085573754733146,(-0.07683025459801497+0.08062482066376113j),,(-0.07683025459801489+0.08062482066376005j),-3896.488280946606
7631,7631,10.76309375,0.0065529013177486,(0.02038399542320381-0.023996914898674365j),,(0.020383995423205563-0.02399691489867576j),-3895.688344941485
7632,7632,10.76319375,0.0079852483061681,(0.0184141974003487+0.06276923327372126j),,(0.018414197400344626+0.06276923327372164j),-3894.8884089363632
7633,7633,10.76329375,0.0090189784057244,(0.0016499783872764608-0.021395984831476665j),,(0.0016499783872740495-0.02139598483147335j),-3894.088472931242
7634,7634,10.76339375,0.0091048210784119,(-0.03041901977319798-0.0021199021562873406j),,(-0.03041901977319832-0.002119902156285939j),-3893.2885369261203
7635,7635,10.76349375,0.006186407594994,(-0.013510537099118924-0.0199496003520429j),,(-0.013510537099118335-0.019949600352044114j),-3892.488600920999
7636,7636,10.76359375,0.0059497553794259,(-0.039323280642853176+0.053317716957703744j),,(-0.03932328064284866+0.053317716957699934j),-3891.688664915878
7637,7637,10.76369375,0.006483221410111,(0.14600145495178748+0.127780785526591j),,(0.1460014549517881+0.12778078552659417j),-3890.888728910756
7638,7638,10.76379375,0.0088247947675017,(-0.05876083644915656+0.0050668626840224135j),,(-0.05876083644915528+0.005066862684018004j),-3890.088792905635
7639,7639,10.76389375,0.0074261731337571,(-0.001310069201525133-0.02330547843476022j),,(-0.0013100692015268023-0.02330547843476246j),-3889.288856900513
7640,7640,10.76399375,0.0066900129802318,(-0.076730116450396-0.09292377512316173j),,(-0.07673011645039149-0.09292377512316234j),-3888.488920895392
7641,7641,10.76409375,0.0068389630158211,(0.043561324234297046+0.1075576487181857j),,(0.043561324234299745+0.10755764871818338j),-3887.68898489027
7642,7642,10.76419375,0.0090438988006603,(0.004395546152161912-0.017610841323597023j),,(0.004395546152164007-0.017610841323600607j),-3886.889048885149
7643,7643,10.76429375,0.0093776496707667,(-0.015555051107339256+0.01092137599203569j),,(-0.015555051107339863+0.010921375992035158j),-3886.089112880027
7644,7644,10.76439375,0.0083787983539217,(-0.014490649291515976+0.01359586769669996j),,(-0.014490649291516635+0.013595867696698186j),-3885.289176874906
7645,7645,10.76449375,0.0080886314522269,(0.00034797152500455966+0.01904978910690782j),,(0.00034797152500156553+0.019049789106906363j),-3884.4892408697847
7646,7646,10.76459375,0.0080576466894757,(0.0321463955509941+0.056099955126431296j),,(0.03214639555098898+0.056099955126432j),-3883.689304864663
7647,7647,10.76469375,0.0077885838673625,(0.056494345911381236+0.0009898192719837544j),,(0.05649434591138513+0.0009898192719880287j),-3882.8893688595417
7648,7648,10.76479375,0.0081544153085486,(-0.10449230398415571-0.027472833924947305j),,(-0.10449230398415338-0.02747283392494532j),-3882.08943285442
7649,7649,10.76489375,0.0065320856034826,(-0.0228133761806086-0.06639771517698022j),,(-0.02281337618060887-0.06639771517697712j),-3881.2894968492988
7650,7650,10.76499375,0.0063421240682221,(0.05725382407552355-0.017783620637117154j),,(0.05725382407552224-0.017783620637113057j),-3880.489560844177
7651,7651,10.76509375,0.0062863763964068,(-0.018182180332961075+0.0335089327072569j),,(-0.018182180332962435+0.03350893270725733j),-3879.689624839056
7652,7652,10.76519375,0.0081774521304389,(0.023765815362867933-0.0020459443366755807j),,(0.023765815362870507-0.0020459443366720315j),-3878.889688833934
7653,7653,10.76529375,0.0070129138641046,(-0.04893077447512115-0.012977864688826028j),,(-0.04893077447512102-0.012977864688826446j),-3878.089752828813
7654,7654,10.76539375,0.0081688027950534,(0.0022541761842091975+0.004588807240496011j),,(0.0022541761842079797+0.004588807240495365j),-3877.2898168236916
7655,7655,10.76549375,0.0084447209826952,(-0.01989849574581557-0.007257849841707418j),,(-0.0198984957458129-0.007257849841707282j),-3876.48988081857
7656,7656,10.76559375,0.0102098651688868,(0.040728898247210585+0.0031620304681275226j),,(0.04072889824721022+0.0031620304681291705j),-3875.6899448134486
7657,7657,10.76569375,0.0085027125052208,(-0.021202816203822843+0.020592625174062292j),,(-0.021202816203820394+0.02059262517406476j),-3874.890008808327
7658,7658,10.76579375,0.0070064985179046,(-0.12921977841657914+0.028742421340968133j),,(-0.12921977841657759+0.02874242134096986j),-3874.0900728032057
7659,7659,10.76589375,0.0052659968427333,(-0.013278659440849137+0.0823721018310707j),,(-0.013278659440848382+0.08237210183106923j),-3873.290136798084
7660,7660,10.76599375,0.0050804084686322,(0.08370152015826662+0.01942816210850365j),,(0.08370152015826882+0.0194281621085029j),-3872.4902007929627
7661,7661,10.76609375,0.0044900739832974,(-0.054285384262712386-0.01221041553016028j),,(-0.054285384262709666-0.012210415530161691j),-3871.690264787841
7662,7662,10.76619375,0.0065875227901688,(0.014665573653224103-0.007078970033373823j),,(0.014665573653219317-0.007078970033373683j),-3870.8903287827197
7663,7663,10.76629375,0.0051877581716737,(0.060600337718687475+0.023724998344027876j),,(0.06060033771868318+0.02372499834402772j),-3870.0903927775985
7664,7664,10.76639375,0.0052932826602346,(-0.026306354632962787-0.0748700206347867j),,(-0.02630635463296373-0.07487002063478781j),-3869.290456772477
7665,7665,10.76649375,0.0051082278934943,(0.020468923985981977-0.05591627930541283j),,(0.020468923985978285-0.05591627930541112j),-3868.4905207673555
7666,7666,10.76659375,0.0060503407797956,(0.10646352396162906+0.019994417419512297j),,(0.10646352396162799+0.019994417419509025j),-3867.690584762234
7667,7667,10.76669375,0.006089758891522,(-0.016568140886748198-0.0438183016536208j),,(-0.01656814088674835-0.04381830165361757j),-3866.8906487571126
7668,7668,10.76679375,0.0037063632433898,(0.010842365246718055+0.034513810483995384j),,(0.010842365246718113+0.03451381048399223j),-3866.090712751991
7669,7669,10.76689375,0.0029268434032156,(-0.005820607006677851+0.04094467504618343j),,(-0.00582060700667867+0.04094467504617967j),-3865.2907767468696
7670,7670,10.76699375,0.0056819014696882,(0.0005444266431130062-0.07872096101026589j),,(0.0005444266431108603-0.07872096101026675j),-3864.4908407417483
7671,7671,10.76709375,0.0064122872176103,(0.025520047963338448-0.05618607746979214j),,(0.02552004796333539-0.05618607746979182j),-3863.6909047366266
7672,7672,10.76719375,0.0049422727227707,(-0.06381048345326623+0.036754980875175355j),,(-0.06381048345326665+0.0367549808751745j),-3862.8909687315054
7673,7673,10.76729375,0.0023740292074273,(0.040601401445010295+0.06316638373367654j),,(0.04060140144501109+0.06316638373367478j),-3862.0910327263837
7674,7674,10.76739375,0.0035782957872552,(-0.07608493386229892+0.009025271591240214j),,(-0.07608493386230106+0.009025271591241998j),-3861.2910967212624
7675,7675,10.76749375,0.0047118189667705,(-0.03236767021990165+0.006115560680630938j),,(-0.03236767021989968+0.006115560680631655j),-3860.4911607161407
7676,7676,10.76759375,0.0036129493098449,(-0.0021932002748863214-0.0564315319697597j),,(-0.0021932002748909322-0.05643153196976088j),-3859.6912247110195
7677,7677,10.76769375,0.0018310726336286,(-0.080384994523403+0.02912025228123828j),,(-0.08038499452340078+0.029120252281239562j),-3858.8912887058978
7678,7678,10.76779375,0.0019093143823221,(-0.07854808289591159+0.0067211704198293296j),,(-0.07854808289591494+0.0067211704198296765j),-3858.0913527007765
7679,7679,10.76789375,0.0013826415559092,(0.043546718467955305-0.051206909226259395j),,(0.04354671846795225-0.05120690922626018j),-3857.2914166956552
7680,7680,10.76799375,0.0025461798192631,(-0.0036784653726490146-0.06467551111281955j),,(-0.0036784653726509645-0.06467551111282263j),-3856.4914806905335
7681,7681,10.76809375,0.0019463822575092,(-0.07475885513456937+0.04518745164915723j),,(-0.07475885513456781+0.045187451649156815j),-3855.6915446854123
7682,7682,10.76819375,0.0030064238174145,(-0.0612119197526102-0.02822925268803807j),,(-0.06121191975260672-0.028229252688033744j),-3854.8916086802906
7683,7683,10.76829375,0.0038849631716198,(0.026932918525651082-0.015482062639926809j),,(0.026932918525653392-0.015482062639925267j),-3854.0916726751693
7684,7684,10.76839375,0.0033026295232261,(0.0052083675876520834-0.02167228385121401j),,(0.0052083675876493886-0.02167228385121238j),-3853.2917366700476
7685,7685,10.76849375,0.0021299277035379,(-0.07157208168294452-0.01963256263689194j),,(-0.07157208168294514-0.01963256263689199j),-3852.4918006649264
7686,7686,10.76859375,0.0026660927302806,(0.03670695693557233+0.10934203503360578j),,(0.03670695693557426+0.10934203503360498j),-3851.6918646598047
7687,7687,10.76869375,0.0030135675207417,(0.07871773437288944+0.051149659746496066j),,(0.07871773437288926+0.05114965974649559j),-3850.8919286546834
7688,7688,10.76879375,0.0035779305557729,(0.10243039619891321+0.04448231949336112j),,(0.10243039619891525+0.044482319493356785j),-3850.091992649562
7689,7689,10.76889375,0.0022828356080805,(-0.04482452604182736+0.0476691663915191j),,(-0.04482452604182994+0.04766916639151793j),-3849.2920566444404
7690,7690,10.76899375,0.0029062168814622,(0.025069280736538316+0.10155834076670203j),,(0.02506928073653915+0.10155834076670214j),-3848.492120639319
7691,7691,10.76909375,0.0042896586297193,(-0.01763889392464241+0.07398932262173318j),,(-0.0176388939246422+0.07398932262173492j),-3847.6921846341975
7692,7692,10.76919375,0.0034689734682307,(-0.0065983810583630145-0.05239656314007626j),,(-0.0065983810583671-0.05239656314007746j),-3846.892248629076
7693,7693,10.76929375,0.003183572450881,(0.025018454709307334+0.0603701626757983j),,(0.025018454709307192+0.06037016267579422j),-3846.0923126239545
7694,7694,10.76939375,0.0018077073644429,(-0.056559978174395564+0.08161196034831937j),,(-0.056559978174391526+0.08161196034831443j),-3845.2923766188333
7695,7695,10.76949375,0.0036758947302343,(-0.016850029590802746-0.013009669201648557j),,(-0.01685002959079998-0.013009669201650007j),-3844.4924406137116
7696,7696,10.76959375,0.003733619847254,(0.023151711275933788-0.01977745203753453j),,(0.02315171127593067-0.019777452037531375j),-3843.6925046085903
7697,7697,10.76969375,0.0038862288324786,(-0.009035112413674462-0.043279209204976736j),,(-0.009035112413668257-0.04327920920497736j),-3842.892568603469
7698,7698,10.76979375,0.0037048817553641,(0.014573311862125543-0.039562920813022984j),,(0.014573311862125172-0.03956292081302367j),-3842.0926325983473
7699,7699,10.76989375,0.0042284297299356,(-0.056160449302686294+0.026779549988476162j),,(-0.05616044930268663+0.026779549988476675j),-3841.292696593226
7700,7700,10.76999375,0.0053359810416758,(0.12444448252563192+0.09506742629984578j),,(0.1244444825256308+0.09506742629984963j),-3840.4927605881044
7701,7701,10.77009375,0.0046254770140334,(-0.01659326813588876+0.024979789437235708j),,(-0.016593268135887+0.024979789437232898j),-3839.692824582983
7702,7702,10.77019375,0.0054709341780021,(-0.03714717808436271-0.03663444977918185j),,(-0.03714717808436368-0.036634449779183655j),-3838.8928885778614
7703,7703,10.77029375,0.006023747089302,(-0.06272619613594418+0.028087932562265404j),,(-0.06272619613594502+0.028087932562264807j),-3838.09295257274
7704,7704,10.77039375,0.0057557070688862,(0.05761909324440366-0.02199737047797209j),,(0.05761909324440359-0.021997370477969465j),-3837.2930165676185
7705,7705,10.77049375,0.0056912165150501,(0.02254521503814804-0.034508077606357254j),,(0.022545215038142233-0.034508077606361334j),-3836.493080562497
7706,7706,10.77059375,0.0054805743477585,(-0.002129509247597255-0.02403472737786687j),,(-0.002129509247598433-0.02403472737786461j),-3835.693144557376
7707,7707,10.77069375,0.0063096291147547,(-0.05276130938329132-0.062408032765004035j),,(-0.05276130938329075-0.06240803276500532j),-3834.8932085522542
7708,7708,10.77079375,0.006277982219046,(-0.10072796638472944+0.048028827070595026j),,(-0.10072796638472566+0.04802882707059389j),-3834.093272547133
7709,7709,10.77089375,0.0060367628666698,(-0.017973947064954147+0.04511276329892347j),,(-0.017973947064952065+0.045112763298923254j),-3833.2933365420113
7710,7710,10.77099375,0.0057785439588381,(0.0910312512049352-0.04585093628776605j),,(0.09103125120493487-0.04585093628776281j),-3832.49340053689
7711,7711,10.77109375,0.0067990920341278,(-0.004164700494714332-0.07063637330807913j),,(-0.004164700494709846-0.07063637330807768j),-3831.6934645317683
7712,7712,10.77119375,0.0074795519843569,(-0.03904636403672093+0.057695954475878206j),,(-0.03904636403672144+0.057695954475879496j),-3830.893528526647
7713,7713,10.77129375,0.007956499092408,(-0.011495073212442836+0.10856606283955786j),,(-0.011495073212442246+0.1085660628395577j),-3830.0935925215254
7714,7714,10.77139375,0.0075708002169703,(-0.056522369986889-0.058810505704423276j),,(-0.0565223699868852-0.05881050570442209j),-3829.293656516404
7715,7715,10.77149375,0.0080404205699122,(0.02087749534026457-0.010148075004858034j),,(0.02087749534026469-0.010148075004860648j),-3828.493720511283
7716,7716,10.77159375,0.0081866111677996,(-0.06699783208094665+0.00833192283216748j),,(-0.06699783208094547+0.008331922832171112j),-3827.693784506161
7717,7717,10.77169375,0.0082015398658613,(0.02005891641549585+0.03833457779505804j),,(0.02005891641549842+0.03833457779506035j),-3826.89384850104
7718,7718,10.77179375,0.0072445795995578,(-0.015754744395905733-0.026924496338190235j),,(-0.01575474439590698-0.02692449633819055j),-3826.093912495918
7719,7719,10.77189375,0.007309875756505,(0.027500379063037015-0.023204644432250586j),,(0.027500379063036776-0.023204644432247453j),-3825.293976490797
7720,7720,10.77199375,0.0065826398518866,(-0.019048641089657183+0.004572811381715641j),,(-0.019048641089658428+0.004572811381713613j),-3824.494040485675
7721,7721,10.77209375,0.0057058378213601,(0.03567581922540529+0.017390956228140166j),,(0.03567581922540403+0.01739095622814177j),-3823.694104480554
7722,7722,10.77219375,0.0057918875960614,(0.018770721049836618+0.04669648885734978j),,(0.018770721049835633+0.046696488857346855j),-3822.8941684754323
7723,7723,10.77229375,0.006705157525416,(-0.01620861966996918-0.04143742046964475j),,(-0.016208619669975968-0.04143742046964243j),-3822.094232470311
7724,7724,10.77239375,0.0077839972924353,(0.03786149612789576-0.031403188229685616j),,(0.037861496127898395-0.031403188229684166j),-3821.2942964651897
7725,7725,10.77249375,0.0072276150815456,(0.03526721248311504+0.02879033850502072j),,(0.03526721248311488+0.02879033850502254j),-3820.494360460068
7726,7726,10.77259375,0.0088823480714899,(0.019307101724253574-0.02323572257835702j),,(0.019307101724253213-0.02323572257835469j),-3819.694424454947
7727,7727,10.77269375,0.0102903465246429,(0.07156503279460061+0.03640631209157309j),,(0.07156503279459978+0.036406312091576236j),-3818.894488449825
7728,7728,10.77279375,0.0096716760838114,(0.10954973138091738-0.005255311122840174j),,(0.1095497313809157-0.005255311122839772j),-3818.094552444704
7729,7729,10.77289375,0.0077672061079451,(-0.027595971680772866+0.020471766708011485j),,(-0.02759597168077769+0.020471766708010593j),-3817.294616439582
7730,7730,10.77299375,0.0085956702703392,(-0.03991266372984458-0.005873542322569824j),,(-0.03991266372984217-0.00587354232257079j),-3816.494680434461
7731,7731,10.77309375,0.0073482795254733,(0.09741616487094239+0.1100600206578059j),,(0.09741616487094676+0.11006002065780289j),-3815.694744429339
7732,7732,10.77319375,0.0056546451687896,(0.008910518462261041+0.06399947623902214j),,(0.008910518462262904+0.06399947623902172j),-3814.894808424218
7733,7733,10.77329375,0.0057151009305664,(0.007847308686558639+0.05127700080540403j),,(0.0078473086865598+0.0512770008054058j),-3814.0948724190966
7734,7734,10.77339375,0.007902214395085,(-0.01605287136483447-0.026140338025312532j),,(-0.016052871364835172-0.026140338025309406j),-3813.294936413975
7735,7735,10.77349375,0.0070909535421877,(-0.08534412825791343-0.03206843148200039j),,(-0.08534412825792007-0.032068431482004105j),-3812.4950004088537
7736,7736,10.77359375,0.0081053520977624,(-0.016207150051436397+0.004236065045496461j),,(-0.016207150051437462+0.004236065045496778j),-3811.695064403732
7737,7737,10.77369375,0.0074897546548391,(0.03823636621790337+0.024347356906132933j),,(0.0382363662179032+0.02434735690612882j),-3810.8951283986107
7738,7738,10.77379375,0.0090935156575101,(-0.05353659928195407-0.00122141107484516j),,(-0.05353659928195455-0.0012214110748493233j),-3810.095192393489
7739,7739,10.77389375,0.008561442857772,(-0.07092223269286659-0.003957077055618553j),,(-0.07092223269286224-0.003957077055613592j),-3809.2952563883678
7740,7740,10.77399375,0.0085493433136854,(-0.058184668142644794+0.036997622628427485j),,(-0.058184668142641026+0.036997622628430024j),-3808.4953203832465
7741,7741,10.77409375,0.0072088375744228,(-0.03813734962515671+0.07410669773413894j),,(-0.03813734962515619+0.0741066977341393j),-3807.695384378125
7742,7742,10.77419375,0.0064586460539664,(0.05511449983397203+0.01858811252384724j),,(0.055114499833971174+0.01858811252384856j),-3806.8954483730035
7743,7743,10.77429375,0.0068674755367183,(0.07910516831819842+0.017208667726581715j),,(0.07910516831819987+0.017208667726582513j),-3806.095512367882
7744,7744,10.77439375,0.0061913049005803,(-0.14644713910113633-0.011681560168380595j),,(-0.14644713910114082-0.01168156016838219j),-3805.2955763627606
7745,7745,10.77449375,0.0043241566410237,(-0.06333936134264265+0.05552689895084536j),,(-0.06333936134264322+0.05552689895084824j),-3804.495640357639
7746,7746,10.77459375,0.0035038197719964,(0.024703811062271097-0.016682505820795286j),,(0.02470381106227142-0.016682505820796403j),-3803.6957043525176
7747,7747,10.77469375,0.0043825205625925,(0.06874805229794467-0.12983444715630077j),,(0.06874805229794269-0.12983444715630102j),-3802.895768347396
7748,7748,10.77479375,0.0058362287370381,(0.03247687350086917-0.03310590756018374j),,(0.03247687350086691-0.033105907560181044j),-3802.0958323422747
7749,7749,10.77489375,0.0050490199639587,(0.007713954633482041+0.030878864015976865j),,(0.007713954633480291+0.030878864015975026j),-3801.2958963371534
7750,7750,10.77499375,0.0041763870890391,(-0.0019881567460813187+0.004408466834584539j),,(-0.001988156746083115+0.004408466834585541j),-3800.4959603320317
7751,7751,10.77509375,0.0054957029018436,(0.09194769814003162-0.01707424026501491j),,(0.09194769814002993-0.017074240265009595j),-3799.6960243269104
7752,7752,10.77519375,0.0067332395834014,(0.014549052059109106-0.03567849270963761j),,(0.014549052059109292-0.035678492709638014j),-3798.8960883217887
7753,7753,10.77529375,0.0057088760410941,(-0.039177907788386424+0.021185057305513427j),,(-0.039177907788387395+0.02118505730551791j),-3798.0961523166675
7754,7754,10.77539375,0.0034666355464452,(-0.04922266952941906+0.04673913574259015j),,(-0.0492226695294156+0.04673913574258772j),-3797.296216311546
7755,7755,10.77549375,0.0042759587681962,(0.07489772350003401+0.02725543156222442j),,(0.07489772350003525+0.027255431562225325j),-3796.4962803064245
7756,7756,10.77559375,0.0027101667708834,(-0.0034961086719854945+0.037456233637326655j),,(-0.0034961086719843375+0.037456233637324046j),-3795.696344301303
7757,7757,10.77569375,0.0050950546454473,(-0.07041661549053685-0.09366558910664775j),,(-0.07041661549053652-0.0936655891066503j),-3794.8964082961816
7758,7758,10.77579375,0.0047264307533336,(-0.014681623178120993-0.08061301778145724j),,(-0.014681623178118858-0.08061301778145913j),-3794.0964722910603
7759,7759,10.77589375,0.0031033086839431,(0.002719662527087891-0.01862626985800527j),,(0.002719662527090168-0.018626269858005605j),-3793.2965362859386
7760,7760,10.77599375,0.0005504418943918,(0.002754597020481378-0.06316886110268453j),,(0.00275459702048215-0.06316886110268452j),-3792.4966002808173
7761,7761,10.77609375,0.0013968459271526,(0.030754690539998672-0.02389299769960699j),,(0.030754690539998807-0.023892997699607083j),-3791.6966642756956
7762,7762,10.77619375,0.0039500822844292,(0.0351521587291451+0.015024996815199702j),,(0.035152158729145504+0.015024996815200635j),-3790.8967282705744
7763,7763,10.77629375,0.0018845971242839,(0.049918479870182206+0.013836092436382244j),,(0.049918479870184+0.013836092436378983j),-3790.0967922654527
7764,7764,10.77639375,-0.0006326057414466,(0.06422766377977354+0.07561927538569482j),,(0.06422766377977522+0.07561927538569335j),-3789.2968562603314
7765,7765,10.77649375,0.0024908519458368,(-0.0398653181320542-0.007757203589589971j),,(-0.0398653181320578-0.007757203589592435j),-3788.4969202552097
7766,7766,10.77659375,0.0031918782321831,(-0.02126183683027793+0.006025408352003818j),,(-0.0212618368302804+0.006025408352003701j),-3787.6969842500885
7767,7767,10.77669375,0.005773748623321,(-0.0007660892645580952+0.023951814845197476j),,(-0.0007660892645586191+0.023951814845195013j),-3786.897048244967
7768,7768,10.77679375,0.0041831628478825,(-0.025438458352877828+0.002924828047163271j),,(-0.025438458352877297+0.0029248280471615615j),-3786.0971122398455
7769,7769,10.77689375,0.003205541092405,(-0.06917884359692794-0.01689657451089319j),,(-0.0691788435969298-0.01689657451089345j),-3785.2971762347242
7770,7770,10.77699375,0.0037290855846455,(-0.05928496081387805-0.00858520579410277j),,(-0.05928496081387611-0.008585205794102959j),-3784.4972402296025
7771,7771,10.77709375,0.0034959679877226,(-0.06657974326161191+0.014317359647040059j),,(-0.06657974326161196+0.014317359647043362j),-3783.6973042244813
7772,7772,10.77719375,0.0031500548072945,(-0.0387823465063348+0.06927307449486088j),,(-0.03878234650633418+0.06927307449485857j),-3782.8973682193596
7773,7773,10.77729375,0.0013594404939492,(0.04031571279305035+0.01455661673086204j),,(0.04031571279304951+0.01455661673086121j),-3782.0974322142383
7774,7774,10.77739375,0.0019015825818969,(-0.030940864274286956-0.08445027990826272j),,(-0.030940864274288778-0.08445027990826257j),-3781.2974962091166
7775,7775,10.77749375,0.0021971316333557,(-0.023573946566452814+0.01953897021809916j),,(-0.023573946566454864+0.019538970218096866j),-3780.4975602039954
7776,7776,10.77759375,0.0018954250591266,(0.018350845386449197+0.07207451184384933j),,(0.018350845386449145+0.07207451184385197j),-3779.697624198874
7777,7777,10.77769375,0.0021708296944071,(0.034206722166319405-0.005531949826663966j),,(0.034206722166318704-0.005531949826663721j),-3778.8976881937524
7778,7778,10.77779375,0.003017092625305,(-0.055814859073793466-0.0271000536471868j),,(-0.05581485907379416-0.02710005364718882j),-3778.097752188631
7779,7779,10.77789375,0.0050180410931286,(-0.04920587176798805+0.03926492099366882j),,(-0.04920587176798678+0.03926492099367075j),-3777.2978161835094
7780,7780,10.77799375,0.004322725389071,(-0.035799515524626895+0.007201600307709182j),,(-0.03579951552462668+0.007201600307708691j),-3776.497880178388
7781,7781,10.77809375,0.0057476645921382,(0.06467718527690684-0.03681902986451944j),,(0.06467718527690475-0.03681902986451961j),-3775.6979441732665
7782,7782,10.77819375,0.0062591187869443,(-0.0304899684322446+0.015893750457203044j),,(-0.030489968432245433+0.01589375045720545j),-3774.898008168145
7783,7783,10.77829375,0.0077379279715682,(-0.05868842296998855-0.03592699727416771j),,(-0.05868842296998994-0.035926997274167906j),-3774.0980721630235
7784,7784,10.77839375,0.0061223344105471,(0.008630864707862236+0.09897354088469187j),,(0.00863086470785869+0.09897354088468835j),-3773.2981361579023
7785,7785,10.77849375,0.0065423010861944,(0.04342055727105791+0.011250576987887369j),,(0.04342055727105494+0.011250576987883463j),-3772.498200152781
7786,7786,10.77859375,0.006011832848865,(0.046422559963400244-0.016534104686735253j),,(0.04642255996340358-0.01653410468673682j),-3771.6982641476593
7787,7787,10.77869375,0.0062259605240588,(-0.014489646313425435-0.02499636744621286j),,(-0.014489646313429845-0.024996367446214553j),-3770.898328142538
7788,7788,10.77879375,0.0038841645452373,(0.04189365627318644+0.03352656078198486j),,(0.04189365627318931+0.033526560781982205j),-3770.0983921374163
7789,7789,10.77889375,0.004055703512987,(0.013064871740654575+0.0536053806242663j),,(0.013064871740652916+0.0536053806242674j),-3769.298456132295
7790,7790,10.77899375,0.0043383882483428,(0.0003228259226995128+0.047834847228743524j),,(0.0003228259226985934+0.04783484722874009j),-3768.4985201271734
7791,7791,10.77909375,0.006472227045315,(0.0171597081808908-0.0008672146222151868j),,(0.017159708180891013-0.0008672146222151703j),-3767.698584122052
7792,7792,10.77919375,0.0059077508718593,(0.034753428723295385-0.07905408770226716j),,(0.03475342872329608-0.07905408770226563j),-3766.8986481169304
7793,7793,10.77929375,0.0061385247460561,(0.009653532568048198+0.019813579926293703j),,(0.00965353256804681+0.019813579926297065j),-3766.098712111809
7794,7794,10.77939375,0.005387264633649,(0.026823857629895538-0.004434089828200488j),,(0.026823857629895073-0.004434089828203343j),-3765.298776106688
7795,7795,10.77949375,0.0068037686149051,(-0.06367737913980019+0.005671749687830126j),,(-0.06367737913979704+0.005671749687827488j),-3764.498840101566
7796,7796,10.77959375,0.0088048135194898,(-0.0002151980223099037-0.030380079638057153j),,(-0.00021519802230867725-0.03038007963805576j),-3763.698904096445
7797,7797,10.77969375,0.0084035427575185,(-0.012963919160054675-0.01846075066712199j),,(-0.012963919160050305-0.0184607506671217j),-3762.8989680913232
7798,7798,10.77979375,0.0097564543656936,(0.011257113794506345+0.02118517598322206j),,(0.011257113794510682+0.021185175983223913j),-3762.099032086202
7799,7799,10.77989375,0.0084256557156459,(-0.004894881439990662-0.018676672247131234j),,(-0.00489488143999109-0.018676672247131702j),-3761.2990960810803
7800,7800,10.77999375,0.0087868547387033,(0.07165968211244818+0.042684440555932505j),,(0.07165968211244769+0.042684440555934164j),-3760.499160075959
7801,7801,10.78009375,0.0068804430275805,(0.03755372325472672-0.016766182321796365j),,(0.03755372325472515-0.01676618232179742j),-3759.6992240708373
7802,7802,10.78019375,0.0073510569034126,(0.02154069255549264-0.03447373812747895j),,(0.02154069255549163-0.03447373812747755j),-3758.899288065716
7803,7803,10.78029375,0.0060398892899961,(-0.0032238191068803814-0.057771013077358976j),,(-0.003223819106881862-0.05777101307735727j),-3758.099352060595
7804,7804,10.78039375,0.0053668884942016,(0.005138789544852342-0.057132818104259436j),,(0.0051387895448517-0.05713281810426001j),-3757.299416055473
7805,7805,10.78049375,0.0054604469647287,(0.04512868686197952+0.028184346596210018j),,(0.045128686861983854+0.028184346596212335j),-3756.499480050352
7806,7806,10.78059375,0.0063150795873016,(-0.015708579134227442+0.0030608757389426174j),,(-0.01570857913422799+0.0030608757389411255j),-3755.69954404523
7807,7807,10.78069375,0.0061669847068986,(-0.08867376586531568+0.018378308992141372j),,(-0.08867376586531157+0.01837830899214108j),-3754.899608040109
7808,7808,10.78079375,0.0075307066670739,(0.01602553193797771-0.027846918980475893j),,(0.016025531937978555-0.027846918980480775j),-3754.099672034987
7809,7809,10.78089375,0.0079633942847681,(0.02173830841990377+0.0029694504148330995j),,(0.021738308419904078+0.0029694504148364983j),-3753.299736029866
7810,7810,10.78099375,0.0086690515613542,(-0.016238107554700267-0.011326639053209249j),,(-0.016238107554700204-0.011326639053208732j),-3752.4998000247447
7811,7811,10.78109375,0.0085786581948783,(-0.009311488289999201-0.05267661988667863j),,(-0.00931148828999674-0.05267661988667948j),-3751.699864019623
7812,7812,10.78119375,0.0090261494607803,(-0.02019781103653625-0.014071528693253472j),,(-0.02019781103653404-0.01407152869325504j),-3750.8999280145017
7813,7813,10.78129375,0.0095401628162119,(0.018517152737201746+0.017520012136618128j),,(0.01851715273720307+0.017520012136614922j),-3750.09999200938
7814,7814,10.78139375,0.0092082225977557,(0.0011614809567717828+0.04066560688859849j),,(0.0011614809567731983+0.0406656068885977j),-3749.3000560042587
7815,7815,10.78149375,0.0087255851961066,(-0.0026698335793080164-0.03246466019679197j),,(-0.0026698335793068463-0.03246466019678799j),-3748.500119999137
7816,7816,10.78159375,0.0074341696666931,(0.04620985972209412+0.021989396489911533j),,(0.04620985972209316+0.021989396489910162j),-3747.700183994016
7817,7817,10.78169375,0.0066802857238374,(-0.010625953704160902+0.0343453363782954j),,(-0.010625953704160135+0.034345336378294684j),-3746.900247988894
7818,7818,10.78179375,0.0064665925456169,(-0.004160963257100404+0.062321036999222645j),,(-0.004160963257100837+0.062321036999222215j),-3746.100311983773
7819,7819,10.78189375,0.0057097695782469,(-0.007933426765420519-0.016208273809796704j),,(-0.007933426765420946-0.016208273809793873j),-3745.3003759786516
7820,7820,10.78199375,0.0064804748117208,(0.007779547692077551-0.035198858235543425j),,(0.0077795476920795616-0.03519885823554214j),-3744.50043997353
7821,7821,10.78209375,0.005495464595601,(-0.07535897033849566-0.017415599572865675j),,(-0.07535897033849447-0.01741559957286498j),-3743.7005039684086
7822,7822,10.78219375,0.0062869851283412,(-0.06314651546691169+0.05847676141214365j),,(-0.06314651546691058+0.05847676141214371j),-3742.900567963287
7823,7823,10.78229375,0.006488305653288,(-0.005072133596913678-0.05088791582060134j),,(-0.005072133596912045-0.050887915820607324j),-3742.1006319581656
7824,7824,10.78239375,0.0083388151452049,(0.005935121353907683+0.002468728053075398j),,(0.005935121353911171+0.002468728053074288j),-3741.300695953044
7825,7825,10.78249375,0.0087991203566562,(0.024048352300591637-0.00716738276249821j),,(0.024048352300589233-0.00716738276249809j),-3740.5007599479227
7826,7826,10.78259375,0.0079189147900078,(-0.05000301513477566+0.010010884812112809j),,(-0.050003015134775605+0.010010884812111407j),-3739.700823942801
7827,7827,10.78269375,0.0082476479656811,(-0.0374716187671915+0.05770627895863985j),,(-0.03747161876719238+0.05770627895863808j),-3738.9008879376797
7828,7828,10.78279375,0.0076652822880881,(-0.04259175026527206-0.024705899782088505j),,(-0.0425917502652721-0.024705899782088488j),-3738.1009519325585
7829,7829,10.78289375,0.0065707731095775,(0.029608137147096737-0.016968332016237143j),,(0.02960813714709998-0.01696833201623701j),-3737.3010159274368
7830,7830,10.78299375,0.0054896625618918,(-0.02212262284010853-0.016816235181457147j),,(-0.0221226228401092-0.016816235181455527j),-3736.5010799223155
7831,7831,10.78309375,0.0051567001453376,(0.044930305993863766+0.020576276401255762j),,(0.044930305993862815+0.02057627640125345j),-3735.701143917194
7832,7832,10.78319375,0.0041131131654976,(0.0176791545172841+0.04544606121820917j),,(0.017679154517284027+0.04544606121821093j),-3734.9012079120726
7833,7833,10.78329375,0.0025262328110888,(0.020250692340795632-0.020666960215779774j),,(0.02025069234079526-0.020666960215781256j),-3734.101271906951
7834,7834,10.78339375,0.0035939779334129,(0.0024848269276431367-0.023936305452365962j),,(0.002484826927645808-0.023936305452365542j),-3733.3013359018296
7835,7835,10.78349375,0.0057252814330846,(-0.06388797051062435-0.053328119346796266j),,(-0.06388797051062459-0.05332811934679556j),-3732.501399896708
7836,7836,10.78359375,0.004446393794264,(0.0033798041242822964+0.03564834648352021j),,(0.003379804124282553+0.03564834648352408j),-3731.7014638915866
7837,7837,10.78369375,0.0029314320027603,(0.02469658395778219+0.0035893757368007564j),,(0.02469658395777912+0.0035893757367988274j),-3730.9015278864654
7838,7838,10.78379375,0.0050254345261432,(0.059028418374387354+0.003240146621384877j),,(0.05902841837438834+0.003240146621382889j),-3730.1015918813437
7839,7839,10.78389375,0.0049634339366301,(-0.014592614101887474-0.039029484679389444j),,(-0.014592614101884697-0.03902948467938763j),-3729.3016558762224
7840,7840,10.78399375,0.0062283908379963,(-0.03487526269636+0.04174405434807209j),,(-0.03487526269636114+0.04174405434807529j),-3728.5017198711007
7841,7841,10.78409375,0.0030225464505606,(0.05561229723607661-0.029851340314066967j),,(0.0556122972360744-0.029851340314068525j),-3727.7017838659795
7842,7842,10.78419375,0.0050681562343938,(0.010068656409601194+0.015699257888433852j),,(0.01006865640960099+0.015699257888435368j),-3726.9018478608577
7843,7843,10.78429375,0.0024462536086456,(0.06349143200061845+0.014355855321565802j),,(0.06349143200062152+0.014355855321566944j),-3726.1019118557365
7844,7844,10.78439375,0.0042500499692164,(0.01107075695073571+0.032626391017529954j),,(0.011070756950733965+0.032626391017529406j),-3725.301975850615
7845,7845,10.78449375,0.0030062234050804,(-0.05513884942957077+0.05895196578855832j),,(-0.055138849429570945+0.05895196578855565j),-3724.5020398454935
7846,7846,10.78459375,0.0030891242624169,(0.029204843611262445+0.0011914974736487519j),,(0.029204843611263354+0.0011914974736450604j),-3723.7021038403723
7847,7847,10.78469375,0.0009091829064224,(0.002219259197069924-0.05271945011302748j),,(0.0022192591970693794-0.05271945011302441j),-3722.9021678352506
7848,7848,10.78479375,0.0010159655475252,(0.002390276774891424-0.034411383445184275j),,(0.0023902767748947007-0.034411383445183j),-3722.1022318301293
7849,7849,10.78489375,0.0013466920460206,(0.009750139950260982+0.007340218324084647j),,(0.009750139950259392+0.007340218324084491j),-3721.3022958250076
7850,7850,10.78499375,0.0022599847431602,(-0.01431716229538657+0.06944363992618485j),,(-0.01431716229538188+0.06944363992618599j),-3720.5023598198864
7851,7851,10.78509375,0.0007133929551291,(-0.001134645007910242-0.04176903318971196j),,(-0.0011346450079118484-0.04176903318971235j),-3719.7024238147646
7852,7852,10.78519375,0.0024594939666597,(0.0013855425642281998-0.02049331548373626j),,(0.0013855425642250413-0.02049331548373808j),-3718.9024878096434
7853,7853,10.78529375,0.0028854626626888,(-0.014928433522172761-0.013949656094846321j),,(-0.014928433522170853-0.013949656094845558j),-3718.1025518045217
7854,7854,10.78539375,0.0048193477655224,(-0.007055791335822998+0.008743388568212057j),,(-0.007055791335823754+0.00874338856821181j),-3717.3026157994004
7855,7855,10.78549375,0.004346125321932,(-0.010695449037854023-0.043224899474563885j),,(-0.010695449037853707-0.043224899474562845j),-3716.502679794279
7856,7856,10.78559375,0.0047182723146659,(0.03982487858150204-0.008849266683525772j),,(0.03982487858149814-0.008849266683528895j),-3715.7027437891575
7857,7857,10.78569375,0.0042343587826399,(0.005313933640592874-0.025507511979595006j),,(0.005313933640591139-0.025507511979591245j),-3714.902807784036
7858,7858,10.78579375,0.0040430985791187,(-0.0018815481753359294+0.012545557380918344j),,(-0.0018815481753310399+0.012545557380915154j),-3714.1028717789145
7859,7859,10.78589375,0.0036712336262546,(0.017023875170261632+0.02415197412275009j),,(0.017023875170261216+0.024151974122747076j),-3713.3029357737933
7860,7860,10.78599375,0.0036578549964398,(0.011468959854748655-0.02822206769887751j),,(0.011468959854748738-0.028222067698877116j),-3712.5029997686715
7861,7861,10.78609375,0.0022689563115598,(0.004474750097317398-0.014515054654053887j),,(0.004474750097315574-0.014515054654056683j),-3711.7030637635503
7862,7862,10.78619375,0.0036702150084245,(-0.0009779707027599148-0.0647583539396661j),,(-0.0009779707027598407-0.06475835393966706j),-3710.9031277584286
7863,7863,10.78629375,0.0027244785632832,(-0.017406821120812502-0.04297955936120257j),,(-0.017406821120809126-0.04297955936119944j),-3710.1031917533073
7864,7864,10.78639375,0.0043178715891572,(0.033876448194016945+0.03394006852008535j),,(0.033876448194019346+0.03394006852008525j),-3709.303255748186
7865,7865,10.78649375,0.0031433400334919,(0.02765976973469221-0.02820204504441947j),,(0.02765976973469174-0.028202045044415425j),-3708.5033197430644
7866,7866,10.78659375,0.0045929761997963,(0.004478384453667285-0.022570651157036683j),,(0.0044783844536657475-0.022570651157035083j),-3707.703383737943
7867,7867,10.78669375,0.0043937971247412,(-0.06776252237481545+0.034475878547636736j),,(-0.06776252237481616+0.03447587854763799j),-3706.9034477328214
7868,7868,10.78679375,0.0057993544047948,(0.0003867810352598119-0.012733989234781756j),,(0.00038678103526030194-0.012733989234784037j),-3706.1035117277
7869,7869,10.78689375,0.0053576755174709,(0.016067156220609342+0.010643239223456365j),,(0.016067156220614606+0.010643239223455782j),-3705.3035757225784
7870,7870,10.78699375,0.0068124485303112,(-0.02282485409934131+0.03599204259740112j),,(-0.022824854099340056+0.03599204259740217j),-3704.503639717457
7871,7871,10.78709375,0.0058994608269309,(0.0005031741363644721+0.019047242628595393j),,(0.0005031741363651001+0.019047242628592028j),-3703.7037037123355
7872,7872,10.78719375,0.0073887604802823,(-0.006220684223952583-0.006323452670471901j),,(-0.006220684223950255-0.006323452670470201j),-3702.9037677072142
7873,7873,10.78729375,0.0067981166192319,(-0.058514411627726665+0.04572901433724079j),,(-0.05851441162772668+0.04572901433723794j),-3702.103831702093
7874,7874,10.78739375,0.0069865631452273,(0.04543935773392176-0.06131920062519679j),,(0.04543935773392288-0.06131920062519283j),-3701.3038956969713
7875,7875,10.78749375,0.0061060074168514,(-0.04846014699795249+0.011912885447001063j),,(-0.0484601469979545+0.011912885447000702j),-3700.50395969185
7876,7876,10.78759375,0.0049455018758646,(-0.0044594779111001535-0.021091268285399284j),,(-0.004459477911100202-0.021091268285399534j),-3699.7040236867283
7877,7877,10.78769375,0.0047877635299837,(-0.003175875202849737+0.005952349543099854j),,(-0.003175875202843369+0.005952349543107502j),-3698.904087681607
7878,7878,10.78779375,0.0052207055266176,(0.015392735360009381-0.017986645596080285j),,(0.015392735360012216-0.01798664559607936j),-3698.1041516764853
7879,7879,10.78789375,0.0058575896564555,(-0.018175099974822192-0.03260851613881762j),,(-0.018175099974821335-0.03260851613881624j),-3697.304215671364
7880,7880,10.78799375,0.0054759210781013,(0.026024911426610765+0.045710229126228616j),,(0.026024911426610946+0.04571022912623047j),-3696.504279666243
7881,7881,10.78809375,0.0064634419424481,(-0.020504063524786946+0.025583089147605063j),,(-0.0205040635247841+0.025583089147603398j),-3695.704343661121
7882,7882,10.78819375,0.0073156017860049,(0.0033244531971852453+0.013336517608294565j),,(0.003324453197189851+0.013336517608293642j),-3694.904407656
7883,7883,10.78829375,0.0090778297844477,(-0.0013259691654146453-0.017608972575887685j),,(-0.0013259691654116694-0.01760897257589147j),-3694.104471650878
7884,7884,10.78839375,0.008324501404468,(-0.0514179175489711+0.004671585734956161j),,(-0.051417917548969586+0.004671585734953597j),-3693.304535645757
7885,7885,10.78849375,0.0095111789789724,(-0.01394088649931338+0.0011727175353417375j),,(-0.013940886499315288+0.0011727175353391784j),-3692.504599640635
7886,7886,10.78859375,0.0086406551943856,(-0.017765582614586977-0.015223989281165522j),,(-0.01776558261458523-0.015223989281167095j),-3691.704663635514
7887,7887,10.78869375,0.0082492840181175,(-0.004642810454483195-0.027502028439335125j),,(-0.004642810454485852-0.027502028439338147j),-3690.9047276303922
7888,7888,10.78879375,0.0068063352742284,(-0.009278708398607663-0.021809185684463932j),,(-0.009278708398609038-0.021809185684464882j),-3690.104791625271
7889,7889,10.78889375,0.0084374829584887,(0.022960248600978127-0.03073685336381909j),,(0.022960248600978776-0.03073685336381859j),-3689.3048556201497
7890,7890,10.78899375,0.0074264281090166,(-0.0249143176561006+0.06006370199135194j),,(-0.024914317656104232+0.06006370199135223j),-3688.504919615028
7891,7891,10.78909375,0.0052065653011548,(-0.0010835926951825036+0.03285067965620223j),,(-0.001083592695181784+0.03285067965619892j),-3687.704983609907
7892,7892,10.78919375,0.0049603440715203,(0.06384767474301192+0.021876855840033425j),,(0.06384767474301321+0.02187685584003347j),-3686.905047604785
7893,7893,10.78929375,0.0067659186099799,(-0.003920980103267596-0.01966843998160504j),,(-0.003920980103267768-0.019668439981604394j),-3686.105111599664
7894,7894,10.78939375,0.0072054959561246,(-0.015501364177588024-0.016096657068667745j),,(-0.0155013641775843-0.01609665706867036j),-3685.305175594542
7895,7895,10.78949375,0.0077419184145366,(0.05465353506704349+0.011467084937119724j),,(0.054653535067046316+0.011467084937120507j),-3684.505239589421
7896,7896,10.78959375,0.0081432953224455,(0.01897882617709173+0.025629914590921864j),,(0.018978826177093563+0.02562991459092001j),-3683.705303584299
7897,7897,10.78969375,0.0106070242501436,(0.028598503092117998+0.040588254233585294j),,(0.028598503092119136+0.04058825423358271j),-3682.905367579178
7898,7898,10.78979375,0.0112957013012221,(-0.027302380738311798+0.05090772338614997j),,(-0.027302380738307735+0.05090772338615132j),-3682.1054315740566
7899,7899,10.78989375,0.0112672965220243,(-0.011968172821270388+0.021188523666405973j),,(-0.011968172821272709+0.02118852366640954j),-3681.305495568935
7900,7900,10.78999375,0.009717910621641,(-0.021530777204782855-0.0038788655536000157j),,(-0.02153077720478675-0.003878865553599975j),-3680.5055595638137
7901,7901,10.79009375,0.0098708861656212,(-0.006489710143846646+0.023047264352347815j),,(-0.0064897101438399045+0.023047264352344894j),-3679.705623558692
7902,7902,10.79019375,0.0094245227610567,(-0.04049366028558482+0.006742300514663081j),,(-0.04049366028558459+0.0067423005146629925j),-3678.9056875535707
7903,7903,10.79029375,0.0076303339682723,(-0.018748744852651895-0.01835713022959457j),,(-0.018748744852653362-0.018357130229590908j),-3678.105751548449
7904,7904,10.79039375,0.0049923374387378,(0.011379848994520027-0.03166037663999113j),,(0.011379848994517553-0.03166037663999304j),-3677.3058155433278
7905,7905,10.79049375,0.0057320288909784,(0.011533901382603372+0.0008028973037716774j),,(0.011533901382605348+0.0008028973037716375j),-3676.505879538206
7906,7906,10.79059375,0.0049622545763065,(0.011651142206013395+0.012107371407118536j),,(0.011651142206010505+0.012107371407122244j),-3675.705943533085
7907,7907,10.79069375,0.0060842597428789,(0.00761813643827038-0.015126032759361413j),,(0.00761813643826954-0.015126032759361155j),-3674.9060075279635
7908,7908,10.79079375,0.0049685978270366,(0.019396953889812215-0.018364066241609276j),,(0.019396953889811892-0.018364066241608794j),-3674.106071522842
7909,7909,10.79089375,0.0075455314318288,(-0.027879652329201997-0.020037924588323444j),,(-0.027879652329205407-0.020037924588327535j),-3673.3061355177206
7910,7910,10.79099375,0.0067935737870339,(0.014133498736163043+0.025308924816602442j),,(0.014133498736163933+0.025308924816602654j),-3672.506199512599
7911,7911,10.79109375,0.0074689218066588,(0.03456275502994355+0.015403683676446813j),,(0.03456275502994208+0.01540368367644537j),-3671.7062635074776
7912,7912,10.79119375,0.0073956529506777,(-0.017087157990085415-0.006977027621049094j),,(-0.01708715799008679-0.0069770276210486815j),-3670.906327502356
7913,7913,10.79129375,0.0078812516351056,(-0.01855590305092787-0.024236854566768523j),,(-0.018555903050927015-0.02423685456676677j),-3670.1063914972347
7914,7914,10.79139375,0.006264081911743,(-0.03385707708347968+0.03148974321924669j),,(-0.03385707708347691+0.03148974321924961j),-3669.306455492113
7915,7915,10.79149375,0.0046777257091571,(-0.009954799261677628+0.06353889784836335j),,(-0.00995479926167466+0.06353889784836797j),-3668.5065194869917
7916,7916,10.79159375,0.0032322335920879,(0.01279885133717936+0.021100909320213784j),,(0.01279885133718441+0.02110090932021462j),-3667.7065834818704
7917,7917,10.79169375,0.0041392581278524,(-0.04571028772889942+0.03893717768041773j),,(-0.04571028772890259+0.03893717768041914j),-3666.9066474767487
7918,7918,10.79179375,0.0033337738755727,(-0.012695410425685817+0.015864982168126675j),,(-0.012695410425685371+0.015864982168127414j),-3666.1067114716275
7919,7919,10.79189375,0.0019589301505971,(-0.002301897378735929+0.015449356251011011j),,(-0.0023018973787364886+0.015449356251009473j),-3665.3067754665058
7920,7920,10.79199375,0.0029197049617218,(-0.030015338481483585-0.06021833441402143j),,(-0.030015338481483834-0.06021833441402188j),-3664.5068394613845
7921,7921,10.79209375,0.0028805492806992,(0.0005357850350411683-0.03953594929176075j),,(0.0005357850350431962-0.039535949291756724j),-3663.706903456263
7922,7922,10.79219375,0.0034585607538549,(0.007017431909811422+0.004843445591670669j),,(0.007017431909810951+0.004843445591669884j),-3662.9069674511416
7923,7923,10.79229375,0.0031120265325849,(-0.05422605875896754+0.0005224826429855662j),,(-0.05422605875896834+0.000522482642987084j),-3662.10703144602
7924,7924,10.79239375,0.0027419559930253,(-0.010714614331826688+0.01612588581784507j),,(-0.010714614331828217+0.01612588581784449j),-3661.3070954408986
7925,7925,10.79249375,0.0031301869963767,(-0.05882912320262872-0.032321421298171324j),,(-0.058829123202630014-0.03232142129817285j),-3660.5071594357773
7926,7926,10.79259375,0.0034913175597746,(-0.01765185755555663-0.0667799434071128j),,(-0.01765185755555856-0.06677994340710942j),-3659.7072234306556
7927,7927,10.79269375,0.0038251111880828,(-0.05039879934078791+0.01626434940554377j),,(-0.05039879934079299+0.016264349405540904j),-3658.9072874255344
7928,7928,10.79279375,0.0033677573621787,(-0.0313776055978679-0.02426643235337049j),,(-0.03137760559786539-0.02426643235337617j),-3658.1073514204127
7929,7929,10.79289375,0.0027652225770348,(-0.031232097453915607+0.025525987476929267j),,(-0.031232097453915822+0.025525987476929655j),-3657.3074154152914
7930,7930,10.79299375,0.0051753054560675,(0.049733925189911946-0.015122147528416395j),,(0.049733925189910676-0.015122147528415246j),-3656.5074794101697
7931,7931,10.79309375,0.0034534033505466,(0.0028380680948996003+0.01449445969901555j),,(0.002838068094896729+0.014494459699014263j),-3655.7075434050485
7932,7932,10.79319375,0.003343469401375,(-0.043882623350351625-0.03295730879052888j),,(-0.04388262335034842-0.032957308790527474j),-3654.9076073999267
7933,7933,10.79329375,0.003429449909244,(0.0331416629335486+0.014066940471796045j),,(0.03314166293355081+0.01406694047179364j),-3654.1076713948055
7934,7934,10.79339375,0.0026879738693932,(0.05675248582546641+0.022873893359833697j),,(0.05675248582546676+0.022873893359832212j),-3653.3077353896842
7935,7935,10.79349375,0.0005462341278726,(-0.0044521250362108584+0.028870091347093486j),,(-0.004452125036213221+0.02887009134709686j),-3652.5077993845625
7936,7936,10.79359375,0.0001994399309321,(-0.02454341242103976+0.040747839990006876j),,(-0.024543412421039416+0.04074783999000236j),-3651.7078633794413
7937,7937,10.79369375,0.0015863527980751,(-0.042973884280655836+0.0034984700175347966j),,(-0.042973884280653345+0.0034984700175380544j),-3650.9079273743196
7938,7938,10.79379375,0.0030015523548569,(-0.02033735350282356-0.00309181867917448j),,(-0.020337353502820614-0.003091818679175061j),-3650.1079913691983
7939,7939,10.79389375,0.0024073577901383,(-0.02507100711399353+0.004156747317581243j),,(-0.0250710071139953+0.004156747317583549j),-3649.3080553640766
7940,7940,10.79399375,0.0037579671429721,(0.0069664645136963445-0.023053836899626666j),,(0.006966464513694821-0.023053836899628834j),-3648.5081193589554
7941,7941,10.79409375,0.0050324319058675,(-0.017438122255651733+0.01962396065178538j),,(-0.017438122255657232+0.019623960651783887j),-3647.7081833538336
7942,7942,10.79419375,0.0060281285884906,(0.029816596121354243-0.01941688706871853j),,(0.029816596121356405-0.019416887068721266j),-3646.9082473487124
7943,7943,10.79429375,0.0058262491811335,(-0.021329142972799645+0.018809583536837433j),,(-0.021329142972798216+0.018809583536835657j),-3646.108311343591
7944,7944,10.79439375,0.0042760837472399,(0.008095650595805595-0.04039687167702094j),,(0.00809565059580562-0.04039687167702018j),-3645.3083753384694
7945,7945,10.79449375,0.0049523561051161,(-0.014175822112262221+0.005786360824361067j),,(-0.01417582211226196+0.0057863608243612155j),-3644.508439333348
7946,7946,10.79459375,0.0045091839920236,(0.00337519588785248-0.0003127332441421721j),,(0.003375195887851491-0.00031273324413556543j),-3643.7085033282265
7947,7947,10.79469375,0.0046156513387595,(0.03926141545924546+0.043773253082383126j),,(0.03926141545924419+0.04377325308238398j),-3642.908567323105
7948,7948,10.79479375,0.0036906250304151,(-0.0073711179499895505-0.02291304557813947j),,(-0.007371117949990699-0.022913045578137364j),-3642.1086313179835
7949,7949,10.79489375,0.003547130752996,(0.027404032419263508-0.02815756974872513j),,(0.027404032419264326-0.02815756974872933j),-3641.3086953128623
7950,7950,10.79499375,0.0031386108477757,(0.01143654156621944+0.0017535607938502255j),,(0.011436541566218164+0.0017535607938489323j),-3640.508759307741
7951,7951,10.79509375,0.0034357191039717,(0.021374520610988167+0.005763483139021177j),,(0.021374520610982828+0.005763483139026124j),-3639.7088233026193
7952,7952,10.79519375,0.0035233418624722,(0.008270572929892042-0.021959955671019774j),,(0.008270572929892564-0.02195995567101904j),-3638.908887297498
7953,7953,10.79529375,0.0049792427700783,(-0.01747344640998736+0.021624598561874795j),,(-0.017473446409987266+0.02162459856187561j),-3638.1089512923763
7954,7954,10.79539375,0.0048177541812768,(-0.008838930905383607+0.007701251274623346j),,(-0.008838930905386235+0.007701251274625525j),-3637.309015287255
7955,7955,10.79549375,0.005538522030415,(-0.0007573437618995173+0.0020602470414645057j),,(-0.0007573437619008461+0.002060247041467221j),-3636.5090792821334
7956,7956,10.79559375,0.0063693668613733,(-0.03366993187877565+0.00870708663952273j),,(-0.033669931878773866+0.008707086639525206j),-3635.709143277012
7957,7957,10.79569375,0.0075308293034009,(-0.013488106831417646-0.003789820136601294j),,(-0.013488106831418517-0.0037898201366021447j),-3634.9092072718904
7958,7958,10.79579375,0.0075619437825439,(-0.004560813679100354-0.010674586945888803j),,(-0.004560813679101084-0.010674586945886657j),-3634.109271266769
7959,7959,10.79589375,0.0077623753601891,(-0.00936071982413661+0.007757199390230354j),,(-0.009360719824131147+0.007757199390228837j),-3633.309335261648
7960,7960,10.79599375,0.0068597448470447,(-0.030546314617957825+0.01149867966804401j),,(-0.03054631461795512+0.011498679668046448j),-3632.509399256526
7961,7961,10.79609375,0.0070893630810249,(-0.00947541983971899+0.016058695428256935j),,(-0.00947541983972015+0.01605869542825442j),-3631.709463251405
7962,7962,10.79619375,0.0074798035954061,(-0.011266389281980463+0.013287623785532318j),,(-0.011266389281984944+0.013287623785535087j),-3630.9095272462832
7963,7963,10.79629375,0.0067540540434442,(-0.0014739255288904575-0.003631568075976425j),,(-0.001473925528888289-0.0036315680759735347j),-3630.109591241162
7964,7964,10.79639375,0.0061210908049372,(-0.009400625574352952-0.031382043851190124j),,(-0.009400625574351996-0.03138204385119142j),-3629.3096552360403
7965,7965,10.79649375,0.0059998381381366,(-0.04627855888545457+0.014762600826113139j),,(-0.04627855888545299+0.014762600826109619j),-3628.509719230919
7966,7966,10.79659375,0.0058286464869664,(0.004012531632681254+0.013426191612750011j),,(0.004012531632680421+0.013426191612747024j),-3627.7097832257973
7967,7967,10.79669375,0.0073174912847194,(-0.015140817055565421-0.006780604506783057j),,(-0.015140817055564868-0.006780604506785722j),-3626.909847220676
7968,7968,10.79679375,0.0073998414386518,(-0.0008725079925275964-0.03404345870920626j),,(-0.0008725079925270447-0.03404345870920954j),-3626.109911215555
7969,7969,10.79689375,0.007760841276684,(0.002952024642823006+0.012004088974324914j),,(0.0029520246428211636+0.012004088974324067j),-3625.309975210433
7970,7970,10.79699375,0.0086110515437835,(-0.015172509978421862-0.014573061579980652j),,(-0.015172509978421934-0.014573061579982916j),-3624.510039205312
7971,7971,10.79709375,0.0088802261398058,(0.025147742631351055+0.04557422572089217j),,(0.025147742631352603+0.04557422572089563j),-3623.71010320019
7972,7972,10.79719375,0.0091508899854552,(-0.04024212055198825+0.023174588548287033j),,(-0.040242120551987934+0.023174588548289965j),-3622.910167195069
7973,7973,10.79729375,0.0090308302512171,(-0.005309706809753873+0.004305766615572274j),,(-0.005309706809753592+0.004305766615568819j),-3622.110231189947
7974,7974,10.79739375,0.0065450598360921,(0.005591384165902355-0.001996537102019698j),,(0.005591384165903865-0.0019965371020211164j),-3621.310295184826
7975,7975,10.79749375,0.0096833319297439,(-0.007116954618119486+0.018952488085873312j),,(-0.007116954618117328+0.018952488085870273j),-3620.510359179704
7976,7976,10.79759375,0.0087174021992115,(-0.027830138971743638-0.006297840870690456j),,(-0.02783013897174348-0.0062978408706940575j),-3619.710423174583
7977,7977,10.79769375,0.0073300107639427,(0.009955220748637052+0.0028468618629598347j),,(0.009955220748637347+0.002846861862961883j),-3618.9104871694617
7978,7978,10.79779375,0.0048772946554277,(-0.012364562896660693+0.007134389903232426j),,(-0.012364562896661263+0.007134389903230893j),-3618.11055116434
7979,7979,10.79789375,0.0057736055701625,(-0.0027775501289620244-0.008217651401133915j),,(-0.002777550128964308-0.008217651401136061j),-3617.3106151592187
7980,7980,10.79799375,0.0073508047191697,(-0.01527726006017881+0.00045009640372486526j),,(-0.0152772600601794+0.0004500964037263339j),-3616.510679154097
7981,7981,10.79809375,0.0067235485671908,(-0.03988841307407141+0.028041570456197963j),,(-0.03988841307407191+0.02804157045619746j),-3615.710743148976
7982,7982,10.79819375,0.0071708642569709,(0.0254115671999019+0.00599300439881168j),,(0.025411567199900845+0.005993004398809871j),-3614.910807143854
7983,7983,10.79829375,0.0095801130202545,(0.0014874772583006487+0.002313318784629489j),,(0.0014874772583050658+0.002313318784629238j),-3614.110871138733
7984,7984,10.79839375,0.0088471447462992,(-0.007098079880450805+0.01762858136816537j),,(-0.007098079880453578+0.017628581368168913j),-3613.310935133611
7985,7985,10.79849375,0.0114172052820668,(-0.03643835050660894+0.0020064153741003576j),,(-0.03643835050661344+0.002006415374100564j),-3612.51099912849
7986,7986,10.79859375,0.0093391792916233,(-0.016212765162855775+0.02788988769216691j),,(-0.01621276516285122+0.027889887692170975j),-3611.7110631233686
7987,7987,10.79869375,0.0095247879626201,(0.0022478556756362184+0.029450787579737018j),,(0.00224785567563534+0.029450787579738583j),-3610.911127118247
7988,7988,10.79879375,0.0084715195075979,(0.01115147944372814-0.025528357235115942j),,(0.011151479443725142-0.025528357235114728j),-3610.1111911131256
7989,7989,10.79889375,0.0074217668548141,(-0.01622188018381756-0.02623606997519883j),,(-0.01622188018381931-0.02623606997519793j),-3609.311255108004
7990,7990,10.79899375,0.0059090017922536,(0.029675949392799418-0.013618376204761843j),,(0.029675949392801-0.013618376204764221j),-3608.5113191028827
7991,7991,10.79909375,0.0037051592448768,(-0.028400237698096555-0.002630633763505424j),,(-0.028400237698090712-0.00263063376350708j),-3607.711383097761
7992,7992,10.79919375,0.0049757860085097,(-0.023665031896928597+0.013564084654695628j),,(-0.023665031896927008+0.013564084654693867j),-3606.9114470926397
7993,7993,10.79929375,0.0041608780421607,(-0.026934737451534078-0.014874171527789233j),,(-0.026934737451532062-0.014874171527787812j),-3606.111511087518
7994,7994,10.79939375,0.0039587780908142,(0.017995546795747573-0.018601019530756824j),,(0.01799554679574806-0.01860101953075741j),-3605.3115750823968
7995,7995,10.79949375,0.0050411350278444,(0.0008103166203407884+0.016928084922983783j),,(0.0008103166203346761+0.01692808492297885j),-3604.5116390772755
7996,7996,10.79959375,0.0055446675611546,(-0.017711995790490435-0.003741148618114253j),,(-0.017711995790488894-0.003741148618119981j),-3603.711703072154
7997,7997,10.79969375,0.0069458530034458,(-0.015381214208981756+0.005964279785492576j),,(-0.015381214208979753+0.005964279785487674j),-3602.9117670670325
7998,7998,10.79979375,0.0062166109594676,(-0.05169365663547215+0.011156503465837065j),,(-0.05169365663547388+0.011156503465838434j),-3602.111831061911
7999,7999,10.79989375,0.0069776923135524,(-0.032491643823278175+0.020704221626765197j),,(-0.03249164382327811+0.02070422162676412j),-3601.3118950567896
8000,8000,10.79999375,0.0070215902605826,(-0.013520110749216824+0.021030567114619807j),,(-0.013520110749217423+0.02103056711462204j),-3600.511959051668
8001,8001,10.80009375,0.0059039170357453,(0.01754128133269974+0.04486910469186512j),,(0.017541281332695433+0.04486910469186136j),-3599.7120230465466
8002,8002,10.80019375,0.0060057152634603,(-0.006817911484315552+0.03229722606012949j),,(-0.006817911484319426+0.03229722606012715j),-3598.912087041425
8003,8003,10.800293750000002,0.0047310466671341,(-0.0021167539842403098-0.010795153143408759j),,(-0.0021167539842422067-0.01079515314341475j),-3598.1121510363037
8004,8004,10.80039375,0.0039561001774406,(-0.0035015296648940736+0.0163236574007237j),,(-0.0035015296648931203+0.016323657400720074j),-3597.3122150311824
8005,8005,10.80049375,0.0030170911630693,(0.006824415074580983+0.021789349297492138j),,(0.00682441507457736+0.021789349297490736j),-3596.5122790260607
8006,8006,10.80059375,0.0018049874303605,(0.02142733075080834+0.0013811016470248356j),,(0.021427330750805423+0.0013811016470266623j),-3595.7123430209394
8007,8007,10.80069375,0.0026059367759121,(0.027764286386346544+0.004239030430188103j),,(0.027764286386349594+0.0042390304301864155j),-3594.9124070158177
8008,8008,10.80079375,0.0022879021866935,(-0.011885183741961944-0.003057176423417192j),,(-0.011885183741965599-0.0030571764234165154j),-3594.1124710106965
8009,8009,10.80089375,0.0018680570728002,(0.01460301810029963+0.02065853793480886j),,(0.014603018100300676+0.02065853793480874j),-3593.312535005575
8010,8010,10.80099375,0.0025808672379403,(-0.02070214421100888-0.0023145018179773335j),,(-0.020702144211006555-0.0023145018179751824j),-3592.5125990004535
8011,8011,10.80109375,0.0037649755726131,(-0.021609383620887768+0.007636559405219458j),,(-0.02160938362088586+0.007636559405221964j),-3591.712662995332
8012,8012,10.80119375,0.0044292462711387,(-0.009623473009741096+0.017391187523906428j),,(-0.009623473009743193+0.01739118752390484j),-3590.9127269902106
8013,8013,10.80129375,0.0039532427756342,(-0.03843541222702431+0.024401556455505062j),,(-0.038435412227026663+0.024401556455506235j),-3590.1127909850893
8014,8014,10.80139375,0.0039418432681797,(-0.028584786518949305+0.032639038711051824j),,(-0.02858478651894889+0.032639038711052025j),-3589.3128549799676
8015,8015,10.80149375,0.0053805820386763,(-0.004512919979044021+0.0031177002520779273j),,(-0.004512919979039062+0.003117700252077415j),-3588.5129189748463
8016,8016,10.80159375,0.004594083629387,(-0.008191994886800906-0.002461751435537849j),,(-0.008191994886803777-0.0024617514355335713j),-3587.7129829697246
8017,8017,10.80169375,0.0034048566017744,(-0.009542129588645117+0.012190421652690641j),,(-0.009542129588642936+0.012190421652692377j),-3586.9130469646034
8018,8018,10.80179375,0.0008497894644497,(-0.007021298454976062-0.002077228467551482j),,(-0.007021298454976692-0.0020772284675532435j),-3586.1131109594817
8019,8019,10.80189375,-6.179430668871107e-05,(-0.011640097424328269-0.015673155521885137j),,(-0.011640097424331083-0.01567315552188394j),-3585.3131749543604
8020,8020,10.80199375,0.0010914710108616,(-0.01017088927299301-0.008127685356487897j),,(-0.010170889272992034-0.008127685356486395j),-3584.513238949239
8021,8021,10.80209375,0.0017133783843822,(-0.00984036349375422+0.014320427683275617j),,(-0.009840363493750195+0.014320427683278097j),-3583.7133029441175
8022,8022,10.80219375,0.0009310962597201,(-0.04189131307340302-0.006785469761448233j),,(-0.04189131307340618-0.0067854697614487085j),-3582.913366938996
8023,8023,10.80229375,0.0006245993207514,(0.01245831393693332-0.009029704700257634j),,(0.012458313936935065-0.009029704700253532j),-3582.1134309338745
8024,8024,10.80239375,0.0047653961116777,(0.02198118412531031-0.026835922530102314j),,(0.021981184125308244-0.026835922530101544j),-3581.3134949287532
8025,8025,10.80249375,0.005322427692822,(0.009201289061178826-0.010835064131906732j),,(0.009201289061180094-0.010835064131906734j),-3580.5135589236315
8026,8026,10.802593750000002,0.0052044593009022,(0.005346965875308894+0.031915926163291204j),,(0.005346965875305051+0.031915926163289414j),-3579.7136229185103
8027,8027,10.80269375,0.0039910663372689,(0.00982305812282908+0.01141485994595187j),,(0.00982305812283138+0.01141485994595495j),-3578.9136869133886
8028,8028,10.80279375,0.0067129063341023,(0.01215928931416399+0.0012224644737899623j),,(0.012159289314166467+0.0012224644737907253j),-3578.1137509082673
8029,8029,10.80289375,0.0053259508648587,(0.009578102071392043+0.01251385111081543j),,(0.00957810207139103+0.012513851110816335j),-3577.313814903146
8030,8030,10.80299375,0.0054284742607349,(0.0020800185018026245-0.012878583270205236j),,(0.002080018501803295-0.012878583270205348j),-3576.5138788980244
8031,8031,10.80309375,0.0033441011483305,(-0.011206000125635331+0.022583500402687796j),,(-0.011206000125637822+0.022583500402688368j),-3575.713942892903
8032,8032,10.80319375,0.0055011158938659,(-0.003311563353761997+0.018011113595822838j),,(-0.003311563353763822+0.018011113595820485j),-3574.9140068877814
8033,8033,10.80329375,0.004042694583327,(-0.018691087314609865+0.010945247080780226j),,(-0.01869108731460905+0.010945247080778982j),-3574.11407088266
8034,8034,10.80339375,0.0051941645349582,(-0.01392114581515896+0.00800986586853767j),,(-0.013921145815160931+0.008009865868536132j),-3573.3141348775384
8035,8035,10.80349375,0.0037141287886119,(-0.02979088985291628-0.00659266596334576j),,(-0.029790889852909237-0.006592665963339256j),-3572.514198872417
8036,8036,10.80359375,0.0036545695364666,(-0.013338690460693458-0.014976113101891972j),,(-0.013338690460693286-0.014976113101895498j),-3571.7142628672955
8037,8037,10.80369375,0.0045952040941077,(-0.005562034543721437+0.0033154157319780133j),,(-0.005562034543723869+0.0033154157319733087j),-3570.914326862174
8038,8038,10.80379375,0.0048249986504943,(-0.0029500833782888786+0.02467998646522462j),,(-0.0029500833782873503+0.024679986465225644j),-3570.114390857053
8039,8039,10.80389375,0.004388426997835,(-0.007059517724802979+0.0108039602814979j),,(-0.007059517724802986+0.010803960281496515j),-3569.3144548519313
8040,8040,10.80399375,0.0057132800377518,(-0.022851029117462715+0.019397092685386502j),,(-0.02285102911746547+0.019397092685387148j),-3568.51451884681
8041,8041,10.80409375,0.0074996492059127,(-0.0009177241334591005+0.014036451590866446j),,(-0.0009177241334584266+0.014036451590863495j),-3567.7145828416883
8042,8042,10.80419375,0.0062257259702121,(-0.01758081216047897-0.03380743925325811j),,(-0.01758081216048133-0.033807439253261636j),-3566.914646836567
8043,8043,10.80429375,0.0073828875248075,(0.0064828557987576165+0.010115271491819091j),,(0.006482855798756806+0.010115271491820864j),-3566.1147108314453
8044,8044,10.80439375,0.007539922594892,(-0.006582683974381665+0.0077504266911855016j),,(-0.006582683974379354+0.007750426691184094j),-3565.314774826324
8045,8045,10.80449375,0.0087663446534126,(0.0009297999890349868-0.0064021601699151024j),,(0.0009297999890381288-0.006402160169907457j),-3564.5148388212024
8046,8046,10.80459375,0.0053909145683311,(0.01101863753151297-0.026423929063185275j),,(0.011018637531515491-0.026423929063184113j),-3563.714902816081
8047,8047,10.80469375,0.008346638734794,(0.0008663399619186174-0.0065286124168142615j),,(0.0008663399619135807-0.006528612416812929j),-3562.91496681096
8048,8048,10.80479375,0.0095304834579075,(0.014870533135953552+0.005896443082436109j),,(0.014870533135953457+0.005896443082439246j),-3562.115030805838
8049,8049,10.804893750000002,0.0097970210838802,(-0.027013396211780737-0.01012656762753999j),,(-0.027013396211780605-0.01012656762753917j),-3561.315094800717
8050,8050,10.80499375,0.0071487834302498,(0.0204639109756716+0.011213314660565799j),,(0.020463910975673547+0.011213314660566145j),-3560.515158795595
8051,8051,10.80509375,0.0071966539679126,(-0.009628559677073389+0.031226663963181658j),,(-0.00962855967707348+0.031226663963181484j),-3559.715222790474
8052,8052,10.80519375,0.0074629223097287,(0.005392018644550713+0.015145780509357292j),,(0.005392018644548175+0.015145780509359722j),-3558.9152867853522
8053,8053,10.80529375,0.0053024207818939,(-0.016305447830284363+0.009308086779815318j),,(-0.01630544783028778+0.00930808677980983j),-3558.115350780231
8054,8054,10.80539375,0.005668236137316,(-0.01218240724673491+0.011621949899602944j),,(-0.012182407246734799+0.011621949899604111j),-3557.3154147751093
8055,8055,10.80549375,0.0066629965213634,(-0.03277116020475948+0.005081799726784528j),,(-0.0327711602047594+0.005081799726782224j),-3556.515478769988
8056,8056,10.80559375,0.0078255758763167,(0.021075857511942974+0.004315562780588674j),,(0.021075857511945944+0.004315562780591996j),-3555.7155427648668
8057,8057,10.80569375,0.0079566364203702,(-0.006851435389428662+0.0045056763929517876j),,(-0.006851435389427065+0.004505676392951846j),-3554.915606759745
8058,8058,10.80579375,0.0089049843300261,(-0.0013261685708140358-0.015336856203573706j),,(-0.0013261685708128553-0.015336856203576223j),-3554.115670754624
8059,8059,10.80589375,0.0088256729027205,(-0.018086833708824093+0.006040570328810922j),,(-0.018086833708825904+0.006040570328810172j),-3553.315734749502
8060,8060,10.80599375,0.0108667352505557,(0.005442891997735216-0.004524475001921312j),,(0.005442891997736314-0.004524475001923797j),-3552.515798744381
8061,8061,10.80609375,0.0094641648116582,(-0.012849946234581215-0.016185162425902358j),,(-0.01284994623458461-0.01618516242590296j),-3551.715862739259
8062,8062,10.80619375,0.0083486227678035,(0.01653815265234833+0.014090931752597588j),,(0.016538152652347402+0.014090931752596056j),-3550.915926734138
8063,8063,10.80629375,0.0063382504525059,(-0.023874302007524557+0.001268028323867758j),,(-0.02387430200752547+0.0012680283238660026j),-3550.115990729016
8064,8064,10.806393750000002,0.0060608728432232,(0.005820499129504336+0.021257048838831314j),,(0.00582049912950099+0.02125704883883219j),-3549.316054723895
8065,8065,10.80649375,0.0070497379407986,(0.009664801764459548+0.026947196401529823j),,(0.00966480176445771+0.02694719640153185j),-3548.5161187187737
8066,8066,10.80659375,0.0060764390212254,(0.0003326008808427393-0.0008629154797724565j),,(0.00033260088084349163-0.0008629154797710641j),-3547.716182713652
8067,8067,10.80669375,0.0060703851646066,(-0.006645090495716026+0.011890370294790873j),,(-0.006645090495714451+0.011890370294790623j),-3546.9162467085307
8068,8068,10.80679375,0.006510153258382,(0.024930420062993144-0.0001001452355607616j),,(0.02493042006299524-0.00010014523555765026j),-3546.116310703409
8069,8069,10.80689375,0.0079983816621277,(0.002275836756159784+0.03336143862825584j),,(0.0022758367561559432+0.0333614386282586j),-3545.3163746982877
8070,8070,10.80699375,0.0079233005219201,(0.02200115945148288+0.037918765115933575j),,(0.022001159451480595+0.03791876511592891j),-3544.516438693166
8071,8071,10.80709375,0.0073539975959564,(-0.004069516506508107-0.003085875842312806j),,(-0.004069516506507899-0.0030858758423152966j),-3543.716502688045
8072,8072,10.80719375,0.0069335920337018,(0.015444238948083246+0.01787864236665158j),,(0.01544423894808175+0.017878642366647206j),-3542.916566682923
8073,8073,10.80729375,0.0093621699230186,(-0.0040167725545565735+0.006167750796007175j),,(-0.004016772554558314+0.006167750796005236j),-3542.116630677802
8074,8074,10.80739375,0.0073744978746119,(-0.03391250675340249-0.004435405554603472j),,(-0.033912506753402114-0.0044354055546015105j),-3541.3166946726806
8075,8075,10.80749375,0.0061816809909305,(-0.006380948422055347-0.00815240966458911j),,(-0.006380948422050506-0.008152409664590217j),-3540.516758667559
8076,8076,10.80759375,0.0061773178634056,(-0.03097928719511589+0.02587320469540301j),,(-0.0309792871951168+0.02587320469540325j),-3539.7168226624376
8077,8077,10.80769375,0.0064376071574411,(-0.0005603253088839453-0.0019617215267147005j),,(-0.0005603253088830892-0.0019617215267142044j),-3538.916886657316
8078,8078,10.80779375,0.0059632532121807,(0.02280412096447895+0.012480876326499264j),,(0.022804120964475785+0.012480876326499378j),-3538.1169506521946
8079,8079,10.80789375,0.0040405312139971,(-0.015668582196274865+0.0038150479168458443j),,(-0.015668582196277283+0.0038150479168469935j),-3537.317014647073
8080,8080,10.80799375,0.0042891376367995,(-0.03765799296005982+0.006316122815216891j),,(-0.037657992960061636+0.006316122815216254j),-3536.5170786419517
8081,8081,10.80809375,0.0040090036223066,(-0.004265930952166319-0.02786360877193949j),,(-0.004265930952163755-0.02786360877193663j),-3535.71714263683
8082,8082,10.80819375,0.0029572931361728,(-0.00872601592268672+0.016268883947946698j),,(-0.008726015922684393+0.016268883947950803j),-3534.9172066317087
8083,8083,10.80829375,0.0057939041208069,(0.004818367359738499-0.015204665460423268j),,(0.004818367359737379-0.015204665460423079j),-3534.1172706265875
8084,8084,10.80839375,0.0042023157578146,(-0.006890758163807209-0.01728237657868853j),,(-0.006890758163800782-0.01728237657869027j),-3533.3173346214658
8085,8085,10.80849375,0.005681231112556,(0.04494229107381445+0.012022718855430489j),,(0.04494229107381701+0.01202271885542643j),-3532.5173986163445
8086,8086,10.80859375,0.0055526977917162,(0.023734472672125053+0.01658221125349721j),,(0.023734472672127957+0.016582211253495314j),-3531.717462611223
8087,8087,10.808693750000002,0.0050575832797525,(0.015881884403774804+0.007588760984459056j),,(0.015881884403777975+0.00758876098445576j),-3530.9175266061015
8088,8088,10.80879375,0.0064059316585344,(0.006752212894829703+0.0071694482408703394j),,(0.006752212894830607+0.007169448240868451j),-3530.11759060098
8089,8089,10.80889375,0.0054104399638697,(-0.02145122338471649+0.0224258770488806j),,(-0.021451223384717652+0.022425877048882617j),-3529.3176545958586
8090,8090,10.80899375,0.0059961807085701,(-0.02088330936566986+0.005299536050719417j),,(-0.020883309365670753+0.005299536050717082j),-3528.5177185907373
8091,8091,10.80909375,0.0043875324309763,(0.01675299553899486+0.006351658070096959j),,(0.01675299553899711+0.006351658070096064j),-3527.7177825856156
8092,8092,10.80919375,0.0048753687766809,(-0.005078458203453341-0.01953494718286189j),,(-0.0050784582034524425-0.019534947182860272j),-3526.9178465804944
8093,8093,10.80929375,0.0032356656322038,(-0.007351865794173535+0.03816564399759467j),,(-0.007351865794175197+0.03816564399759548j),-3526.1179105753727
8094,8094,10.80939375,0.0037391707357339,(0.012072752496949472+0.030603373247392283j),,(0.012072752496955597+0.03060337324739309j),-3525.3179745702514
8095,8095,10.80949375,0.0018008640288742,(0.003361569236475179+0.019128129446985012j),,(0.0033615692364731206+0.019128129446984735j),-3524.5180385651297
8096,8096,10.80959375,0.0015732723276312,(-0.01326949973781951+0.0379734436818618j),,(-0.013269499737819004+0.037973443681863644j),-3523.7181025600084
8097,8097,10.80969375,0.0002954991363871,(-0.0016039887832498653+0.011624576631188606j),,(-0.0016039887832455827+0.011624576631188587j),-3522.9181665548867
8098,8098,10.80979375,0.0022376534621312,(0.018104928857916206+0.008599449337448979j),,(0.018104928857915578+0.008599449337449846j),-3522.1182305497655
8099,8099,10.80989375,0.0016360353845639,(-0.024092183491340367+0.027686054852274412j),,(-0.02409218349133942+0.027686054852274662j),-3521.3182945446442
8100,8100,10.80999375,0.0021220523012602,(-0.01747689943123417+0.018679266718108867j),,(-0.017476899431241123+0.018679266718106893j),-3520.5183585395225
8101,8101,10.81009375,0.0025868553755314,(0.0018655627482915965+0.027631954874788832j),,(0.0018655627482932913+0.027631954874790202j),-3519.7184225344013
8102,8102,10.81019375,0.0042895925945656,(-0.013018439740404283+0.018142471465794653j),,(-0.013018439740404592+0.01814247146579835j),-3518.9184865292796
8103,8103,10.81029375,0.0029891316517428,(-0.021413733956773776+0.012908871823319021j),,(-0.021413733956774015+0.0129088718233169j),-3518.1185505241583
8104,8104,10.81039375,0.0034959902190901,(0.005304889562825304-0.00570723274196541j),,(0.005304889562830465-0.005707232741963523j),-3517.3186145190366
8105,8105,10.81049375,0.0028181844609162,(-0.03638080350977911-0.026287389369100085j),,(-0.03638080350977714-0.026287389369100893j),-3516.5186785139153
8106,8106,10.81059375,0.0045848646526776,(0.007990944374751365+0.018224330652398344j),,(0.007990944374752474+0.018224330652399718j),-3515.7187425087936
8107,8107,10.81069375,0.0027423455778052,(1.3243004829293671e-05-0.023894973811813786j),,(1.324300483150978e-05-0.023894973811809828j),-3514.9188065036724
8108,8108,10.81079375,0.0031158817827295,(-0.01480554701304737-0.01893904255498915j),,(-0.014805547013046648-0.018939042554987233j),-3514.118870498551
8109,8109,10.81089375,0.002202796460434,(0.006186060354087219-0.026798870525874548j),,(0.006186060354085059-0.026798870525873222j),-3513.3189344934294
8110,8110,10.810993750000002,0.0031304231205181,(0.02716624328607008+0.027836346193665124j),,(0.027166243286073574+0.02783634619366422j),-3512.518998488308
8111,8111,10.81109375,0.0023495402350302,(0.00067166295319805-0.03309551486254356j),,(0.0006716629531959128-0.03309551486254124j),-3511.7190624831865
8112,8112,10.81119375,0.0036827904986497,(0.01383833020838392+0.03909955127057786j),,(0.013838330208382718+0.039099551270574934j),-3510.919126478065
8113,8113,10.81129375,0.0036815209114472,(0.007765612785481052+0.004475184356840934j),,(0.007765612785483271+0.004475184356840246j),-3510.1191904729435
8114,8114,10.81139375,0.0051524013548044,(-0.02556659358193514-0.0064123678391436525j),,(-0.025566593581936952-0.006412367839142001j),-3509.3192544678222
8115,8115,10.81149375,0.0047580339398078,(0.008232594745636977-0.016787853667759395j),,(0.008232594745636937-0.016787853667760286j),-3508.5193184627005
8116,8116,10.81159375,0.0059938137744331,(0.003909957844374677+0.014657591473631638j),,(0.003909957844374911+0.01465759147362801j),-3507.7193824575793
8117,8117,10.81169375,0.005581922846891,(0.0052793226238499035+0.016964243889105172j),,(0.00527932262384963+0.01696424388910017j),-3506.919446452458
8118,8118,10.81179375,0.0060021848604913,(-0.025276652388636058+0.01468204064164575j),,(-0.02527665238863659+0.014682040641643508j),-3506.1195104473363
8119,8119,10.81189375,0.0058505734749454,(0.007471411630456533-0.007716884303013528j),,(0.007471411630457216-0.007716884303015101j),-3505.319574442215
8120,8120,10.81199375,0.0065269228009094,(0.028431802917480112+0.012526881239742615j),,(0.02843180291747948+0.012526881239744032j),-3504.5196384370934
8121,8121,10.81209375,0.0058172690638974,(-0.0026779195963647297-0.003845687062026544j),,(-0.002677919596365342-0.003845687062024173j),-3503.719702431972
8122,8122,10.81219375,0.0047526725903189,(-0.002670068566183497+0.009258101396504157j),,(-0.0026700685661866772+0.009258101396505682j),-3502.9197664268504
8123,8123,10.81229375,0.0048101995755832,(0.0007028726034978012-0.004107455219720103j),,(0.0007028726035014075-0.004107455219719047j),-3502.119830421729
8124,8124,10.81239375,0.0054479435516077,(0.011589147109222724+0.0017768682264189231j),,(0.011589147109222311+0.00177686822642077j),-3501.3198944166074
8125,8125,10.812493750000002,0.005120473083273,(-0.04320217613651892-0.03218381519504003j),,(-0.04320217613652041-0.03218381519503772j),-3500.519958411486
8126,8126,10.81259375,0.005870133738322,(-0.0023033870626076028-0.02636983583807187j),,(-0.002303387062607779-0.026369835838070604j),-3499.720022406365
8127,8127,10.81269375,0.0057740914507439,(-0.009891778306075866+0.00724611582175272j),,(-0.009891778306078437+0.007246115821746505j),-3498.920086401243
8128,8128,10.81279375,0.0065997441182571,(-0.010140995579881738+0.017996271071589756j),,(-0.010140995579881129+0.017996271071590953j),-3498.120150396122
8129,8129,10.81289375,0.0079478446283829,(-0.01376021572664576+0.02609452330723936j),,(-0.013760215726646919+0.026094523307239843j),-3497.3202143910003
8130,8130,10.81299375,0.0078657613701616,(-0.0010615152610725502-0.008791507879024435j),,(-0.0010615152610726846-0.008791507879029074j),-3496.520278385879
8131,8131,10.81309375,0.0079449633921718,(-0.00035571119951130405+0.0120316242798743j),,(-0.0003557111995130136+0.012031624279878583j),-3495.7203423807573
8132,8132,10.81319375,0.0080855996975417,(0.010593729996759206-0.03710587005906329j),,(0.010593729996755365-0.03710587005906306j),-3494.920406375636
8133,8133,10.81329375,0.0091667932523808,(-0.0069120388751377675+0.01073012629122014j),,(-0.006912038875136804+0.01073012629121564j),-3494.1204703705143
8134,8134,10.81339375,0.0094240337431903,(0.0181897359416879-0.0013282262274471519j),,(0.01818973594168889-0.0013282262274494593j),-3493.320534365393
8135,8135,10.81349375,0.0098007682880056,(0.0017160559558252173-0.006406951125679278j),,(0.0017160559558259411-0.006406951125678223j),-3492.520598360272
8136,8136,10.81359375,0.0074274457888032,(0.011835238751069347+0.002744880136694213j),,(0.011835238751073176+0.002744880136698217j),-3491.72066235515
8137,8137,10.81369375,0.0059984421138112,(0.0026833983187006406-0.01899250197732083j),,(0.0026833983187014594-0.018992501977323554j),-3490.920726350029
8138,8138,10.81379375,0.0041534743278914,(0.004877617442081027-0.00840104053250234j),,(0.0048776174420791865-0.008401040532504485j),-3490.120790344907
8139,8139,10.81389375,0.0054701927119065,(-0.0039543618683449055+0.033744717610807405j),,(-0.003954361868337869+0.03374471761080617j),-3489.320854339786
8140,8140,10.81399375,0.0066218145503998,(-0.022316080613317753+0.03489396777516697j),,(-0.022316080613317794+0.03489396777516894j),-3488.520918334664
8141,8141,10.81409375,0.006303922995819,(0.009774370528952582+0.02006912435496113j),,(0.00977437052895656+0.020069124354962442j),-3487.720982329543
8142,8142,10.81419375,0.0064113539867167,(-0.0019138124489555199+0.03268014651925809j),,(-0.0019138124489537132+0.03268014651925626j),-3486.9210463244212
8143,8143,10.81429375,0.0083425097340824,(0.018352070180734707+0.015637638218202472j),,(0.018352070180736913+0.015637638218205886j),-3486.1211103193
8144,8144,10.81439375,0.0090648637481652,(-0.025346540820588723+0.002800832490022046j),,(-0.02534654082058517+0.002800832490024347j),-3485.3211743141787
8145,8145,10.81449375,0.0092777121124754,(-0.02716683288867793-0.010343772885719714j),,(-0.027166832888679653-0.010343772885720987j),-3484.521238309057
8146,8146,10.81459375,0.0082851282846361,(-0.01718716636122429+0.027783121363418622j),,(-0.017187166361224936+0.027783121363418085j),-3483.7213023039358
8147,8147,10.81469375,0.0094784607349586,(-0.016083235923363897-0.003921667885133027j),,(-0.016083235923365413-0.003921667885128437j),-3482.921366298814
8148,8148,10.814793750000002,0.0087835031650597,(-0.004332057356592761+0.00023103804217597824j),,(-0.004332057356593262+0.0002310380421770104j),-3482.121430293693
8149,8149,10.81489375,0.0084536914394914,(8.536560372082377e-05+0.0076936680168544j),,(8.536560372002949e-05+0.007693668016851748j),-3481.321494288571
8150,8150,10.81499375,0.0076591245237196,(0.018094564354292547-0.01765110840130004j),,(0.018094564354290188-0.017651108401300193j),-3480.52155828345
8151,8151,10.81509375,0.0073806393725825,(-0.004017292728319591-0.02041510810733558j),,(-0.00401729272832153-0.020415108107331135j),-3479.721622278328
8152,8152,10.81519375,0.0070499657966443,(0.02289227131648266+0.026949679681041526j),,(0.02289227131648371+0.026949679681040874j),-3478.921686273207
8153,8153,10.81529375,0.0065233867857284,(-0.011304009447778263+0.05302617885196788j),,(-0.011304009447779248+0.053026178851964034j),-3478.1217502680856
8154,8154,10.81539375,0.0056617837022747,(0.007278178264144037+0.05100417163720487j),,(0.007278178264143208+0.05100417163720389j),-3477.321814262964
8155,8155,10.81549375,0.0069001851946376,(0.01290673013478704+0.006726843343479271j),,(0.012906730134786333+0.006726843343482841j),-3476.5218782578427
8156,8156,10.81559375,0.0070732806798814,(0.001542271575425083-0.011368934202065601j),,(0.0015422715754200506-0.011368934202061948j),-3475.721942252721
8157,8157,10.81569375,0.0066467370120384,(-0.013337305845292946-0.012149891767064021j),,(-0.013337305845289865-0.012149891767066703j),-3474.9220062475997
8158,8158,10.81579375,0.0062784065990467,(-0.030764334619714492+0.009366608669398441j),,(-0.030764334619719082+0.009366608669398863j),-3474.122070242478
8159,8159,10.81589375,0.0060959204731534,(0.003778328331785568+0.024912686723257783j),,(0.003778328331789771+0.024912686723256243j),-3473.3221342373567
8160,8160,10.81599375,0.0070540949873408,(-0.01510315893315848+0.002820913240733471j),,(-0.015103158933158313+0.0028209132407309083j),-3472.5221982322355
8161,8161,10.81609375,0.0067390958311728,(-0.005604855185845629-0.0017248952354149403j),,(-0.005604855185846316-0.0017248952354200942j),-3471.722262227114
8162,8162,10.81619375,0.0062463332243247,(-0.0228770870005471-0.03715786644235181j),,(-0.02287708700054626-0.037157866442352895j),-3470.9223262219925
8163,8163,10.816293750000002,0.0043839614916279,(0.010280798476523698-0.011202205891581968j),,(0.01028079847652136-0.011202205891579218j),-3470.122390216871
8164,8164,10.81639375,0.0045757508063213,(0.02008440814960283-0.012052282168787629j),,(0.020084408149605288-0.012052282168791168j),-3469.3224542117496
8165,8165,10.81649375,0.0054309337370843,(-0.01784820611466114-0.0053992814792558855j),,(-0.017848206114661338-0.005399281479257221j),-3468.522518206628
8166,8166,10.81659375,0.004431420471001,(0.024969711716261993-0.00010346473186510947j),,(0.024969711716260334-0.0001034647318702165j),-3467.7225822015066
8167,8167,10.81669375,0.005901127295849,(-0.008900493871474485+0.007958760004108405j),,(-0.008900493871472738+0.00795876000410835j),-3466.922646196385
8168,8168,10.81679375,0.0049590094159083,(0.006538737519905364+0.005423289062022309j),,(0.0065387375199057515+0.005423289062025435j),-3466.1227101912636
8169,8169,10.81689375,0.0043551824567631,(-0.0006797926382956932-0.0026179351394754954j),,(-0.000679792638295479-0.0026179351394741055j),-3465.3227741861424
8170,8170,10.81699375,0.0026535697970305,(0.012354955343679063+0.007180032369202468j),,(0.012354955343678874+0.007180032369199003j),-3464.5228381810207
8171,8171,10.817093750000002,0.0034486332116159,(0.014744851760851751-0.011849913266094064j),,(0.01474485176085454-0.01184991326608955j),-3463.7229021758994
8172,8172,10.81719375,0.0055436263883607,(0.018046669978301975+0.013701461982819178j),,(0.018046669978300477+0.013701461982820445j),-3462.9229661707777
8173,8173,10.81729375,0.0037862238817805,(-0.016652901269224793+0.017060162365847516j),,(-0.016652901269229047+0.017060162365847682j),-3462.1230301656565
8174,8174,10.81739375,0.0031820590925566,(0.005155530299111876-0.02784426683686659j),,(0.005155530299111057-0.027844266836863578j),-3461.3230941605348
8175,8175,10.81749375,0.003048403808493,(-0.0009252736189878186+0.01879208038012846j),,(-0.0009252736189905146+0.018792080380128206j),-3460.5231581554135
8176,8176,10.81759375,0.0067245211597533,(-0.034539164828689115-0.0011402508522590574j),,(-0.03453916482868761-0.0011402508522571058j),-3459.723222150292
8177,8177,10.81769375,0.0056705817232486,(-0.0011123347344542999+0.01748107961376857j),,(-0.0011123347344563486+0.017481079613767325j),-3458.9232861451706
8178,8178,10.81779375,0.0028003465489064,(-0.012180525253247261+0.02797237506328185j),,(-0.01218052525324551+0.027972375063283768j),-3458.1233501400493
8179,8179,10.81789375,0.0014600254289317,(-0.02261805881152258+0.013404249530794624j),,(-0.02261805881152331+0.013404249530796452j),-3457.3234141349276
8180,8180,10.81799375,0.0039843864444329,(0.007904680511834301+0.006659027135523958j),,(0.007904680511835448+0.006659027135525335j),-3456.5234781298063
8181,8181,10.81809375,0.0030931068840586,(0.016213971696054964-0.0030627896349647325j),,(0.01621397169605819-0.0030627896349613324j),-3455.7235421246846
8182,8182,10.81819375,0.0024180230257042,(0.022441243784435395-0.012391868431870933j),,(0.022441243784436134-0.012391868431872156j),-3454.9236061195634
8183,8183,10.81829375,0.0011292260567317,(0.009247923530629653+9.637507991436283e-05j),,(0.009247923530629224+9.637507991591213e-05j),-3454.1236701144417
8184,8184,10.81839375,0.0038287741027739,(0.016458654956335486+0.023607273368517305j),,(0.016458654956334678+0.02360727336851337j),-3453.3237341093204
8185,8185,10.81849375,0.0033534713879899,(0.0026786018316760627-0.006569821604512926j),,(0.0026786018316768403-0.006569821604511059j),-3452.5237981041987
8186,8186,10.818593750000002,0.0032473014837618,(-0.05207339986778409+0.0013049797148577437j),,(-0.05207339986778326+0.0013049797148579484j),-3451.7238620990775
8187,8187,10.81869375,0.0013562539839726,(-0.02131064993177613-0.007064043922494237j),,(-0.02131064993177387-0.007064043922496525j),-3450.923926093956
8188,8188,10.81879375,0.002842994631268,(0.002101627497837935+0.0025898051312351305j),,(0.00210162749783661+0.0025898051312340338j),-3450.1239900888345
8189,8189,10.81889375,0.0032081894260218,(-0.006185283409367371+0.004275828885007246j),,(-0.006185283409368184+0.004275828885003978j),-3449.3240540837132
8190,8190,10.81899375,0.0031339934922837,(-0.01840636965898085-0.0018324150796916582j),,(-0.018406369658980005-0.001832415079692961j),-3448.5241180785915
8191,8191,10.81909375,0.0029369625557143,(-0.011643300856299435-0.011813458439076632j),,(-0.011643300856299728-0.011813458439075582j),-3447.7241820734703
8192,8192,10.81919375,0.003161221705981,(-0.020245779884191413-0.005934754497302476j),,(-0.020245779884191236-0.005934754497300653j),-3446.9242460683486
8193,8193,10.81929375,0.0046267330694683,(-0.009990112470150386-0.011364735669142837j),,(-0.009990112470147049-0.011364735669143733j),-3446.1243100632273
8194,8194,10.81939375,0.0061404026274528,(0.011402355058097188+0.0011862128111464142j),,(0.011402355058097832+0.0011862128111481364j),-3445.3243740581056
8195,8195,10.81949375,0.0055252674040903,(0.0046162026427274926-0.009415267579397207j),,(0.004616202642726242-0.00941526757939557j),-3444.5244380529844
8196,8196,10.81959375,0.0043660220457507,(-0.02077465982758906+0.020085537499437155j),,(-0.02077465982759264+0.02008553749943842j),-3443.724502047863
8197,8197,10.81969375,0.0031363722258664,(0.011966082059842845-0.0027207086184581697j),,(0.011966082059843265-0.002720708618457442j),-3442.9245660427414
8198,8198,10.81979375,0.0041101762790053,(-0.02271035151621246+0.01379665900150689j),,(-0.022710351516213163+0.01379665900151152j),-3442.12463003762
8199,8199,10.81989375,0.0051691445772419,(0.009032069758474735-0.007842472532908689j),,(0.009032069758473496-0.00784247253290983j),-3441.3246940324984
8200,8200,10.81999375,0.0033747860634286,(-0.004123998416765435-0.00013931601709024112j),,(-0.004123998416764691-0.00013931601709456275j),-3440.524758027377
8201,8201,10.82009375,0.002835108183249,(-0.021361665875618375+0.017403230032343064j),,(-0.021361665875620568+0.017403230032339977j),-3439.7248220222555
8202,8202,10.82019375,0.0031685668024998,(0.005236712860570649+0.0037494304144356453j),,(0.005236712860577175+0.00374943041443436j),-3438.924886017134
8203,8203,10.82029375,0.0048746770054706,(0.0013527989503788708+0.01100086964621612j),,(0.0013527989503795083+0.011000869646218247j),-3438.1249500120125
8204,8204,10.82039375,0.0055149635617536,(-0.011494494313855188-0.03869661689582969j),,(-0.011494494313853916-0.03869661689583054j),-3437.3250140068913
8205,8205,10.82049375,0.0067475633996756,(-0.012091026964361042+0.018987427543729018j),,(-0.012091026964358965+0.018987427543729007j),-3436.52507800177
8206,8206,10.82059375,0.0080587622678177,(0.032956361837540735+0.04198521979362894j),,(0.032956361837542955+0.0419852197936241j),-3435.7251419966483
8207,8207,10.82069375,0.0076778667418497,(0.03736468699736758+0.015392294681368435j),,(0.03736468699736751+0.015392294681366393j),-3434.925205991527
8208,8208,10.82079375,0.0071878445152651,(-0.008338025394950531+0.035811125532590665j),,(-0.008338025394950906+0.035811125532590415j),-3434.1252699864053
8209,8209,10.820893750000002,0.0067056271049647,(-0.017717891402425048+0.00962746372628814j),,(-0.0177178914024251+0.009627463726287835j),-3433.325333981284
8210,8210,10.82099375,0.0060974020094369,(0.005848128798967893+0.0199894209151299j),,(0.00584812879896738+0.019989420915129518j),-3432.5253979761624
8211,8211,10.82109375,0.0053513672792727,(-0.004638670219353512+0.025296923162882137j),,(-0.004638670219351363+0.025296923162883986j),-3431.725461971041
8212,8212,10.82119375,0.0039222471686015,(-0.004500139727043226-0.0022699046976827103j),,(-0.004500139727040569-0.0022699046976822606j),-3430.9255259659194
8213,8213,10.82129375,0.0053834177428436,(-0.039663943975537914-0.0023521568662260763j),,(-0.03966394397553441-0.0023521568662266557j),-3430.125589960798
8214,8214,10.82139375,0.0047993819121176,(0.002920962494490898+0.014304471724829114j),,(0.002920962494487871+0.014304471724830512j),-3429.325653955677
8215,8215,10.82149375,0.0053181205739451,(0.017708103114358165+0.0384753611364325j),,(0.01770810311436121+0.03847536113642726j),-3428.525717950555
8216,8216,10.82159375,0.0064014551271347,(0.003456199865890821-0.028194150993657838j),,(0.0034561998658887184-0.028194150993660468j),-3427.725781945434
8217,8217,10.82169375,0.0078326489440862,(0.03420307920591023-0.00865679365735824j),,(0.034203079205912715-0.008656793657361276j),-3426.9258459403122
8218,8218,10.82179375,0.009061407421347,(0.018540709832571285-0.008622241644318431j),,(0.018540709832567427-0.008622241644321892j),-3426.125909935191
8219,8219,10.82189375,0.0088931243336416,(-0.011201448283805836+0.009784482489637819j),,(-0.011201448283805917+0.009784482489637907j),-3425.3259739300693
8220,8220,10.82199375,0.0087613956599316,(0.03055654022458656-0.04137620240644451j),,(0.030556540224580327-0.04137620240644471j),-3424.526037924948
8221,8221,10.82209375,0.0103391779827259,(0.00673179578894435-0.04900864300516205j),,(0.0067317957889443565-0.04900864300516321j),-3423.7261019198263
8222,8222,10.82219375,0.0081049440384204,(-0.055740129518751194-0.03181917588867643j),,(-0.055740129518750424-0.03181917588867722j),-3422.926165914705
8223,8223,10.82229375,0.0074752272496817,(0.0011274620341475607-0.0032723893094898935j),,(0.001127462034145265-0.003272389309492199j),-3422.126229909584
8224,8224,10.822393750000002,0.0054843299691966,(-0.03574497218945519-0.012095290993427692j),,(-0.035744972189453376-0.012095290993431968j),-3421.326293904462
8225,8225,10.82249375,0.0072622913421297,(0.004474865381922396-0.021932661823503827j),,(0.004474865381919022-0.021932661823505013j),-3420.526357899341
8226,8226,10.82259375,0.0082201631720915,(-0.01872475520554964-0.011069573576519935j),,(-0.018724755205550156-0.01106957357652077j),-3419.726421894219
8227,8227,10.82269375,0.0069231254452196,(-0.017513831577309097+0.0006465867792547382j),,(-0.01751383157730892+0.0006465867792541206j),-3418.926485889098
8228,8228,10.82279375,0.0052182652868134,(-0.01017488134333648+0.013633493432806822j),,(-0.010174881343333862+0.013633493432807765j),-3418.126549883976
8229,8229,10.82289375,0.0069848253962151,(0.011669509234040025+0.01090248357573728j),,(0.01166950923403879+0.01090248357573544j),-3417.326613878855
8230,8230,10.82299375,0.0088183228628105,(-0.018797028149969204-0.022649263093469183j),,(-0.018797028149967275-0.022649263093472566j),-3416.5266778737337
8231,8231,10.82309375,0.0092392613278739,(-0.05461679165375396+0.028580832122530476j),,(-0.05461679165375599+0.02858083212253016j),-3415.726741868612
8232,8232,10.823193750000002,0.0084220925902852,(-0.026444482970983334+0.02489862067690181j),,(-0.026444482970987483+0.024898620676900532j),-3414.9268058634907
8233,8233,10.82329375,0.0095223560966734,(0.0009658210915910966+0.009893297261622126j),,(0.0009658210915913894+0.009893297261622074j),-3414.126869858369
8234,8234,10.82339375,0.0094541673470146,(-0.0068883503490046695-0.03177345702731516j),,(-0.006888350349002473-0.03177345702731098j),-3413.3269338532477
8235,8235,10.82349375,0.0082489706836072,(-0.0008061803284937375-0.027140152693428114j),,(-0.000806180328491746-0.0271401526934288j),-3412.526997848126
8236,8236,10.82359375,0.0079574252419079,(0.006398595791600367+0.01177507844401065j),,(0.006398595791603813+0.01177507844401255j),-3411.727061843005
8237,8237,10.82369375,0.0083345066195709,(-0.012232058998544307-0.017313184949612714j),,(-0.012232058998545466-0.017313184949615153j),-3410.927125837883
8238,8238,10.82379375,0.007035910569929,(0.018480754187991895-0.00865426055935358j),,(0.01848075418799349-0.008654260559352124j),-3410.127189832762
8239,8239,10.82389375,0.0065511868069027,(0.025325923035214106-0.035135911137695375j),,(0.025325923035209644-0.0351359111376905j),-3409.3272538276406
8240,8240,10.82399375,0.0067966546291121,(-0.010470266209524482-0.0011455709585155233j),,(-0.010470266209520964-0.001145570958515048j),-3408.527317822519
8241,8241,10.82409375,0.0072500943719365,(-0.014786504518813907+0.04614934246318045j),,(-0.01478650451881373+0.046149342463181336j),-3407.7273818173976
8242,8242,10.82419375,0.0056487147239312,(0.005583550929854069-0.017873785583278207j),,(0.005583550929853824-0.017873785583276607j),-3406.927445812276
8243,8243,10.82429375,0.0067354676386631,(0.029788771576206834+0.026224105990842763j),,(0.029788771576206907+0.026224105990843065j),-3406.1275098071546
8244,8244,10.82439375,0.0051947252746943,(0.008675093570640571+0.03731626334922243j),,(0.008675093570639655+0.037316263349223534j),-3405.327573802033
8245,8245,10.82449375,0.0057190460406106,(-0.004314992778831416-0.03080950548664012j),,(-0.004314992778830755-0.030809505486639507j),-3404.5276377969117
8246,8246,10.82459375,0.0055526539433638,(0.0035573263438845783-0.010419974864330316j),,(0.0035573263438807637-0.010419974864334644j),-3403.72770179179
8247,8247,10.824693750000002,0.0062785745977902,(-0.02387918545569334+0.027247623525052556j),,(-0.023879185455690476+0.027247623525048788j),-3402.9277657866687
8248,8248,10.82479375,0.0061726626759565,(-0.02198088275971893+0.003524139112441995j),,(-0.021980882759720023+0.003524139112439464j),-3402.1278297815475
8249,8249,10.82489375,0.0059435455772437,(0.014342028386232606-0.011508733656430433j),,(0.01434202838623165-0.0115087336564327j),-3401.3278937764258
8250,8250,10.82499375,0.0057992865022241,(-0.04842598095601323-0.012423481995706554j),,(-0.048425980956014414-0.012423481995709315j),-3400.5279577713045
8251,8251,10.82509375,0.0047203171819087,(-0.016654544885931544-0.003266801834799918j),,(-0.016654544885933195-0.0032668018348003596j),-3399.728021766183
8252,8252,10.82519375,0.0038280530113989,(0.03923538469971981+0.0019508882263952962j),,(0.03923538469972337+0.0019508882263944045j),-3398.9280857610615
8253,8253,10.82529375,0.0040966089877236,(0.01943392776322579+0.019336300328021118j),,(0.019433927763227495+0.019336300328021364j),-3398.12814975594
8254,8254,10.82539375,0.0042201022031244,(0.01450184556659453-0.020672335749192784j),,(0.014501845566593608-0.020672335749191993j),-3397.3282137508186
8255,8255,10.82549375,0.0031796154969878,(-0.003032732897441737-0.04090179253965736j),,(-0.0030327328974415427-0.040901792539658866j),-3396.528277745697
8256,8256,10.82559375,0.0031002088924572,(-0.020211701034909373-3.290088889043195e-05j),,(-0.020211701034910733-3.290088889100788e-05j),-3395.7283417405756
8257,8257,10.82569375,0.002466315681917,(-0.01865295841722804+0.01683328140959641j),,(-0.01865295841722918+0.016833281409595065j),-3394.9284057354544
8258,8258,10.82579375,0.0034477012496376,(0.005765934062344357-0.005193423768826428j),,(0.005765934062347824-0.005193423768825299j),-3394.1284697303327
8259,8259,10.82589375,0.0036193033631874,(0.020701525254409065-0.0036887348707377197j),,(0.020701525254411837-0.003688734870732151j),-3393.3285337252114
8260,8260,10.82599375,0.0044822988482026,(-0.028670918369290043-0.004799514385952377j),,(-0.02867091836929194-0.004799514385953862j),-3392.5285977200897
8261,8261,10.82609375,0.0039885396844718,(-0.041646157079630985+0.013281890447277116j),,(-0.04164615707963192+0.01328189044728102j),-3391.7286617149684
8262,8262,10.82619375,0.0043842008314465,(-0.01026945389982014+0.025518403261533696j),,(-0.01026945389982234+0.02551840326153673j),-3390.9287257098467
8263,8263,10.82629375,0.0041639169229133,(0.04104307228518076-0.03122839194281106j),,(0.041043072285182704-0.03122839194281092j),-3390.1287897047255
8264,8264,10.82639375,0.0031775001959963,(0.022937718973323726+0.024901057410977593j),,(0.02293771897332221+0.024901057410979286j),-3389.3288536996038
8265,8265,10.82649375,0.0034480733296713,(0.008605914761345942+0.010097453593819954j),,(0.008605914761343677+0.010097453593822601j),-3388.5289176944825
8266,8266,10.82659375,0.0034046012782986,(-0.027924352369057014+0.018474685043095955j),,(-0.027924352369056396+0.01847468504309456j),-3387.7289816893613
8267,8267,10.82669375,0.0042981829628289,(-0.013048243005955511-0.006983587725347748j),,(-0.013048243005956861-0.006983587725346886j),-3386.9290456842396
8268,8268,10.82679375,0.0007834313811822,(-0.009569996634131526-0.016252388012810867j),,(-0.009569996634130783-0.01625238801281279j),-3386.1291096791183
8269,8269,10.82689375,0.0023169468873455,(0.0021403889450351977-0.01275353976263489j),,(0.002140388945035379-0.012753539762629874j),-3385.3291736739966
8270,8270,10.826993750000002,0.0024119094605384,(0.0406784814646422-0.0250140517361006j),,(0.04067848146464095-0.025014051736104874j),-3384.5292376688753
8271,8271,10.82709375,0.0044697842353979,(-0.008061177420394298+0.026702781631502658j),,(-0.008061177420399145+0.026702781631502685j),-3383.7293016637536
8272,8272,10.82719375,0.0020862158626128,(-0.006074029845771206+0.038919322134567676j),,(-0.006074029845772247+0.03891932213456484j),-3382.9293656586324
8273,8273,10.82729375,0.0022915228544045,(0.02751930819635916-0.020349894600746706j),,(0.027519308196359168-0.02034989460074799j),-3382.1294296535107
8274,8274,10.82739375,0.0032966714256133,(0.03908744959589633-0.033107000559874505j),,(0.03908744959589182-0.03310700055987385j),-3381.3294936483894
8275,8275,10.82749375,0.004717252566879,(-0.035384235909606813+0.015655121087831417j),,(-0.03538423590960447+0.015655121087835108j),-3380.529557643268
8276,8276,10.82759375,0.0030159667658756,(-0.013775403369086862-0.022529222058266164j),,(-0.013775403369086892-0.022529222058262258j),-3379.7296216381465
8277,8277,10.82769375,0.0033321765342242,(0.0038432697440045852+0.021839224523047214j),,(0.0038432697440049807+0.021839224523046805j),-3378.929685633025
8278,8278,10.82779375,0.0017630357751828,(-0.002905391345477503-0.02490947284740124j),,(-0.0029053913454773666-0.024909472847404506j),-3378.1297496279035
8279,8279,10.82789375,0.0063376839182685,(0.035804293026325644-0.023151148076076686j),,(0.035804293026324534-0.023151148076078775j),-3377.3298136227822
8280,8280,10.82799375,0.0050450430260046,(0.03111243844560921-0.00844346998177301j),,(0.0311124384456056-0.008443469981773912j),-3376.5298776176605
8281,8281,10.82809375,0.0049233483936097,(0.012613771668003136+0.04627279347786544j),,(0.012613771668005194+0.04627279347786696j),-3375.7299416125393
8282,8282,10.82819375,0.0033578010773673,(-0.043922939789778896+0.021313989820010558j),,(-0.04392293978977753+0.021313989820013514j),-3374.9300056074176
8283,8283,10.82829375,0.003746791682096,(0.02491018554256066-0.008629963750413187j),,(0.02491018554255747-0.008629963750412018j),-3374.1300696022963
8284,8284,10.82839375,0.0059182201058397,(-0.028624665318281253+0.008036966204482672j),,(-0.028624665318282345+0.008036966204479926j),-3373.330133597175
8285,8285,10.828493750000002,0.0030052684155301,(-0.015635437061494617+0.025082530697817157j),,(-0.015635437061495328+0.025082530697816234j),-3372.5301975920534
8286,8286,10.82859375,0.0039012969272201,(-0.0004955080291518864-0.0006181617794796836j),,(-0.0004955080291523922-0.0006181617794852347j),-3371.730261586932
8287,8287,10.82869375,0.0042165462958156,(0.03274648984499928-0.01798896611519983j),,(0.032746489844998894-0.01798896611520139j),-3370.9303255818104
8288,8288,10.82879375,0.0051018942369956,(-0.022619833756805107+0.03352199324078507j),,(-0.02261983375680627+0.033521993240784496j),-3370.130389576689
8289,8289,10.82889375,0.0045028770744255,(-0.012075588116757636+0.0023835388113195937j),,(-0.012075588116754889+0.002383538811320355j),-3369.3304535715674
8290,8290,10.82899375,0.0052096734941611,(-0.02554111795586229-0.00837758023113196j),,(-0.025541117955864046-0.008377580231130078j),-3368.530517566446
8291,8291,10.82909375,0.0073202957027987,(-0.0022442891182058392+0.013824344973197974j),,(-0.0022442891182050803+0.013824344973202932j),-3367.7305815613245
8292,8292,10.82919375,0.0093099227253077,(0.028297737170284946+0.014555786481677187j),,(0.028297737170286906+0.014555786481677073j),-3366.930645556203
8293,8293,10.82929375,0.0078606809107991,(-0.027136812420239444-0.024233273562814843j),,(-0.027136812420242944-0.024233273562815086j),-3366.130709551082
8294,8294,10.82939375,0.008725542448509,(0.005451778268137289-0.0251922885044961j),,(0.0054517782681389425-0.02519228850449919j),-3365.3307735459603
8295,8295,10.82949375,0.0065453981021482,(-0.014992001059360969-0.0045793503067703325j),,(-0.014992001059355744-0.0045793503067723465j),-3364.530837540839
8296,8296,10.82959375,0.0078084624688702,(-0.03903593321201212+0.004284718344367575j),,(-0.039035933212014394+0.004284718344367111j),-3363.7309015357173
8297,8297,10.82969375,0.005211411098836,(-0.01530458186996866+0.020025815245818892j),,(-0.015304581869965715+0.02002581524582041j),-3362.930965530596
8298,8298,10.82979375,0.006727020502909,(-0.005310453429782978-0.01317607613116152j),,(-0.005310453429784109-0.013176076131163051j),-3362.1310295254743
8299,8299,10.82989375,0.0054636773338922,(-0.029146868849068613+0.02054244480421618j),,(-0.029146868849068853+0.020542444804216752j),-3361.331093520353
8300,8300,10.82999375,0.0049744289849586,(-0.01821317061216351+0.0026395767861491504j),,(-0.018213170612168723+0.0026395767861521167j),-3360.531157515232
8301,8301,10.83009375,0.0061670852857649,(-0.020512615296265108+0.026304923578942957j),,(-0.020512615296263588+0.026304923578937132j),-3359.73122151011
8302,8302,10.83019375,0.0077537716132135,(0.014363532352754378-0.014134370130804232j),,(0.014363532352751906-0.014134370130803466j),-3358.931285504989
8303,8303,10.83029375,0.0084879250628938,(0.029001979782129796-0.026717315905622693j),,(0.029001979782128328-0.026717315905624935j),-3358.131349499867
8304,8304,10.83039375,0.0065537185030149,(0.007782500327125084-0.0025306797481045576j),,(0.007782500327122128-0.0025306797481026884j),-3357.331413494746
8305,8305,10.83049375,0.0073226740258906,(-0.008847408881037506+0.011292966158348232j),,(-0.008847408881041364+0.011292966158346887j),-3356.531477489624
8306,8306,10.83059375,0.0090293224058821,(-0.006833953396045523+0.0021800454071253957j),,(-0.006833953396046204+0.002180045407124869j),-3355.731541484503
8307,8307,10.83069375,0.0097069719735982,(0.034034158432344835-0.005787816300416187j),,(0.03403415843234562-0.0057878163004170795j),-3354.9316054793812
8308,8308,10.830793750000002,0.0096967874193335,(0.003436203467955888-0.022890193115352626j),,(0.003436203467953861-0.022890193115350732j),-3354.13166947426
8309,8309,10.83089375,0.0087114562876846,(0.01200135103573895-0.0029912011730904003j),,(0.01200135103573619-0.002991201173093377j),-3353.3317334691387
8310,8310,10.83099375,0.0080581084216695,(0.00758068148774626+0.010548382035839186j),,(0.007580681487745891+0.010548382035841696j),-3352.531797464017
8311,8311,10.83109375,0.0081098476637844,(0.021701578016975538-0.018086575498604544j),,(0.021701578016972513-0.018086575498603184j),-3351.7318614588958
8312,8312,10.83119375,0.006376221458016,(0.012427876496268099-0.008292780581052003j),,(0.012427876496268605-0.008292780581048558j),-3350.931925453774
8313,8313,10.83129375,0.0064060789209499,(0.02875487698262109+0.010757446467360687j),,(0.028754876982618235+0.010757446467363253j),-3350.131989448653
8314,8314,10.83139375,0.0064132094282343,(-0.019434950825353663+0.010951634806060245j),,(-0.019434950825356637+0.010951634806058442j),-3349.332053443531
8315,8315,10.83149375,0.005750331242012,(-0.010286794776501549-0.025887361529886018j),,(-0.010286794776503346-0.02588736152989006j),-3348.53211743841
8316,8316,10.83159375,0.0074010680001694,(-0.01469935495104723-0.0007114347969631549j),,(-0.014699354951048524-0.0007114347969669689j),-3347.732181433288
8317,8317,10.83169375,0.0073410920860585,(-0.04249101508236243+0.01419570436634963j),,(-0.04249101508236375+0.01419570436635247j),-3346.932245428167
8318,8318,10.83179375,0.0075258263966741,(-0.010765318070037012+0.027125410033612296j),,(-0.01076531807004035+0.027125410033615124j),-3346.1323094230456
8319,8319,10.83189375,0.007433170581335,(0.002886954291306255+0.005372738174795074j),,(0.0028869542913074015+0.005372738174794271j),-3345.332373417924
8320,8320,10.83199375,0.009504571417884,(-0.011852783972725434-0.016842658161492205j),,(-0.011852783972724209-0.016842658161493523j),-3344.5324374128027
8321,8321,10.83209375,0.0092273598218559,(-0.003375996980982973-0.02284322198829603j),,(-0.0033759969809869263-0.022843221988292032j),-3343.732501407681
8322,8322,10.83219375,0.0090030437422336,(-0.027815046410849677+0.011681207841576221j),,(-0.027815046410846672+0.011681207841582528j),-3342.9325654025597
8323,8323,10.83229375,0.0071652852798733,(-0.010165694808844722+0.01879304702129895j),,(-0.010165694808842394+0.018793047021300673j),-3342.132629397438
8324,8324,10.83239375,0.0094950246037992,(-0.02969005814871918+0.009187716054456188j),,(-0.029690058148717065+0.00918771605445598j),-3341.3326933923167
8325,8325,10.83249375,0.0066226344247781,(-0.012772860770998205-0.020893420631182418j),,(-0.012772860770999372-0.020893420631182182j),-3340.532757387195
8326,8326,10.83259375,0.0051803421802082,(-0.01586411752692317-0.021831798854408762j),,(-0.01586411752692337-0.021831798854406625j),-3339.732821382074
8327,8327,10.83269375,0.0040565153333918,(0.005783740379874822-0.0014391219425469036j),,(0.005783740379874489-0.0014391219425479388j),-3338.9328853769525
8328,8328,10.83279375,0.0051790102809644,(-0.0016458966074198492-0.014920104685037672j),,(-0.0016458966074172935-0.014920104685039758j),-3338.132949371831
8329,8329,10.83289375,0.0056659663131848,(0.028899966253395772+0.00353008531438616j),,(0.02889996625339839+0.0035300853143866284j),-3337.3330133667096
8330,8330,10.83299375,0.0035674389841035,(0.008908239195504514-0.012525582015222804j),,(0.008908239195503667-0.012525582015219291j),-3336.533077361588
8331,8331,10.833093750000002,0.0023129214207894,(-0.0035498957953886768+0.026202756973162464j),,(-0.0035498957953887396+0.0262027569731593j),-3335.7331413564666
8332,8332,10.83319375,0.0057652959718613,(0.006509460946685724+0.0008186147551600231j),,(0.006509460946680189+0.000818614755165059j),-3334.933205351345
8333,8333,10.83329375,0.0044563614802324,(-0.02362817488337479+0.004843022540069944j),,(-0.023628174883373567+0.0048430225400703415j),-3334.1332693462236
8334,8334,10.83339375,0.0064753308002742,(-0.013433941702682542-0.0006141471065991624j),,(-0.01343394170268574-0.000614147106599211j),-3333.333333341102
8335,8335,10.83349375,0.0057972072936247,(-0.01749352409307952+0.015567312017459662j),,(-0.017493524093080387+0.015567312017458533j),-3332.5333973359807
8336,8336,10.83359375,0.0075073276699299,(-0.00665693947230209+0.03698501777553348j),,(-0.006656939472303844+0.03698501777553391j),-3331.7334613308594
8337,8337,10.83369375,0.0086123730314694,(-0.029122906001404252+0.018343863622736736j),,(-0.02912290600140449+0.01834386362273475j),-3330.9335253257377
8338,8338,10.83379375,0.0051714279005385,(-0.00919032938463413+0.006279393197793092j),,(-0.009190329384632514+0.00627939319779436j),-3330.1335893206165
8339,8339,10.83389375,0.0043069343677755,(-0.02731817022412004-0.004159402780741025j),,(-0.027318170224122557-0.004159402780741296j),-3329.3336533154948
8340,8340,10.83399375,0.0029531114754534,(-0.020102260216205283+0.005630530310672876j),,(-0.02010226021620463+0.005630530310671281j),-3328.5337173103735
8341,8341,10.83409375,0.0027780838890643,(0.0010021971581456474-0.01712090414941485j),,(0.0010021971581510147-0.0171209041494107j),-3327.733781305252
8342,8342,10.83419375,0.0032043778361072,(-0.01682202570789717-0.016030945747307478j),,(-0.01682202570789619-0.01603094574730497j),-3326.9338453001305
8343,8343,10.83429375,6.348176886227592e-06,(-0.008873038609621556-0.019037011078095297j),,(-0.008873038609618389-0.019037011078093084j),-3326.133909295009
8344,8344,10.83439375,0.0008389825631452,(-0.002826119653274955-0.014324346356219002j),,(-0.002826119653278167-0.014324346356220274j),-3325.3339732898876
8345,8345,10.83449375,0.0022998520423868,(0.021911436960103794-0.028805893993227787j),,(0.021911436960100707-0.028805893993225536j),-3324.5340372847663
8346,8346,10.834593750000002,0.0037898276700014,(-0.009272609128427681+0.025448575222322897j),,(-0.009272609128426182+0.025448575222322765j),-3323.7341012796446
8347,8347,10.83469375,0.0030795743614972,(0.016082232222663417+0.010902052326281018j),,(0.016082232222665343+0.01090205232627885j),-3322.9341652745234
8348,8348,10.83479375,0.0032934231427499,(0.018648201092133183+0.021511578400953767j),,(0.01864820109213558+0.02151157840095266j),-3322.1342292694017
8349,8349,10.83489375,0.0051963010578278,(-0.00583356844281264-0.02282057032533409j),,(-0.005833568442813904-0.02282057032533826j),-3321.3342932642804
8350,8350,10.83499375,0.0042232462619296,(0.01323271134867405-0.007712296615561294j),,(0.01323271134867376-0.007712296615561067j),-3320.5343572591587
8351,8351,10.83509375,0.0033581465650872,(-0.01022298963510989+0.017656609657100114j),,(-0.010222989635112586+0.01765660965709797j),-3319.7344212540374
8352,8352,10.83519375,0.0038750811855267,(0.0022659687776414297-0.002442245998180124j),,(0.0022659687776424497-0.0024422459981770918j),-3318.9344852489157
8353,8353,10.83529375,0.0026229012640471,(-0.0011640694552914632+0.009778675013071534j),,(-0.0011640694552977606+0.009778675013072507j),-3318.1345492437945
8354,8354,10.83539375,0.0030802918546863,(0.002533999680333903-0.010006223077727278j),,(0.002533999680335907-0.010006223077727368j),-3317.3346132386732
8355,8355,10.83549375,0.0029125809678195,(-0.028321473051143686+0.021734010264544117j),,(-0.028321473051141015+0.02173401026454357j),-3316.5346772335515
8356,8356,10.83559375,0.0013860413776753,(0.019648804124351618+0.0272618629068858j),,(0.019648804124346917+0.027261862906880867j),-3315.7347412284303
8357,8357,10.83569375,0.0011859441619754,(0.008232733830652528-0.011128046302513503j),,(0.008232733830650707-0.011128046302516865j),-3314.9348052233086
8358,8358,10.83579375,0.0014515273680332,(-0.017889725211016595-0.012632283315973464j),,(-0.01788972521101352-0.01263228331597356j),-3314.1348692181873
8359,8359,10.83589375,0.0036740840423048,(0.0006328579520181949+0.005406147019412538j),,(0.0006328579520184121+0.005406147019415364j),-3313.3349332130656
8360,8360,10.83599375,0.0025066464466092,(-0.012725550672131162+0.007413815070478849j),,(-0.012725550672131263+0.007413815070476633j),-3312.5349972079443
8361,8361,10.83609375,0.0044912998939343,(-0.002769118973478101+0.00638194028244861j),,(-0.002769118973473734+0.006381940282451233j),-3311.7350612028226
8362,8362,10.83619375,0.0045128909338716,(-0.030472185917455027-0.02056128928944062j),,(-0.03047218591745453-0.020561289289443844j),-3310.9351251977014
8363,8363,10.83629375,0.0038354330838273,(-0.009210521793289126-0.0170139927088047j),,(-0.0092105217932873-0.01701399270880235j),-3310.13518919258
8364,8364,10.83639375,0.0042883353226034,(-0.0025591330989384016+0.02419785113243349j),,(-0.0025591330989424886+0.02419785113243816j),-3309.3352531874584
8365,8365,10.83649375,0.007309831714208,(0.04079954889768846+0.029502924393356555j),,(0.04079954889768957+0.029502924393353613j),-3308.535317182337
8366,8366,10.83659375,0.0062386974367234,(0.03954136722113624+0.008392945695014035j),,(0.039541367221136936+0.008392945695015155j),-3307.7353811772155
8367,8367,10.83669375,0.0045185812803466,(0.03990903981013592-0.011517494202095675j),,(0.03990903981013363-0.011517494202090963j),-3306.935445172094
8368,8368,10.83679375,0.0040728455648068,(0.030065115566871428-0.009641211115609748j),,(0.030065115566873232-0.009641211115606493j),-3306.1355091669725
8369,8369,10.836893750000002,0.0059419247374737,(0.007000017056695454-0.008688344045713552j),,(0.007000017056692872-0.008688344045713633j),-3305.3355731618512
8370,8370,10.83699375,0.0056206545503108,(0.05340901367220252-0.000594692478553132j),,(0.05340901367220298-0.0005946924785530071j),-3304.53563715673
8371,8371,10.83709375,0.0036678584742816,(0.0030364928816644376+0.028694175722005753j),,(0.003036492881659081+0.02869417572200329j),-3303.7357011516083
8372,8372,10.83719375,0.003677309575827,(0.01559705795961992+0.0017697828314768085j),,(0.015597057959622008+0.0017697828314763766j),-3302.935765146487
8373,8373,10.83729375,0.0044539609753941,(-0.02928406219601584+0.05132443549299157j),,(-0.02928406219601937+0.05132443549299081j),-3302.1358291413653
8374,8374,10.83739375,0.0065178793465926,(0.012892085428673155-0.010821503061101322j),,(0.012892085428672196-0.010821503061103596j),-3301.335893136244
8375,8375,10.83749375,0.0071409571624023,(0.020861604552495035-0.013040424395335058j),,(0.020861604552495437-0.0130404243953365j),-3300.5359571311224
8376,8376,10.83759375,0.0081944972982083,(-0.020522418154343965+0.0180693399125574j),,(-0.02052241815434223+0.018069339912553654j),-3299.736021126001
8377,8377,10.83769375,0.007010067520874,(-0.023495505498205407+0.01350902769455869j),,(-0.023495505498203513+0.013509027694556634j),-3298.9360851208794
8378,8378,10.83779375,0.007771077591253,(-0.03247568114751507-0.03275044750822319j),,(-0.03247568114751513-0.03275044750822222j),-3298.136149115758
8379,8379,10.83789375,0.0082017652764726,(-0.027754656273021674+0.0252725615530296j),,(-0.02775465627302118+0.025272561553029232j),-3297.336213110637
8380,8380,10.83799375,0.0100050602778303,(-0.00823452882951479-0.0031877444815907527j),,(-0.008234528829516101-0.003187744481592477j),-3296.536277105515
8381,8381,10.83809375,0.0076232370928267,(-0.035783423317310055-0.006328042316520259j),,(-0.03578342331730799-0.00632804231651842j),-3295.736341100394
8382,8382,10.83819375,0.007277130183186,(0.0034891867373779157-0.013650085205286218j),,(0.0034891867373756406-0.013650085205285153j),-3294.936405095272
8383,8383,10.83829375,0.0066567979281059,(-0.01793723885380563+0.01219776265862766j),,(-0.017937238853807408+0.012197762658629357j),-3294.136469090151
8384,8384,10.838393750000002,0.0076888936127282,(0.043737963977358456-0.04629205333652311j),,(0.04373796397735896-0.0462920533365234j),-3293.3365330850293
8385,8385,10.83849375,0.0070170876498907,(0.001639820314150938+0.02547514307068053j),,(0.001639820314152796+0.02547514307067921j),-3292.536597079908
8386,8386,10.83859375,0.0048661899526475,(0.023855838128629972-0.0028051724581678035j),,(0.02385583812863105-0.002805172458172033j),-3291.7366610747863
8387,8387,10.83869375,0.0057421059214355,(0.01765761528531396-0.030352081483085793j),,(0.017657615285314468-0.03035208148308756j),-3290.936725069665
8388,8388,10.83879375,0.0075343230881686,(-0.021320117240884378-0.008690272855999801j),,(-0.021320117240883937-0.008690272855999642j),-3290.136789064544
8389,8389,10.83889375,0.0084239992919866,(-0.008442374222803393-0.004734342800691365j),,(-0.00844237422279941-0.004734342800691975j),-3289.336853059422
8390,8390,10.83899375,0.0080438626636994,(-0.024264555315345823+0.02554622146294506j),,(-0.024264555315346097+0.02554622146294655j),-3288.536917054301
8391,8391,10.83909375,0.006477668514973,(0.0099142602262538-0.005894013204200252j),,(0.009914260226254976-0.005894013204201651j),-3287.736981049179
8392,8392,10.839193750000002,0.0091822783989616,(0.022840652284448808-0.015842650786129855j),,(0.02284065228444919-0.015842650786129252j),-3286.937045044058
8393,8393,10.83929375,0.0080067161407406,(0.03210245057351179+0.017800765167891915j),,(0.03210245057350843+0.017800765167890826j),-3286.137109038936
8394,8394,10.83939375,0.0081970355285011,(-0.01571586840680294-0.007889076720502902j),,(-0.015715868406802766-0.007889076720506557j),-3285.337173033815
8395,8395,10.83949375,0.0073987115984436,(0.0030975291617470757+0.010842456260018027j),,(0.0030975291617488087+0.010842456260017008j),-3284.537237028693
8396,8396,10.83959375,0.0068500872675559,(0.00805871666896464-0.028554649419326308j),,(0.008058716668966476-0.028554649419328854j),-3283.737301023572
8397,8397,10.83969375,0.0062618010231277,(-0.03079053719063157+0.038444107154647564j),,(-0.030790537190630848+0.0384441071546448j),-3282.9373650184507
8398,8398,10.83979375,0.0064481243376721,(-0.04358766759103467+0.04252898818210085j),,(-0.043587667591033434+0.04252898818210162j),-3282.137429013329
8399,8399,10.83989375,0.0068186283042298,(0.027848518085491762+0.028875378875839932j),,(0.027848518085492387+0.028875378875844723j),-3281.3374930082077
8400,8400,10.83999375,0.0078194959780684,(-0.02891462698713581+0.01558881182604961j),,(-0.028914626987136066+0.01558881182605058j),-3280.537557003086
8401,8401,10.84009375,0.0073771263554917,(0.054593879006448104+0.011971200527537074j),,(0.05459387900644892+0.011971200527536752j),-3279.7376209979648
8402,8402,10.84019375,0.0078782080437274,(-0.03703235291339883+0.006256901487344582j),,(-0.037032352913402816+0.0062569014873420925j),-3278.937684992843
8403,8403,10.84029375,0.0065089363992359,(-0.01665622702214116+0.028455345170912548j),,(-0.016656227022140282+0.028455345170909942j),-3278.137748987722
8404,8404,10.84039375,0.0069724486531522,(0.012298912134870766-0.001240616389116861j),,(0.012298912134868922-0.0012406163891195664j),-3277.3378129826
8405,8405,10.84049375,0.0066069236009161,(0.026713632325974273-0.009732913648460472j),,(0.026713632325970592-0.009732913648460727j),-3276.537876977479
8406,8406,10.84059375,0.0065832629698613,(-0.025371644611967916+0.0035675028428609635j),,(-0.02537164461196475+0.003567502842862518j),-3275.7379409723576
8407,8407,10.840693750000002,0.0063050786306411,(0.05712525497442899+0.0031421615720614755j),,(0.05712525497442712+0.0031421615720626135j),-3274.938004967236
8408,8408,10.84079375,0.0069608247932861,(0.03372871048639087+0.022057374407579183j),,(0.033728710486389646+0.022057374407577823j),-3274.1380689621146
8409,8409,10.84089375,0.0059285373857345,(0.0237437794304649-0.03039672666490303j),,(0.02374377943046814-0.03039672666490314j),-3273.338132956993
8410,8410,10.84099375,0.0061944366527158,(-0.006360433286624334-0.00021611303565631035j),,(-0.0063604332866216496-0.00021611303565525347j),-3272.5381969518717
8411,8411,10.84109375,0.0063826980431375,(-7.656845474123073e-05-0.005679370729974488j),,(-7.656845473918289e-05-0.005679370729978908j),-3271.73826094675
8412,8412,10.84119375,0.0066276294914314,(0.02880974653986401+0.0779579296498435j),,(0.028809746539865386+0.0779579296498431j),-3270.9383249416287
8413,8413,10.84129375,0.005295695640447,(0.006693935330174949-0.0245007794763702j),,(0.006693935330173595-0.024500779476372723j),-3270.138388936507
8414,8414,10.84139375,0.0066680834136895,(-0.027354246341231854+0.03803179229499958j),,(-0.027354246341232916+0.03803179229499941j),-3269.3384529313857
8415,8415,10.84149375,0.0058698930356798,(0.0006328214347563934-0.014315381978189405j),,(0.0006328214347575286-0.014315381978188414j),-3268.5385169262645
8416,8416,10.84159375,0.0048255764241711,(-0.03518015414113565+0.05164181176389528j),,(-0.03518015414113726+0.05164181176389565j),-3267.738580921143
8417,8417,10.84169375,0.0041392967002535,(0.002194239726495198+0.039584368017396475j),,(0.002194239726496839+0.039584368017391826j),-3266.9386449160215
8418,8418,10.84179375,0.0038635760543895,(0.025207950785118515-0.009382438178485606j),,(0.025207950785120167-0.009382438178490445j),-3266.1387089109
8419,8419,10.84189375,0.0046837390814007,(-0.039021755267083354+0.03351433237033684j),,(-0.039021755267082445+0.03351433237033677j),-3265.3387729057786
8420,8420,10.84199375,0.0047793884914641,(-0.04379602107400426-0.02810358332205717j),,(-0.04379602107400321-0.028103583322056796j),-3264.538836900657
8421,8421,10.84209375,0.0044351355896905,(0.02728319558088028+0.06115345508281813j),,(0.027283195580879025+0.061153455082818026j),-3263.7389008955356
8422,8422,10.84219375,0.0034174389940371,(0.00010347945565950933-0.03496636023228471j),,(0.00010347945565901927-0.03496636023228514j),-3262.938964890414
8423,8423,10.84229375,0.0045732037515207,(0.02282526783547144+0.0032952253773084385j),,(0.022825267835476677+0.003295225377309228j),-3262.1390288852926
8424,8424,10.84239375,0.0050937862621346,(0.05547313125438731+0.026037251337194624j),,(0.05547313125438905+0.026037251337194933j),-3261.3390928801714
8425,8425,10.84249375,0.0047606209925584,(0.016056376397919236-0.007426816209523514j),,(0.016056376397922126-0.007426816209525044j),-3260.5391568750497
8426,8426,10.84259375,0.0039525845930145,(-0.03606658292952952-0.007648662889980238j),,(-0.036066582929527066-0.007648662889981764j),-3259.7392208699284
8427,8427,10.84269375,0.0039117515009289,(0.011117308998771249-0.008204460633952337j),,(0.011117308998770507-0.008204460633954346j),-3258.9392848648067
8428,8428,10.84279375,0.0036686982112516,(-0.0523255458118204-0.03101496628752996j),,(-0.052325545811821195-0.031014966287528725j),-3258.1393488596855
8429,8429,10.84289375,0.0027186282553623,(0.01736204396319549+0.005720267123339315j),,(0.017362043963195403+0.00572026712333809j),-3257.3394128545638
8430,8430,10.842993750000002,0.0021593594585199,(-0.03471653023059448-0.006997585380112777j),,(-0.03471653023059141-0.006997585380111146j),-3256.5394768494425
8431,8431,10.84309375,0.0020476193510317,(0.001116295015091106+0.018035999335128047j),,(0.001116295015091388+0.01803599933512633j),-3255.739540844321
8432,8432,10.84319375,0.0029144201860708,(-0.02763733111351302-0.02518299078764463j),,(-0.02763733111351151-0.02518299078764368j),-3254.9396048391995
8433,8433,10.84329375,0.0023111495635474,(0.006476759675963473-0.030997678003637046j),,(0.006476759675961272-0.030997678003635575j),-3254.1396688340783
8434,8434,10.84339375,0.0005457578759922,(0.045814859633240716-0.009122235242259278j),,(0.04581485963324096-0.009122235242255602j),-3253.3397328289566
8435,8435,10.84349375,0.0032888288395533,(-0.028740574289437593-0.0010532575767486637j),,(-0.028740574289438534-0.001053257576749827j),-3252.5397968238353
8436,8436,10.84359375,0.0034612883368693,(-0.03138883802258009+0.015539234424834564j),,(-0.03138883802257782+0.015539234424833374j),-3251.7398608187136
8437,8437,10.84369375,0.0050151755000575,(-0.0029860968915598595-0.015073542796994247j),,(-0.0029860968915589496-0.015073542796994032j),-3250.9399248135924
8438,8438,10.84379375,0.0029957361767621,(-0.09756741665505182-0.024983963254275814j),,(-0.09756741665505393-0.02498396325427151j),-3250.1399888084707
8439,8439,10.84389375,0.0036121404511382,(-0.018558319721131658+0.0581938511610897j),,(-0.018558319721130062+0.058193851161088536j),-3249.3400528033494
8440,8440,10.84399375,0.0051219488402829,(-0.016551083867113195+0.0320547056833627j),,(-0.016551083867116644+0.032054705683365534j),-3248.5401167982277
8441,8441,10.84409375,0.0041806586342626,(-0.04954077277034333+0.031133368423790372j),,(-0.049540772770344736+0.031133368423792936j),-3247.7401807931064
8442,8442,10.84419375,0.0035503203202424,(-0.005751986131136658+0.057336446870307166j),,(-0.0057519861311363715+0.05733644687031185j),-3246.940244787985
8443,8443,10.84429375,0.0034198756302578,(0.04617905848255466-0.01383933323158483j),,(0.04617905848255748-0.013839333231586752j),-3246.1403087828635
8444,8444,10.84439375,0.0035515563668157,(0.03378162968847193-0.0038969777432858368j),,(0.03378162968847261-0.003896977743282886j),-3245.3403727777422
8445,8445,10.844493750000002,0.0046509056867303,(0.018866815852440145+0.0019778427406351895j),,(0.018866815852438955+0.001977842740636219j),-3244.5404367726205
8446,8446,10.84459375,0.0009828343151489,(-0.003254555206221822+0.03812210966432481j),,(-0.003254555206219964+0.03812210966432071j),-3243.7405007674993
8447,8447,10.84469375,0.0028566090012318,(-0.04990502125309407-0.022302877832388615j),,(-0.049905021253091805-0.022302877832387703j),-3242.9405647623776
8448,8448,10.84479375,0.0035148110623097,(-0.05075731417457236+0.023500290726371265j),,(-0.05075731417457387+0.023500290726372643j),-3242.1406287572563
8449,8449,10.84489375,0.0056794639828388,(-0.006166303271697425+0.024775507001948558j),,(-0.0061663032716985115+0.02477550700195071j),-3241.340692752135
8450,8450,10.84499375,0.0057870921526539,(-0.009017960032439105+0.008977587578185087j),,(-0.009017960032437397+0.008977587578186159j),-3240.5407567470133
8451,8451,10.84509375,0.0069814164366447,(-0.011038671027979025+0.0041644017958330695j),,(-0.011038671027981256+0.004164401795835683j),-3239.740820741892
8452,8452,10.84519375,0.006931649367364,(0.03890029534495601+0.00176359219411919j),,(0.03890029534495848+0.0017635921941219915j),-3238.9408847367704
8453,8453,10.845293750000002,0.0067792914633443,(0.0029878476284164613+0.01758298897982427j),,(0.0029878476284145557+0.01758298897982851j),-3238.140948731649
8454,8454,10.84539375,0.00434847342001,(-0.017195935866772344+0.02243078894168702j),,(-0.017195935866768503+0.02243078894168584j),-3237.3410127265274
8455,8455,10.84549375,0.0076677534404709,(-0.023612006708678485+0.042392815467538696j),,(-0.023612006708674887+0.0423928154675398j),-3236.541076721406
8456,8456,10.84559375,0.0061883422619448,(-0.018874150426098642+0.001890591958317026j),,(-0.018874150426100255+0.0018905919583141386j),-3235.7411407162845
8457,8457,10.84569375,0.0048169408483069,(-0.034237187954930956+0.007454149817917489j),,(-0.03423718795493106+0.0074541498179186705j),-3234.941204711163
8458,8458,10.84579375,0.003316655578313,(-0.013380675737460431+0.009466747491332927j),,(-0.013380675737460452+0.00946674749132959j),-3234.141268706042
8459,8459,10.84589375,0.0043694114647893,(-0.01713027936477563+0.03454524121356423j),,(-0.01713027936477807+0.03454524121356875j),-3233.3413327009202
8460,8460,10.84599375,0.0064205862209777,(-0.03595341579254937+0.047256692699729395j),,(-0.035953415792550944+0.04725669269972897j),-3232.541396695799
8461,8461,10.84609375,0.0057617193866892,(0.008565125786994114-0.005960493532442178j),,(0.008565125786990908-0.005960493532442488j),-3231.7414606906773
8462,8462,10.84619375,0.0067089596450876,(-0.02440346642377604-0.007142513878209891j),,(-0.024403466423777394-0.007142513878209041j),-3230.941524685556
8463,8463,10.84629375,0.0085370865016984,(0.036740855248592455-0.06429478545652154j),,(0.03674085524859794-0.0642947854565183j),-3230.1415886804343
8464,8464,10.84639375,0.0096702339317308,(-0.002128274793376714-0.003110719596090551j),,(-0.002128274793376128-0.0031107195960939932j),-3229.341652675313
8465,8465,10.84649375,0.0095711341932081,(0.08891553760140264-0.07139302130653585j),,(0.08891553760140365-0.07139302130653451j),-3228.5417166701914
8466,8466,10.84659375,0.0075800995683193,(-0.009041323185327448-0.009542964762199816j),,(-0.009041323185328406-0.009542964762202837j),-3227.74178066507
8467,8467,10.84669375,0.0083135716686902,(-0.031536899710418224+0.02120978952912725j),,(-0.03153689971041901+0.02120978952912587j),-3226.941844659949
8468,8468,10.846793750000002,0.0084865256265231,(-0.012030557607380081+0.08632349122853208j),,(-0.012030557607375814+0.08632349122853133j),-3226.141908654827
8469,8469,10.84689375,0.0065499594072212,(0.013704973215569306-0.02042635184925748j),,(0.013704973215571386-0.02042635184925697j),-3225.341972649706
8470,8470,10.84699375,0.0058621323764517,(-0.006312002124784895+0.05271454208855411j),,(-0.006312002124787504+0.052714542088555874j),-3224.542036644584
8471,8471,10.84709375,0.0057974248349345,(-0.03674540406309117-0.04855102316718742j),,(-0.03674540406309074-0.04855102316718411j),-3223.742100639463
8472,8472,10.84719375,0.0058896794139277,(-0.0041553914854549345-0.02667820847706442j),,(-0.004155391485455849-0.026678208477063793j),-3222.942164634341
8473,8473,10.84729375,0.0064831342388131,(0.02473702250162208+0.012834882044671139j),,(0.024737022501623362+0.012834882044675597j),-3222.14222862922
8474,8474,10.84739375,0.0063467937630235,(0.03790089898441079+0.04680698495052707j),,(0.03790089898441337+0.04680698495052572j),-3221.3422926240983
8475,8475,10.84749375,0.0071875040492164,(0.00020806496082118563-0.011868651032821568j),,(0.00020806496082036857-0.011868651032819977j),-3220.542356618977
8476,8476,10.84759375,0.0077543341595263,(-0.0710505768108809+0.03377593156387582j),,(-0.0710505768108814+0.03377593156387868j),-3219.7424206138558
8477,8477,10.84769375,0.0090331693724336,(-0.02423271707543391+0.04795614306507092j),,(-0.024232717075434385+0.047956143065074154j),-3218.942484608734
8478,8478,10.84779375,0.0085570760366331,(0.0159167091339585+0.006439445958955416j),,(0.015916709133959067+0.006439445958953603j),-3218.142548603613
8479,8479,10.84789375,0.007778216826015,(0.02510377818090321-0.0035272606426685954j),,(0.025103778180902172-0.0035272606426728663j),-3217.342612598491
8480,8480,10.84799375,0.006776584377734,(-0.0019426927859962778-0.03848466296743911j),,(-0.0019426927859973846-0.03848466296744074j),-3216.54267659337
8481,8481,10.84809375,0.0080624602030101,(0.05320667296034805-0.019368828411067667j),,(0.0532066729603496-0.0193688284110679j),-3215.742740588248
8482,8482,10.84819375,0.0076509551902017,(-0.028523084370030316+0.03587646075265465j),,(-0.028523084370027204+0.035876460752654j),-3214.942804583127
8483,8483,10.84829375,0.0081698486022104,(-0.03569289273399038+0.01736470077606099j),,(-0.03569289273398917+0.017364700776063724j),-3214.142868578005
8484,8484,10.84839375,0.0077142568309435,(0.005101429764975664-0.09885262864599344j),,(0.005101429764973797-0.09885262864599088j),-3213.342932572884
8485,8485,10.84849375,0.0072800354163554,(-0.055154487939254704-0.04110600320096163j),,(-0.05515448793925337-0.04110600320095935j),-3212.5429965677627
8486,8486,10.84859375,0.0067144983594815,(-0.02720788946172631-0.006871269112367501j),,(-0.027207889461724463-0.006871269112365485j),-3211.743060562641
8487,8487,10.84869375,0.0074571877644576,(0.008986119882146475+0.04783713272924418j),,(0.008986119882147862+0.04783713272924053j),-3210.9431245575197
8488,8488,10.84879375,0.0076159045310034,(0.03918545954174344+0.032542837026663524j),,(0.03918545954174175+0.032542837026658666j),-3210.143188552398
8489,8489,10.84889375,0.0062477112455649,(-0.031651830835369925-0.022688284578138207j),,(-0.03165183083537046-0.02268828457814038j),-3209.3432525472767
8490,8490,10.84899375,0.0060567393912261,(-0.06506965012348993-0.00414067756332874j),,(-0.06506965012349238-0.004140677563327784j),-3208.543316542155
8491,8491,10.849093750000002,0.0059385687518009,(-0.007763473455519563-0.024958149259672782j),,(-0.007763473455522746-0.0249581492596703j),-3207.7433805370338
8492,8492,10.84919375,0.0075961169700291,(0.03520677194539095+0.0678104040553311j),,(0.03520677194539015+0.06781040405533172j),-3206.943444531912
8493,8493,10.84929375,0.0061841591327961,(0.004616459961877387-0.013139046499114014j),,(0.004616459961878934-0.01313904649911193j),-3206.143508526791
8494,8494,10.84939375,0.0070783823752919,(0.07900964421613317-0.0400624412143316j),,(0.07900964421612751-0.04006244121433153j),-3205.3435725216696
8495,8495,10.84949375,0.005965928647757,(-0.062400972006417164-0.0502748782833386j),,(-0.06240097200641484-0.05027487828333503j),-3204.543636516548
8496,8496,10.84959375,0.0067664484690427,(-0.08520856920584577-0.028143472092594737j),,(-0.08520856920584399-0.028143472092597176j),-3203.7437005114266
8497,8497,10.84969375,0.0063149381897859,(0.012857961702979356-0.02722556638629341j),,(0.012857961702980342-0.027225566386294548j),-3202.943764506305
8498,8498,10.84979375,0.0051853005218422,(0.016658236265699625+0.01761742435507299j),,(0.016658236265699792+0.01761742435507424j),-3202.1438285011836
8499,8499,10.84989375,0.0043794507461291,(-0.009289898771312102-0.06946303339510172j),,(-0.00928989877131289-0.0694630333951027j),-3201.343892496062
8500,8500,10.84999375,0.0045295365629769,(0.010598745115014387+0.07155707093220592j),,(0.010598745115014307+0.0715570709322051j),-3200.5439564909407
8501,8501,10.85009375,0.0037033845229432,(-0.028409728342794725+0.014069974607214243j),,(-0.028409728342792873+0.014069974607217116j),-3199.744020485819
8502,8502,10.85019375,0.0031935832964727,(-0.018610710059901957+0.01046594245728492j),,(-0.0186107100599019+0.010465942457285934j),-3198.9440844806977
8503,8503,10.85029375,0.0033318400203784,(0.04282626765880915-0.011768897802866423j),,(0.04282626765880748-0.011768897802866985j),-3198.1441484755765
8504,8504,10.85039375,0.0029265476425094,(-0.009545629572522793-0.014316546039998058j),,(-0.009545629572522897-0.014316546040000011j),-3197.3442124704547
8505,8505,10.85049375,0.0043488797466434,(-0.010553593658609675+0.01897964237599851j),,(-0.010553593658608551+0.018979642376000697j),-3196.5442764653335
8506,8506,10.85059375,0.0032511689337118,(0.08987678071042185+0.03752978690700505j),,(0.08987678071042304+0.03752978690700686j),-3195.744340460212
8507,8507,10.85069375,0.0047233200342702,(0.028151290075649954-0.018640325268087517j),,(0.02815129007565274-0.01864032526808942j),-3194.9444044550905
8508,8508,10.85079375,0.0040661363507079,(0.02945591179062253+0.0177220204797829j),,(0.02945591179061794+0.017722020479785185j),-3194.144468449969
8509,8509,10.85089375,0.0050399220941897,(-0.09808823916508129+0.0675911250599967j),,(-0.09808823916508208+0.06759112505999715j),-3193.3445324448476
8510,8510,10.85099375,0.0047684445927619,(-0.0733477524828536+0.012718472026873737j),,(-0.07334775248285047+0.012718472026870362j),-3192.544596439726
8511,8511,10.85109375,0.0047324699376558,(0.029219730403130383+0.001972415695716918j),,(0.029219730403132624+0.0019724156957210666j),-3191.7446604346046
8512,8512,10.85119375,0.0026659084297919,(0.0366202227399123-0.0560775615756312j),,(0.03662022273991237-0.05607756157562935j),-3190.9447244294834
8513,8513,10.85129375,0.0039492672484138,(0.019013655007180018-0.00806321473910774j),,(0.01901365500718159-0.008063214739107982j),-3190.1447884243616
8514,8514,10.85139375,0.0010327666670067,(-0.022597720060373774+0.05407547674157519j),,(-0.02259772006037169+0.05407547674157609j),-3189.3448524192404
8515,8515,10.85149375,0.0013984549383174,(0.0193463598579111+0.026244883967717896j),,(0.019346359857909227+0.026244883967718943j),-3188.5449164141187
8516,8516,10.85159375,-0.0004575061988625,(0.02356045682271994+0.0469326723543382j),,(0.023560456822720077+0.046932672354336416j),-3187.7449804089974
8517,8517,10.85169375,0.0033319411428478,(0.02673814439324936-0.06464318155669188j),,(0.026738144393247447-0.06464318155669135j),-3186.9450444038757
8518,8518,10.85179375,0.0036180993254371,(0.01563524151086686-0.0242412933828017j),,(0.01563524151086573-0.024241293382800806j),-3186.1451083987545
8519,8519,10.85189375,0.002758599001494,(-0.07001869736588545-0.029651695194777228j),,(-0.07001869736588232-0.029651695194780565j),-3185.345172393633
8520,8520,10.85199375,0.0022539129694478,(-0.012719441164943009-0.10143104187346089j),,(-0.01271944116494221-0.10143104187345921j),-3184.5452363885115
8521,8521,10.85209375,0.0039089799937762,(0.04045099498343788+0.027168764463647042j),,(0.040450994983438335+0.027168764463647584j),-3183.7453003833903
8522,8522,10.85219375,0.0057380679097106,(0.07987804412497429-0.12175590331475904j),,(0.07987804412497272-0.12175590331475786j),-3182.9453643782686
8523,8523,10.85229375,0.0046591126703112,(-0.0007478910201430223+0.009393928790231855j),,(-0.0007478910201427994+0.009393928790234403j),-3182.1454283731473
8524,8524,10.85239375,0.0038675573687165,(0.009053963847320361-0.009924359573711298j),,(0.009053963847319216-0.009924359573712013j),-3181.3454923680256
8525,8525,10.85249375,0.0034893746324281,(-0.03347138319932194-0.015653408778928304j),,(-0.033471383199321705-0.01565340877892671j),-3180.5455563629043
8526,8526,10.85259375,0.0051290394927845,(0.02937703971494252+0.015737632762560086j),,(0.029377039714938605+0.015737632762561078j),-3179.7456203577826
8527,8527,10.85269375,0.0029893018613475,(-0.0026101125030996673-0.01930104278236185j),,(-0.0026101125031004133-0.019301042782358366j),-3178.9456843526614
8528,8528,10.85279375,0.0025577690107746,(-0.03510359309948521-0.02788335604218989j),,(-0.035103593099486116-0.027883356042189777j),-3178.14574834754
8529,8529,10.85289375,0.0015997707580903,(-0.04125106869610496+0.036350599488209j),,(-0.04125106869610073+0.036350599488202434j),-3177.3458123424184
8530,8530,10.85299375,0.0050492113136932,(-0.02005213986412586+0.039947314888407505j),,(-0.020052139864126337+0.03994731488840628j),-3176.545876337297
8531,8531,10.85309375,0.0040177273647959,(-0.023712989388356472+0.07938736984705967j),,(-0.023712989388355754+0.07938736984706067j),-3175.7459403321755
8532,8532,10.85319375,0.0041883564779552,(-0.044956760885411645+0.005011981640552532j),,(-0.04495676088541233+0.005011981640550802j),-3174.946004327054
8533,8533,10.85329375,0.0040854421083519,(0.025911473608273748-0.0038554121739142466j),,(0.025911473608272284-0.0038554121739144908j),-3174.1460683219325
8534,8534,10.85339375,0.0059286878960832,(-0.018185277830059215+0.02352047274298976j),,(-0.018185277830061287+0.023520472742988477j),-3173.3461323168112
8535,8535,10.85349375,0.0069420498928526,(0.019496845824172545+0.014665384646808551j),,(0.01949684582417382+0.014665384646805238j),-3172.5461963116895
8536,8536,10.85359375,0.0053700273051706,(0.021984961208341057-0.04718877947042347j),,(0.021984961208342778-0.047188779470423214j),-3171.7462603065683
8537,8537,10.85369375,0.0059904226016034,(0.03747018792398406-0.03251009910559201j),,(0.03747018792398589-0.032510099105595325j),-3170.946324301447
8538,8538,10.85379375,0.0068355443988409,(-0.03817198400407766-0.038359141070078914j),,(-0.038171984004079756-0.03835914107007879j),-3170.1463882963253
8539,8539,10.85389375,0.0078136539764838,(0.001112910322011845-0.0054808973913797465j),,(0.0011129103220110493-0.00548089739138074j),-3169.346452291204
8540,8540,10.85399375,0.0056468388140054,(0.030348496483950736-0.012591761821420116j),,(0.030348496483951166-0.012591761821422348j),-3168.5465162860824
8541,8541,10.85409375,0.0051753158206855,(-0.011970846399668524-0.03679034599448436j),,(-0.011970846399672424-0.036790345994483206j),-3167.746580280961
8542,8542,10.85419375,0.0048064406017034,(-0.0708728446442573+0.01408441263057262j),,(-0.07087284464425839+0.014084412630572574j),-3166.9466442758394
8543,8543,10.85429375,0.005673384193034,(-0.039768209871438+0.0224979074693995j),,(-0.0397682098714369+0.022497907469396342j),-3166.146708270718
8544,8544,10.85439375,0.0057185604010755,(-0.06566889394553009+0.044619110788629804j),,(-0.06566889394553169+0.04461911078863161j),-3165.3467722655964
8545,8545,10.85449375,0.0061449430327523,(0.014338348728247756+0.05308275161465395j),,(0.014338348728246561+0.053082751614651306j),-3164.546836260475
8546,8546,10.85459375,0.0071672272379703,(0.06463865362295+0.010908014145599346j),,(0.06463865362295357+0.010908014145598565j),-3163.746900255354
8547,8547,10.85469375,0.0079447820647525,(0.0005914840542875083+0.03582857757081j),,(0.0005914840542853676+0.03582857757080919j),-3162.946964250232
8548,8548,10.85479375,0.0082151992380658,(0.029294972664213218+0.11538865128791226j),,(0.02929497266421453+0.11538865128790816j),-3162.147028245111
8549,8549,10.85489375,0.0084197113842595,(-0.024496324266876333+0.10838414485670447j),,(-0.02449632426687508+0.10838414485670393j),-3161.3470922399893
8550,8550,10.85499375,0.0090941265260771,(-0.053499039683403755+0.055009386249121286j),,(-0.053499039683403+0.055009386249120405j),-3160.547156234868
8551,8551,10.85509375,0.0068714621084408,(0.028790386505951764+0.0029670219955659927j),,(0.02879038650595042+0.0029670219955645373j),-3159.7472202297463
8552,8552,10.85519375,0.0087774310625336,(0.0251676730166941+0.012494690809517444j),,(0.025167673016696285+0.012494690809518169j),-3158.947284224625
8553,8553,10.85529375,0.0075405489589102,(-0.029453644391905065-0.032411092337325545j),,(-0.02945364439190186-0.03241109233732407j),-3158.1473482195033
8554,8554,10.85539375,0.0074937893404811,(-0.0005497810968280864-0.02555675275787787j),,(-0.000549781096827847-0.025556752757875383j),-3157.347412214382
8555,8555,10.85549375,0.0056629001991221,(0.002397877877560293-0.01834073163713129j),,(0.002397877877560005-0.01834073163713088j),-3156.547476209261
8556,8556,10.85559375,0.0046848234615397,(-0.03101704182688067+0.047798993789215774j),,(-0.03101704182688102+0.04779899378921614j),-3155.747540204139
8557,8557,10.85569375,0.0059115447411127,(0.016864216807043773-0.029156755249799018j),,(0.016864216807044356-0.029156755249800357j),-3154.947604199018
8558,8558,10.85579375,0.0073103793499283,(0.018907027760436877+0.03730993438561744j),,(0.018907027760434493+0.03730993438561752j),-3154.147668193896
8559,8559,10.85589375,0.007342250563695,(-0.01643463361160522+0.018120183801214457j),,(-0.016434633611605746+0.018120183801215113j),-3153.347732188775
8560,8560,10.85599375,0.0066780083294356,(-0.02324791128271548+0.028338932952298727j),,(-0.02324791128271396+0.028338932952297346j),-3152.547796183653
8561,8561,10.85609375,0.0072411469514701,(-0.04519440300750631+0.01180878997242123j),,(-0.045194403007504796+0.011808789972423087j),-3151.747860178532
8562,8562,10.85619375,0.0090642275032194,(-0.05241562708229717+0.046627750292566716j),,(-0.052415627082293845+0.04662775029256673j),-3150.9479241734102
8563,8563,10.85629375,0.0091740029866139,(0.018567194764950303-0.06586165624275188j),,(0.01856719476495353-0.06586165624275153j),-3150.147988168289
8564,8564,10.85639375,0.0077210179433123,(-0.0626319444780705+0.0023826105433399046j),,(-0.06263194447806972+0.0023826105433409836j),-3149.3480521631677
8565,8565,10.85649375,0.0081117604038488,(0.01766308388475203-0.030405353962922526j),,(0.01766308388475603-0.0304053539629228j),-3148.548116158046
8566,8566,10.85659375,0.009624467642844,(0.017937363944523107-0.017889647074954884j),,(0.0179373639445206-0.017889647074957236j),-3147.7481801529248
8567,8567,10.85669375,0.0087723018115018,(-0.03765556322414613-0.035307946759586956j),,(-0.03765556322414663-0.035307946759585464j),-3146.948244147803
8568,8568,10.85679375,0.0065505711197118,(0.025508153144024343+0.021616244784233914j),,(0.02550815314402232+0.0216162447842359j),-3146.148308142682
8569,8569,10.85689375,0.0058539148425739,(-0.08133119334274258+0.09430604639618265j),,(-0.08133119334273999+0.0943060463961832j),-3145.34837213756
8570,8570,10.85699375,0.0078293067979622,(0.012113990250159587-0.030598842058356765j),,(0.012113990250161442-0.030598842058358725j),-3144.548436132439
8571,8571,10.85709375,0.0066680488609448,(0.04497634326173144+0.08157850196498466j),,(0.04497634326173197+0.08157850196498505j),-3143.748500127317
8572,8572,10.85719375,0.0068534581659433,(0.009350835719075523+0.0389575288882259j),,(0.009350835719076031+0.038957528888231494j),-3142.948564122196
8573,8573,10.85729375,0.0065287722541048,(0.03652267390796143+0.04349401492917266j),,(0.036522673907959796+0.043494014929174055j),-3142.1486281170746
8574,8574,10.85739375,0.0069068868861568,(-0.008753718270388892+0.008398896863659407j),,(-0.008753718270388828+0.00839889686366024j),-3141.348692111953
8575,8575,10.85749375,0.0066665835471806,(0.06192940449477206+0.003832043334465534j),,(0.061929404494768754+0.0038320433344633258j),-3140.5487561068317
8576,8576,10.85759375,0.0063144299180143,(-0.020774310526949114-0.07761595739816507j),,(-0.02077431052694879-0.07761595739816554j),-3139.74882010171
8577,8577,10.85769375,0.0071508359560273,(0.01116820263319625-0.040073715669225414j),,(0.011168202633200015-0.04007371566922341j),-3138.9488840965887
8578,8578,10.85779375,0.00582445386126,(0.03666165708938762-0.000686423984096067j),,(0.036661657089389975-0.00068642398409627j),-3138.148948091467
8579,8579,10.85789375,0.0060589659365414,(-0.03342730595628142+0.019643821299595878j),,(-0.033427305956281+0.019643821299598675j),-3137.3490120863457
8580,8580,10.85799375,0.0037227777731168,(-0.0003246197409186354+0.013771533609144094j),,(-0.0003246197409190292+0.013771533609144073j),-3136.549076081224
8581,8581,10.85809375,0.003892352990104,(-0.029809068720433755+0.025649630537902236j),,(-0.02980906872043611+0.025649630537904696j),-3135.749140076103
8582,8582,10.85819375,0.0054128931830149,(0.021196700778526544-0.0005942861988097988j),,(0.02119670077852419-0.00059428619881085j),-3134.9492040709815
8583,8583,10.85829375,0.0051614024683275,(-0.03835343350101112-0.019688370957403445j),,(-0.03835343350101112-0.01968837095740055j),-3134.14926806586
8584,8584,10.85839375,0.0041245721190543,(0.061218548772337046+0.007752854524579748j),,(0.0612185487723365+0.0077528545245811875j),-3133.3493320607386
8585,8585,10.85849375,0.0040828641240738,(-0.018624165067622794-0.012130395966472465j),,(-0.018624165067625344-0.012130395966472168j),-3132.549396055617
8586,8586,10.85859375,0.004721788751831,(0.06923179911525623-0.05082886598486279j),,(0.06923179911525712-0.05082886598486277j),-3131.7494600504956
8587,8587,10.85869375,0.004980825119083,(0.0008131436933353216-0.019316336876441832j),,(0.0008131436933349777-0.01931633687644006j),-3130.949524045374
8588,8588,10.85879375,0.0042831849357348,(0.04323426230669014+0.04184701184432602j),,(0.04323426230668633+0.041847011844329915j),-3130.1495880402526
8589,8589,10.85889375,0.0049928511081387,(-0.05053379331370014-0.04334603432218498j),,(-0.05053379331370014-0.04334603432218476j),-3129.3496520351314
8590,8590,10.85899375,0.0036649467163006,(0.030337463543644336+0.010618870266896223j),,(0.03033746354364617+0.010618870266896065j),-3128.5497160300097
8591,8591,10.85909375,0.0052295277961394,(0.07357856300467987-0.008561477491780338j),,(0.07357856300467877-0.008561477491779455j),-3127.7497800248884
8592,8592,10.85919375,0.0032691989112226,(0.00759312277577562+0.02435536525891348j),,(0.00759312277577771+0.02435536525891343j),-3126.9498440197667
8593,8593,10.85929375,0.0047067502822164,(0.02935864935468735-0.05329578083643916j),,(0.029358649354687197-0.05329578083644357j),-3126.1499080146455
8594,8594,10.85939375,0.0038096199662553,(0.015707812784116055+0.0006347725281826812j),,(0.01570781278412182+0.0006347725281814899j),-3125.3499720095238
8595,8595,10.85949375,0.0056153351104334,(0.003361713986689922+0.04283976407291563j),,(0.0033617139866907045+0.04283976407291479j),-3124.5500360044025
8596,8596,10.85959375,0.0019506988674794,(-0.09211251116432913+0.0010884910749572596j),,(-0.09211251116433206+0.0010884910749589874j),-3123.750099999281
8597,8597,10.85969375,0.0025737857975455,(-0.05318184384982988-0.0010607018593444852j),,(-0.053181843849829914-0.0010607018593464003j),-3122.9501639941595
8598,8598,10.85979375,0.0011056288674485,(0.008103182054998617-0.047226353498200244j),,(0.008103182055002461-0.04722635349819747j),-3122.1502279890383
8599,8599,10.85989375,0.0031403312248419,(0.015552740878866829+0.03609597370394494j),,(0.015552740878868678+0.03609597370394599j),-3121.3502919839166
8600,8600,10.85999375,0.0017538220978816,(-0.049912664451485164-0.045667296191212375j),,(-0.04991266445148683-0.045667296191213j),-3120.5503559787953
8601,8601,10.86009375,0.0022450681045029,(0.07615190314258241+0.05178612454549071j),,(0.07615190314258409+0.05178612454549017j),-3119.7504199736736
8602,8602,10.86019375,0.0012905173009925,(-0.028949675465344896-0.037028888995100734j),,(-0.028949675465343046-0.037028888995098645j),-3118.9504839685524
8603,8603,10.86029375,0.0035871225769714,(-0.04646253827678147+0.03612287025106193j),,(-0.04646253827678165+0.036122870251064136j),-3118.1505479634307
8604,8604,10.86039375,0.0041323253132145,(-0.0573781619514238+0.07452241554810914j),,(-0.0573781619514241+0.07452241554810929j),-3117.3506119583094
8605,8605,10.86049375,0.0044191693436945,(-0.047049325079251685-0.08252136851883089j),,(-0.047049325079248465-0.08252136851883078j),-3116.5506759531877
8606,8606,10.86059375,0.0034351959841971,(-0.024121132923499704+0.0410503670581883j),,(-0.024121132923499624+0.04105036705818932j),-3115.7507399480664
8607,8607,10.86069375,0.0023129067767749,(0.0012978982811181032-0.08472549196523381j),,(0.0012978982811174128-0.08472549196523413j),-3114.950803942945
8608,8608,10.86079375,0.0025869369611125,(0.0933164469240265+0.02637013347460199j),,(0.0933164469240242+0.02637013347459805j),-3114.1508679378235
8609,8609,10.86089375,0.0039942973146267,(0.034089204642611975+0.045390293466609354j),,(0.03408920464261209+0.04539029346660886j),-3113.350931932702
8610,8610,10.86099375,0.004398378396587,(0.04006622073129105-0.015920206277850648j),,(0.04006622073128791-0.015920206277847796j),-3112.5509959275805
8611,8611,10.86109375,0.0030624052217536,(0.0328980748471448+0.06945667975784887j),,(0.0328980748471453+0.0694566797578476j),-3111.7510599224593
8612,8612,10.86119375,0.0031228705210967,(-0.047625421484903584+0.003890211381638132j),,(-0.047625421484905506+0.003890211381642677j),-3110.9511239173376
8613,8613,10.86129375,0.0045120343749739,(0.13588141260121533-0.03608511590250325j),,(0.13588141260121647-0.036085115902505044j),-3110.1511879122163
8614,8614,10.86139375,0.0042867402086937,(0.023635534663299308-0.001095511138845792j),,(0.02363553466329409-0.0010955111388476274j),-3109.3512519070946
8615,8615,10.86149375,0.0040433469185349,(-0.047873794761600724+0.020186955038296858j),,(-0.04787379476159923+0.02018695503829942j),-3108.5513159019733
8616,8616,10.86159375,0.0034618176867052,(-0.00913873154056225-0.04269059343375533j),,(-0.00913873154056476-0.04269059343375891j),-3107.751379896852
8617,8617,10.86169375,0.0039643551450422,(-0.04991422502492598-0.06358600852604579j),,(-0.04991422502492647-0.0635860085260494j),-3106.9514438917304
8618,8618,10.86179375,0.0049152087609292,(0.03269119119523846+0.05589816788365133j),,(0.03269119119523892+0.055898167883652344j),-3106.151507886609
8619,8619,10.86189375,0.0049070624556127,(0.013161904980994656-0.007639853562128722j),,(0.013161904980994168-0.0076398535621277274j),-3105.3515718814874
8620,8620,10.86199375,0.005764630561603,(-0.016070349225582446+0.012365007693769654j),,(-0.016070349225582627+0.012365007693766708j),-3104.551635876366
8621,8621,10.86209375,0.0046115299764428,(-0.014865182422178082+0.05870564654137314j),,(-0.01486518242218094+0.05870564654137603j),-3103.7516998712445
8622,8622,10.86219375,0.0053669578891832,(0.02993482173419597-0.06649316665020874j),,(0.029934821734200378-0.06649316665020422j),-3102.951763866123
8623,8623,10.86229375,0.0080312747158584,(-0.05118817358967654+0.03261489458810363j),,(-0.05118817358967723+0.03261489458810382j),-3102.1518278610015
8624,8624,10.86239375,0.0054897888369291,(-0.044971248625327656-0.05207518584237078j),,(-0.04497124862532606-0.05207518584237064j),-3101.3518918558802
8625,8625,10.86249375,0.0065327194716167,(-0.010191830926660962-0.06613329000769712j),,(-0.010191830926664605-0.06613329000769605j),-3100.551955850759
8626,8626,10.86259375,0.0069239454267568,(-0.11773990566032932-0.05960494382304203j),,(-0.1177399056603271-0.05960494382303941j),-3099.7520198456373
8627,8627,10.86269375,0.0082822949527056,(-0.06973550536140136+0.009721834045074472j),,(-0.06973550536140204+0.009721834045075775j),-3098.952083840516
8628,8628,10.86279375,0.0075153530288049,(0.04951193914445402-0.027755136048568437j),,(0.049511939144455196-0.02775513604856479j),-3098.1521478353943
8629,8629,10.86289375,0.0064374734337172,(0.032694112768411235-0.008019044714302866j),,(0.03269411276841129-0.008019044714303841j),-3097.352211830273
8630,8630,10.86299375,0.0068673031939549,(0.021905209519861957+0.04938747477258276j),,(0.021905209519863064+0.049387474772581964j),-3096.5522758251514
8631,8631,10.86309375,0.0062257574123685,(0.02295315799461441-0.023507868498519404j),,(0.022953157994611416-0.023507868498520632j),-3095.75233982003
8632,8632,10.86319375,0.0076677405865955,(-0.016403290340418444-0.008559735245830345j),,(-0.01640329034041891-0.008559735245830244j),-3094.9524038149084
8633,8633,10.86329375,0.0075212753655385,(0.06055743909399362-0.015645169825916648j),,(0.060557439093993665-0.01564516982591308j),-3094.152467809787
8634,8634,10.86339375,0.0072949197212563,(-0.06496665133346438+0.006815178279472721j),,(-0.06496665133346707+0.006815178279476003j),-3093.352531804666
8635,8635,10.86349375,0.007238661008613,(0.05717082153479617-0.02426973266538456j),,(0.05717082153479783-0.02426973266538561j),-3092.552595799544
8636,8636,10.86359375,0.0078494746737295,(-0.015253428124554456-0.029987658259319736j),,(-0.015253428124554437-0.029987658259317665j),-3091.752659794423
8637,8637,10.86369375,0.0079231715156401,(0.05563653528800043+0.020400087896816077j),,(0.05563653528800113+0.020400087896814363j),-3090.952723789301
8638,8638,10.86379375,0.0082789468398476,(0.015047959144926182-0.008881880778494448j),,(0.015047959144926286-0.008881880778495124j),-3090.15278778418
8639,8639,10.86389375,0.0053110205589317,(0.04106271222559835-0.0005186301310037191j),,(0.04106271222559507-0.0005186301310083595j),-3089.3528517790583
8640,8640,10.86399375,0.0074207411990313,(-0.06403782926566068+0.06102578844518927j),,(-0.06403782926565806+0.061025788445187974j),-3088.552915773937
8641,8641,10.86409375,0.0070076728997337,(-0.02069924611615271-0.03200745326541571j),,(-0.020699246116149844-0.03200745326541293j),-3087.7529797688153
8642,8642,10.86419375,0.0092470163938324,(0.017355350250834012+0.12486858824738695j),,(0.017355350250835046+0.1248685882473876j),-3086.953043763694
8643,8643,10.86429375,0.007534413991672,(-0.04501293382912637+0.010529699623452612j),,(-0.045012933829127036+0.010529699623451252j),-3086.153107758573
8644,8644,10.86439375,0.0084443391575997,(0.05074570172960185+0.04323519663227206j),,(0.050745701729601966+0.0432351966322714j),-3085.353171753451
8645,8645,10.86449375,0.0079449779683425,(-0.07200249673674505-0.024686894026229905j),,(-0.0720024967367445-0.02468689402623283j),-3084.55323574833
8646,8646,10.86459375,0.0081605425693074,(0.028514414956518623-0.016909918929271593j),,(0.028514414956517645-0.01690991892927371j),-3083.753299743208
8647,8647,10.86469375,0.007423940284233,(-0.0877193075616398+0.04015057239402857j),,(-0.08771930756164016+0.04015057239402998j),-3082.953363738087
8648,8648,10.86479375,0.0074023632838266,(-0.023031127328193107+0.04919676174791065j),,(-0.02303112732819499+0.04919676174790713j),-3082.153427732965
8649,8649,10.86489375,0.00665168618511,(0.06951234676953327-0.03354299731298013j),,(0.06951234676953345-0.03354299731298534j),-3081.353491727844
8650,8650,10.86499375,0.0070763534610833,(0.02035534217416496-0.09290524421674534j),,(0.020355342174167335-0.0929052442167432j),-3080.553555722722
8651,8651,10.86509375,0.0074318137663237,(-0.028054833643780676+0.1420486941637253j),,(-0.02805483364378359+0.1420486941637294j),-3079.753619717601
8652,8652,10.86519375,0.0071009228423379,(-0.01118435385367021-0.03334363935232003j),,(-0.011184353853667863-0.0333436393523205j),-3078.9536837124797
8653,8653,10.86529375,0.0070967729503471,(-0.059935505864685226+0.04017166582991022j),,(-0.059935505864685615+0.040171665829910046j),-3078.153747707358
8654,8654,10.86539375,0.0082409466853117,(0.03453422978975075+0.014720750822348088j),,(0.03453422978974915+0.014720750822350035j),-3077.3538117022367
8655,8655,10.86549375,0.0077196046032454,(0.02915722547537585+0.010681252949362731j),,(0.029157225475376757+0.010681252949363106j),-3076.553875697115
8656,8656,10.86559375,0.0070723759456933,(-0.0006175672866954515+0.03369480715606792j),,(-0.0006175672866964074+0.03369480715606968j),-3075.7539396919938
8657,8657,10.86569375,0.0078008897635623,(-0.051769009526652886+0.010235727296121669j),,(-0.051769009526657694+0.010235727296121417j),-3074.954003686872
8658,8658,10.86579375,0.0084847046643589,(0.0669848821216498-0.014963398643550757j),,(0.06698488212165263-0.014963398643549928j),-3074.154067681751
8659,8659,10.86589375,0.007156657665898,(-0.04357048949666194-0.027711040779334083j),,(-0.04357048949666229-0.027711040779336154j),-3073.3541316766295
8660,8660,10.86599375,0.0047075041136884,(0.0003679793926972697+0.02985268653444135j),,(0.00036797939269663134+0.02985268653444371j),-3072.554195671508
8661,8661,10.86609375,0.0064154271071173,(0.06489965901084398+0.002861086211004768j),,(0.06489965901084284+0.0028610862110107216j),-3071.7542596663866
8662,8662,10.86619375,0.0044666154989762,(0.017156790190094875+0.03624846548350345j),,(0.01715679019009201+0.03624846548350397j),-3070.954323661265
8663,8663,10.86629375,0.0033696823668278,(0.00884521784046241+0.04777128523747097j),,(0.008845217840461283+0.04777128523747184j),-3070.1543876561436
8664,8664,10.86639375,0.0032359167800749,(-0.061819577019817155+0.0621717466648206j),,(-0.06181957701981554+0.06217174666481967j),-3069.354451651022
8665,8665,10.86649375,0.0051844621816336,(-0.05656800176123947+0.05687422422032708j),,(-0.056568001761240994+0.056874224220328194j),-3068.5545156459007
8666,8666,10.86659375,0.0049896064006202,(-0.002251375474336371+0.06016170249513727j),,(-0.0022513754743359164+0.06016170249513416j),-3067.754579640779
8667,8667,10.86669375,0.0056217136442112,(-0.03000742673917341-0.061277019312297426j),,(-0.030007426739176182-0.061277019312298155j),-3066.9546436356577
8668,8668,10.86679375,0.0066592824053386,(-0.03153713386789445+0.004050329357339738j),,(-0.03153713386789439+0.004050329357340232j),-3066.1547076305364
8669,8669,10.86689375,0.0074340032203065,(0.04158405318081814-0.020590601565961403j),,(0.04158405318081694-0.020590601565960952j),-3065.3547716254147
8670,8670,10.86699375,0.0046942687133845,(0.031937095642996245+0.04119325354723133j),,(0.031937095642998604+0.041193253547230343j),-3064.5548356202935
8671,8671,10.86709375,0.0053998018918445,(0.0024709322697384407-0.01420738249441279j),,(0.0024709322697345753-0.01420738249441225j),-3063.754899615172
8672,8672,10.86719375,0.0020294859717453,(0.06047473097871899+0.024087325849666504j),,(0.060474730978721414+0.024087325849667607j),-3062.9549636100505
8673,8673,10.86729375,0.002316276726649,(0.00839214126477583+0.016731401075577135j),,(0.008392141264772734+0.016731401075576476j),-3062.155027604929
8674,8674,10.86739375,0.0011184576850943,(-0.007890949353800742-0.06997532461088395j),,(-0.007890949353799866-0.06997532461088704j),-3061.3550915998076
8675,8675,10.86749375,0.0039569281532154,(0.002575751384256743-0.04435121448261774j),,(0.0025757513842536825-0.04435121448261713j),-3060.555155594686
8676,8676,10.86759375,0.0014770075525433,(-0.043860840962941655+0.05941784271401854j),,(-0.04386084096294023+0.059417842714018024j),-3059.7552195895646
8677,8677,10.86769375,0.0038426503622708,(0.021197511652978396+0.017934381241053968j),,(0.021197511652981598+0.01793438124105598j),-3058.9552835844434
8678,8678,10.86779375,0.0037911226813972,(0.03495588583216115-0.0013068657380673754j),,(0.03495588583216216-0.0013068657380708552j),-3058.1553475793216
8679,8679,10.86789375,0.0049476733003554,(0.011782863571338684+0.014195292542777543j),,(0.011782863571338852+0.014195292542770846j),-3057.3554115742004
8680,8680,10.86799375,0.0036632076635268,(-0.05168202549752747-0.026435253458244864j),,(-0.05168202549752728-0.026435253458245093j),-3056.5554755690787
8681,8681,10.86809375,0.0041969968432484,(0.035647039749065246+0.040558307566754326j),,(0.03564703974906741+0.04055830756675474j),-3055.7555395639574
8682,8682,10.86819375,0.0042265230872687,(0.0357713143107017-0.08158239568203375j),,(0.03577131431070498-0.08158239568203371j),-3054.9556035588357
8683,8683,10.86829375,0.002651350183462,(-0.022402779516221227-0.000859954269964245j),,(-0.02240277951622302-0.0008599542699622969j),-3054.1556675537145
8684,8684,10.86839375,0.002243415733281,(-0.040970244689330006+0.04744659972687644j),,(-0.0409702446893285+0.04744659972687513j),-3053.3557315485928
8685,8685,10.86849375,0.003007996884061,(-0.06089898153988467-0.06115419513821364j),,(-0.060898981539884066-0.06115419513821291j),-3052.5557955434715
8686,8686,10.86859375,0.0029957819285077,(0.00566091776594869+0.005520172147530968j),,(0.005660917765949896+0.005520172147530473j),-3051.7558595383503
8687,8687,10.86869375,0.0028926373520446,(0.02995877605641475+0.01964287119204753j),,(0.02995877605640824+0.019642871192044338j),-3050.9559235332285
8688,8688,10.86879375,0.00239358506994,(-0.03170872447928527-0.13717474458288445j),,(-0.03170872447928534-0.13717474458288215j),-3050.1559875281073
8689,8689,10.86889375,0.001886769716445,(-0.003995720367149557+0.02076579514226001j),,(-0.00399572036714804+0.020765795142257428j),-3049.3560515229856
8690,8690,10.86899375,0.0029361083802249,(0.010821639130322431-0.013180406992829227j),,(0.01082163913032038-0.013180406992823338j),-3048.5561155178643
8691,8691,10.86909375,0.0031413414324815,(-0.052248074901477856+0.003320119435197666j),,(-0.05224807490147983+0.0033201194352021103j),-3047.7561795127426
8692,8692,10.86919375,0.003281555624903,(-0.010590888299367605-0.03095679307164762j),,(-0.010590888299370148-0.030956793071648774j),-3046.9562435076214
8693,8693,10.86929375,0.0040565937146063,(-0.11965245112990049+0.016863032218735176j),,(-0.11965245112990212+0.01686303221873785j),-3046.1563075024997
8694,8694,10.86939375,0.0037347195560076,(0.03627909291903672+0.005787115579923129j),,(0.03627909291903397+0.005787115579921743j),-3045.3563714973784
8695,8695,10.86949375,0.0054277971120061,(0.07115046304302783-0.0018157399527686593j),,(0.07115046304302627-0.0018157399527707688j),-3044.556435492257
8696,8696,10.86959375,0.0044763410041018,(0.03306819933061213-0.039465379055808394j),,(0.03306819933061157-0.03946537905580946j),-3043.7564994871354
8697,8697,10.86969375,0.0050214804335203,(0.011050207261104944+0.0037621585040932617j),,(0.01105020726110841+0.0037621585040928094j),-3042.956563482014
8698,8698,10.86979375,0.0037799803611582,(-0.05092859986490106+0.03866428209920119j),,(-0.05092859986490725+0.03866428209920203j),-3042.1566274768925
8699,8699,10.86989375,0.0033014604505832,(0.014963105857605366+0.10049530466943751j),,(0.014963105857602597+0.1004953046694356j),-3041.3566914717712
8700,8700,10.86999375,0.0040380125574795,(0.0066573507774701415-0.00974285509431047j),,(0.006657350777471484-0.009742855094307886j),-3040.5567554666495
8701,8701,10.87009375,0.0060398741030045,(0.04322265830787213+0.032739483396976354j),,(0.04322265830787384+0.03273948339697379j),-3039.7568194615283
8702,8702,10.87019375,0.0052788368089736,(-0.015410934755855338+0.032828694547326794j),,(-0.015410934755857099+0.03282869454732798j),-3038.9568834564066
8703,8703,10.87029375,0.0035335837889185,(0.02909129699599098+0.0008518727549226609j),,(0.029091296995993925+0.0008518727549193719j),-3038.1569474512853
8704,8704,10.87039375,0.0040649141253563,(-0.02887085545543674+0.041652742346829544j),,(-0.02887085545543313+0.04165274234683066j),-3037.357011446164
8705,8705,10.87049375,0.0061479418084579,(0.051800384684640086+0.04501963378012875j),,(0.05180038468463609+0.04501963378012519j),-3036.5570754410423
8706,8706,10.87059375,0.0061979616625378,(-0.08589680636577399-0.09064146111485107j),,(-0.08589680636577862-0.0906414611148518j),-3035.757139435921
8707,8707,10.87069375,0.0047627486790918,(-0.010362455487965234+0.038698993860881395j),,(-0.010362455487962963+0.03869899386088463j),-3034.9572034307994
8708,8708,10.87079375,0.0057166794693855,(0.03323319217097068+0.05168417961966009j),,(0.03323319217097083+0.05168417961965906j),-3034.157267425678
8709,8709,10.87089375,0.0072079188109941,(-0.08244264597865783+0.0453319817127044j),,(-0.0824426459786544+0.045331981712702654j),-3033.3573314205564
8710,8710,10.87099375,0.008468348180602,(0.05301089051319417-0.10418773898983819j),,(0.05301089051319265-0.10418773898983796j),-3032.557395415435
8711,8711,10.87109375,0.0075700336624767,(0.0084987020603302-0.0071631059104054606j),,(0.00849870206033121-0.007163105910406441j),-3031.7574594103135
8712,8712,10.87119375,0.0077578819934768,(0.01415305902371729+0.002589770313003638j),,(0.014153059023716446+0.0025897703130040835j),-3030.957523405192
8713,8713,10.87129375,0.0083293258532897,(-0.02798708483572486-0.029019250847294786j),,(-0.027987084835728083-0.02901925084729387j),-3030.157587400071
8714,8714,10.87139375,0.0072860863102423,(0.011049848835644763+0.06973866404924808j),,(0.011049848835643295+0.06973866404924893j),-3029.3576513949492
8715,8715,10.87149375,0.0062687638141272,(-0.014233950880666247+0.05332827824123594j),,(-0.014233950880666516+0.05332827824123528j),-3028.557715389828
8716,8716,10.87159375,0.0065173004590207,(-0.0341708622717697-0.06630752144359929j),,(-0.03417086227176959-0.06630752144359832j),-3027.7577793847063
8717,8717,10.87169375,0.0057541511684291,(0.036191124555716436+0.11080698765373617j),,(0.03619112455571321+0.11080698765374221j),-3026.957843379585
8718,8718,10.87179375,0.0064336592029185,(-0.0022910801187592906-0.015789090707361654j),,(-0.0022910801187549183-0.015789090707357713j),-3026.1579073744633
8719,8719,10.87189375,0.0063190361032159,(-0.04853284799247897-0.0560583092764024j),,(-0.04853284799247475-0.05605830927640205j),-3025.357971369342
8720,8720,10.87199375,0.0077655215875207,(-0.038098476677682964+0.020292191190456194j),,(-0.038098476677681535+0.020292191190451156j),-3024.5580353642204
8721,8721,10.87209375,0.007947912944419,(-0.09186348391988863-0.007390265874491624j),,(-0.09186348391988786-0.007390265874487886j),-3023.758099359099
8722,8722,10.87219375,0.007443282306711,(-0.18077166257470906+0.08519228946489915j),,(-0.18077166257471378+0.08519228946489685j),-3022.958163353978
8723,8723,10.87229375,0.0073757242629801,(0.01955212059740842-0.06487145505210633j),,(0.01955212059741075-0.0648714550521056j),-3022.158227348856
8724,8724,10.87239375,0.0085289295709076,(-0.06383895035219951-0.03182303441350897j),,(-0.06383895035219782-0.03182303441351309j),-3021.358291343735
8725,8725,10.87249375,0.0096096548130793,(0.03189856114752285-0.006139131054066151j),,(0.031898561147523874-0.00613913105406844j),-3020.558355338613
8726,8726,10.87259375,0.0076453205347115,(-0.02570766304078089+0.03229802814651969j),,(-0.025707663040786345+0.03229802814651755j),-3019.758419333492
8727,8727,10.87269375,0.0080617894668398,(0.024899742440771547-0.03232544985182885j),,(0.02489974244077201-0.032325449851831126j),-3018.95848332837
8728,8728,10.87279375,0.0087413190951619,(0.014384262692971224-0.02215122330325129j),,(0.014384262692969219-0.022151223303250634j),-3018.158547323249
8729,8729,10.87289375,0.0093629949914361,(0.003009052079719722+0.057845152094579765j),,(0.003009052079717748+0.057845152094577724j),-3017.3586113181277
8730,8730,10.87299375,0.0063481942825274,(-0.0482273680437284-0.031967474073585134j),,(-0.04822736804373025-0.03196747407358498j),-3016.558675313006
8731,8731,10.87309375,0.0069572276436071,(-0.00287109124058673+0.01599443922609545j),,(-0.0028710912405856136+0.015994439226095652j),-3015.7587393078848
8732,8732,10.87319375,0.0077194049593958,(-0.0204803215466058+0.07316354951066255j),,(-0.020480321546604965+0.07316354951066195j),-3014.958803302763
8733,8733,10.87329375,0.0079512435797024,(-0.07531982480209677+0.04091570482367749j),,(-0.07531982480209436+0.040915704823677644j),-3014.158867297642
8734,8734,10.87339375,0.0077807655179133,(-0.08284524832600138+0.04435200574203005j),,(-0.08284524832599803+0.044352005742030604j),-3013.35893129252
8735,8735,10.87349375,0.0071928515729569,(-0.035551788187932254+0.019862406317710406j),,(-0.035551788187937396+0.019862406317711793j),-3012.558995287399
8736,8736,10.87359375,0.007562892947174,(-0.028201864328532965-0.0227510513652787j),,(-0.028201864328534092-0.022751051365280335j),-3011.759059282277
8737,8737,10.87369375,0.0078367707993114,(-0.023205857648948582+0.04802575412112809j),,(-0.02320585764894941+0.04802575412113189j),-3010.959123277156
8738,8738,10.87379375,0.0083338491515762,(-0.03609682240573153-0.05535790581864398j),,(-0.036096822405731456-0.0553579058186424j),-3010.1591872720346
8739,8739,10.87389375,0.0073603194800085,(-0.020156272060325782-0.02338083287944213j),,(-0.020156272060326885-0.02338083287944412j),-3009.359251266913
8740,8740,10.87399375,0.0072304376814972,(0.006250852515507009-0.005068872517534802j),,(0.006250852515502884-0.0050688725175358895j),-3008.5593152617917
8741,8741,10.87409375,0.0080757809141705,(0.0745991678452884+0.06700463976776473j),,(0.07459916784528778+0.06700463976776486j),-3007.75937925667
8742,8742,10.87419375,0.0082680411901409,(-0.03937426674334385-0.050307592399315725j),,(-0.0393742667433419-0.05030759239931465j),-3006.9594432515487
8743,8743,10.87429375,0.0062757195137819,(0.016003414053321317-0.01785086162947513j),,(0.016003414053319204-0.01785086162947597j),-3006.159507246427
8744,8744,10.87439375,0.0068249612953905,(0.05061873211861494-0.02461961654756213j),,(0.05061873211861606-0.024619616547565386j),-3005.3595712413057
8745,8745,10.87449375,0.005849063056698,(-0.005116519164810315-0.009822462582993964j),,(-0.005116519164806885-0.009822462582992587j),-3004.559635236184
8746,8746,10.87459375,0.0042208061319097,(-0.014503675171481696-0.01774084067605857j),,(-0.014503675171483547-0.017740840676056628j),-3003.7596992310628
8747,8747,10.87469375,0.0025551732225836,(-0.022679403567407743-0.017369741091507917j),,(-0.022679403567408555-0.0173697410915085j),-3002.9597632259415
8748,8748,10.87479375,0.003587712674695,(0.04575412072399992-0.05561707219024305j),,(0.045754120723997836-0.05561707219024087j),-3002.15982722082
8749,8749,10.87489375,0.0052285289981437,(0.012119917806894833-0.06612228174283803j),,(0.012119917806894788-0.06612228174283762j),-3001.3598912156986
8750,8750,10.87499375,0.0042503086504257,(0.038330456069666625-0.005766426427082253j),,(0.03833045606966721-0.005766426427077231j),-3000.559955210577
8751,8751,10.87509375,0.0054269700368847,(-0.020544948240475744-0.012278761597537243j),,(-0.020544948240477486-0.012278761597538247j),-2999.7600192054556
8752,8752,10.87519375,0.006317173024971,(0.032264628568743264+0.03964094045666762j),,(0.03226462856874627+0.03964094045666587j),-2998.960083200334
8753,8753,10.87529375,0.0079039685825435,(0.0414915828345689-0.027842421433321437j),,(0.04149158283456851-0.027842421433319484j),-2998.1601471952126
8754,8754,10.87539375,0.0056161472409779,(-0.05830360023803175+0.013936287309059658j),,(-0.058303600238029475+0.013936287309065515j),-2997.360211190091
8755,8755,10.87549375,0.0045611081535242,(0.010523197407775695-0.05955600903162802j),,(0.010523197407774314-0.059556009031629255j),-2996.5602751849697
8756,8756,10.87559375,0.0043267306022602,(0.01574713968742221-0.0006578717570071071j),,(0.015747139687421908-0.0006578717570080786j),-2995.7603391798484
8757,8757,10.87569375,0.0043980334330679,(-0.006413024777784958-0.026816177459769112j),,(-0.00641302477778515-0.026816177459769677j),-2994.9604031747267
8758,8758,10.87579375,0.0005161769937244,(-0.0297981630458425-0.05625228882832011j),,(-0.029798163045839925-0.05625228882831666j),-2994.1604671696055
8759,8759,10.87589375,-0.0010061117834418,(0.01915998390017593+0.026278000700012027j),,(0.01915998390017477+0.026278000700014723j),-2993.3605311644837
8760,8760,10.87599375,0.0004441559280994,(0.024119176488790105+0.07513081990741688j),,(0.02411917648878616+0.0751308199074192j),-2992.5605951593625
8761,8761,10.87609375,0.0028040313527266,(-0.024108409347312156+0.08017762247147979j),,(-0.024108409347313522+0.08017762247148162j),-2991.760659154241
8762,8762,10.87619375,0.0026106171782083,(-0.0754422346245329-0.10795072012646714j),,(-0.07544223462453545-0.1079507201264654j),-2990.9607231491195
8763,8763,10.87629375,0.0022652050578109,(0.013696531385035803-0.013720579033671987j),,(0.01369653138503677-0.013720579033669925j),-2990.160787143998
8764,8764,10.87639375,0.0037356740498794,(-0.07952351603884962+0.03549157925826863j),,(-0.0795235160388498+0.035491579258270914j),-2989.3608511388766
8765,8765,10.87649375,0.0042125586386166,(-0.03348379664259599+0.042001164010823315j),,(-0.03348379664259883+0.04200116401082011j),-2988.5609151337553
8766,8766,10.87659375,0.0052855260140604,(0.009581045634640854+0.015669203132004032j),,(0.00958104563464076+0.01566920313200428j),-2987.7609791286336
8767,8767,10.87669375,0.0041112674208208,(-0.005027373160859505+0.010205751596840076j),,(-0.0050273731608596545+0.010205751596838574j),-2986.9610431235124
8768,8768,10.87679375,0.0046997054573716,(-0.13905331627914952+0.05022865326660121j),,(-0.1390533162791516+0.05022865326660099j),-2986.1611071183906
8769,8769,10.87689375,0.0029640176704895,(0.006911287538815512-0.051353765232770854j),,(0.006911287538814977-0.05135376523277423j),-2985.3611711132694
8770,8770,10.87699375,0.0028207735129561,(0.03912279303712398-0.02169249966593553j),,(0.03912279303712563-0.02169249966593146j),-2984.5612351081477
8771,8771,10.87709375,0.0025064095603439,(0.033364494746477256-0.03293087072046124j),,(0.03336449474648181-0.03293087072046317j),-2983.7612991030264
8772,8772,10.87719375,0.0034651569859918,(-0.031172404228889956+0.034777549188760866j),,(-0.031172404228888055+0.03477754918876423j),-2982.9613630979047
8773,8773,10.87729375,0.0015620142284016,(-0.018836245015643835-0.03783642097863186j),,(-0.018836245015648068-0.03783642097863563j),-2982.1614270927835
8774,8774,10.87739375,-0.0001141322072433,(-0.01902692747113289+0.036397402810050036j),,(-0.019026927471133187+0.036397402810050286j),-2981.361491087662
8775,8775,10.87749375,0.0004609117222438,(-0.08751110168907297+0.09496807982382734j),,(-0.08751110168907424+0.0949680798238294j),-2980.5615550825405
8776,8776,10.87759375,0.0034047712665859,(0.0003728035589687564-0.06171137311210153j),,(0.00037280355896721074-0.061711373112098816j),-2979.7616190774193
8777,8777,10.87769375,0.0035485039300532,(-0.03622225679632997+0.03389991102382898j),,(-0.03622225679633187+0.03389991102382427j),-2978.9616830722975
8778,8778,10.87779375,0.003107392126064,(0.08882456639555651+0.08758659071702067j),,(0.08882456639555388+0.08758659071702153j),-2978.1617470671763
8779,8779,10.87789375,0.0047084073032034,(0.028735783198102553-0.02215389817550712j),,(0.028735783198104423-0.02215389817550932j),-2977.3618110620546
8780,8780,10.87799375,0.006522345412277,(-0.010311240971623196+0.03993598293088897j),,(-0.010311240971624336+0.03993598293089012j),-2976.5618750569333
8781,8781,10.87809375,0.0101469338256817,(-0.005237092668989435+0.05264545108764598j),,(-0.005237092668989397+0.05264545108764499j),-2975.7619390518116
8782,8782,10.87819375,0.0076153119298567,(0.03125101049874205+0.04951867487197062j),,(0.03125101049874056+0.04951867487197066j),-2974.9620030466904
8783,8783,10.87829375,0.0057550798917138,(0.011028098998777575-0.05892458105474762j),,(0.01102809899878001-0.058924581054746766j),-2974.162067041569
8784,8784,10.87839375,0.0032173004095002,(0.01930228737783368+0.033548484552777924j),,(0.019302287377832423+0.033548484552778084j),-2973.3621310364474
8785,8785,10.87849375,0.0047580993062912,(-0.01681478582381652+0.013987143481786691j),,(-0.01681478582381572+0.013987143481786243j),-2972.562195031326
8786,8786,10.87859375,0.0048802213437683,(-0.007841523031558143-0.011445444911690576j),,(-0.00784152303155342-0.011445444911695406j),-2971.7622590262044
8787,8787,10.87869375,0.0020841022378963,(-0.00017943111901677807-0.032115830827143046j),,(-0.00017943111901219146-0.03211583082713922j),-2970.962323021083
8788,8788,10.87879375,0.0025839817947781,(-0.06343101455664071+0.04932049022414251j),,(-0.0634310145566389+0.04932049022413848j),-2970.1623870159615
8789,8789,10.87889375,0.002250737300807,(-0.028710677623342114-0.009222071299722774j),,(-0.028710677623341112-0.009222071299723855j),-2969.3624510108402
8790,8790,10.87899375,0.0052161824633287,(0.03701584889839177+0.02616254650070263j),,(0.03701584889839221+0.02616254650070686j),-2968.5625150057185
8791,8791,10.87909375,0.0050686906519558,(-0.05452689199244293-0.04872125596250671j),,(-0.05452689199244537-0.0487212559625097j),-2967.7625790005973
8792,8792,10.87919375,0.0069843089975681,(0.04316750714476354-0.12522407326405266j),,(0.0431675071447626-0.12522407326405263j),-2966.962642995476
8793,8793,10.87929375,0.007911380670299,(0.003917090026518293+0.08330553823315903j),,(0.003917090026515177+0.0833055382331591j),-2966.1627069903543
8794,8794,10.87939375,0.0085541672408648,(0.0940897082645924+0.04877875196799189j),,(0.09408970826458997+0.04877875196799552j),-2965.362770985233
8795,8795,10.87949375,0.010406506290885,(-0.028341609105151627+0.016158186143826015j),,(-0.028341609105151832+0.016158186143819548j),-2964.5628349801113
8796,8796,10.87959375,0.0116127462806255,(0.04710858121810977+0.0324538677218011j),,(0.04710858121811327+0.032453867721803135j),-2963.76289897499
8797,8797,10.87969375,0.008470976053546,(-0.0438992319057462+0.016359225907398023j),,(-0.04389923190574718+0.016359225907396753j),-2962.9629629698684
8798,8798,10.87979375,0.0074330250721403,(0.1450668908425753-0.05496067674410652j),,(0.14506689084257612-0.05496067674410906j),-2962.163026964747
8799,8799,10.87989375,0.0065238286108649,(0.0038670573466402965+0.06313618094085033j),,(0.0038670573466404283+0.06313618094085229j),-2961.363090959626
8800,8800,10.87999375,0.0073178660925383,(0.04216655370398216+0.003164942303619838j),,(0.04216655370398391+0.003164942303621552j),-2960.563154954504
8801,8801,10.88009375,0.0062620067168217,(-0.029915225208555843+0.08885585697824522j),,(-0.02991522520855736+0.08885585697824287j),-2959.763218949383
8802,8802,10.88019375,0.0037118481022483,(-0.0939334719467618-0.04198147000122479j),,(-0.09393347194676069-0.04198147000122647j),-2958.963282944261
8803,8803,10.88029375,0.0051352736444212,(-0.06021990949452535-0.062269994563980025j),,(-0.06021990949452504-0.06226999456398133j),-2958.16334693914
8804,8804,10.88039375,0.0072491678924062,(0.033168352049244045-0.0495997442184999j),,(0.033168352049246445-0.04959974421850067j),-2957.3634109340182
8805,8805,10.88049375,0.0079743487640389,(-0.027368447560386033-0.0835112325606955j),,(-0.027368447560386557-0.08351123256069522j),-2956.563474928897
8806,8806,10.88059375,0.0070370095219471,(0.042696411037746865+0.05977377637356848j),,(0.042696411037746775+0.05977377637357059j),-2955.7635389237753
8807,8807,10.88069375,0.0074887319355724,(0.022015370627219692-0.002275667265076697j),,(0.022015370627220525-0.0022756672650754146j),-2954.963602918654
8808,8808,10.88079375,0.0092756269973141,(-0.05428732555165623+0.04136587965842753j),,(-0.0542873255516584+0.0413658796584298j),-2954.163666913533
8809,8809,10.88089375,0.0103949046741474,(-0.02126822457447122-0.08221435782022202j),,(-0.02126822457446446-0.08221435782021982j),-2953.363730908411
8810,8810,10.88099375,0.0097431095916424,(-0.043717259964701216+0.0090631710256775j),,(-0.043717259964703103+0.009063171025677129j),-2952.56379490329
8811,8811,10.88109375,0.0091749872329233,(0.014247284415231286+0.008323413986393333j),,(0.014247284415235678+0.008323413986399249j),-2951.763858898168
8812,8812,10.88119375,0.007613650508298,(0.004742794089521937-0.06696109552757788j),,(0.004742794089518613-0.06696109552757579j),-2950.963922893047
8813,8813,10.88129375,0.007444009309076,(0.02269206807604633-0.04271620604304189j),,(0.0226920680760484-0.04271620604304029j),-2950.163986887925
8814,8814,10.88139375,0.0079744452731552,(-0.0758193530265411-0.0940903127718249j),,(-0.0758193530265432-0.0940903127718224j),-2949.364050882804
8815,8815,10.88149375,0.0064989682318882,(0.00661428572217544-0.036725312891112714j),,(0.006614285722172569-0.036725312891113325j),-2948.564114877682
8816,8816,10.88159375,0.0052267974968252,(0.030387605297355298+0.017340911426070787j),,(0.030387605297357373+0.017340911426072143j),-2947.764178872561
8817,8817,10.88169375,0.0071587173630948,(0.04621193325710798+0.016703347025863468j),,(0.04621193325710658+0.016703347025864693j),-2946.9642428674397
8818,8818,10.88179375,0.0076518883791536,(-0.04485449251480075+0.07430431612970843j),,(-0.044854492514803626+0.07430431612970868j),-2946.164306862318
8819,8819,10.88189375,0.0076850596324397,(0.09086400788370526+0.054843459713676115j),,(0.09086400788370656+0.05484345971367398j),-2945.3643708571967
8820,8820,10.88199375,0.0066139799670889,(0.0021901029447541423+0.10474606981774887j),,(0.0021901029447551276+0.10474606981775171j),-2944.564434852075
8821,8821,10.88209375,0.0080345679684429,(-0.023854319631691146+0.0010318070815754435j),,(-0.02385431963169535+0.0010318070815736203j),-2943.7644988469538
8822,8822,10.88219375,0.0078406614082,(0.08572952141953191-0.0017582130622403602j),,(0.08572952141952839-0.0017582130622429623j),-2942.964562841832
8823,8823,10.88229375,0.0057816413922049,(-0.04229741238406173+0.05437376942007836j),,(-0.04229741238406309+0.05437376942007775j),-2942.164626836711
8824,8824,10.88239375,0.0068950889648297,(-0.03972203385998393+0.006091576348695796j),,(-0.039722033859982915+0.006091576348694151j),-2941.364690831589
8825,8825,10.88249375,0.0088420257519277,(-0.0040095944166137895+0.0063295860212535995j),,(-0.004009594416615109+0.006329586021247961j),-2940.564754826468
8826,8826,10.88259375,0.0082684693052149,(-0.01439139817537419-0.010453289598924682j),,(-0.01439139817537279-0.01045328959892688j),-2939.7648188213466
8827,8827,10.88269375,0.007505765564625,(-0.07546234784465658-0.015684348703391734j),,(-0.07546234784465727-0.01568434870338994j),-2938.964882816225
8828,8828,10.88279375,0.0049810904015061,(-0.004214187466019-0.004103138563260767j),,(-0.0042141874660184785-0.004103138563256525j),-2938.1649468111036
8829,8829,10.88289375,0.0079933775382604,(0.0047439974841914055+0.07625083296490962j),,(0.004743997484189407+0.07625083296491154j),-2937.365010805982
8830,8830,10.88299375,0.0065577944319215,(-0.10327257195073657-0.012881338317943272j),,(-0.10327257195074108-0.012881338317942609j),-2936.5650748008607
8831,8831,10.88309375,0.003877230860365,(-0.041306357013519326-0.0173016468084875j),,(-0.04130635701351694-0.017301646808485737j),-2935.765138795739
8832,8832,10.88319375,0.0013555289001137,(-0.028946000825106524-0.0380897936044203j),,(-0.028946000825109754-0.03808979360441796j),-2934.9652027906177
8833,8833,10.88329375,0.0008582333047461,(-0.025675115914615437+0.11580471016017231j),,(-0.025675115914611725+0.11580471016017196j),-2934.165266785496
8834,8834,10.88339375,0.0040404169427894,(-0.057591663806693214-0.02434172386022247j),,(-0.05759166380668809-0.024341723860219953j),-2933.3653307803747
8835,8835,10.88349375,0.003174904340546,(0.02028249533770191+0.0008825094224845908j),,(0.020282495337704216+0.0008825094224858129j),-2932.5653947752535
8836,8836,10.88359375,0.0035844141791789,(0.016673259073448455-0.04882943182528269j),,(0.016673259073450273-0.048829431825281794j),-2931.7654587701318
8837,8837,10.88369375,0.0050687470195373,(-0.017872729460079353-0.06268118189562508j),,(-0.01787272946007903-0.06268118189562508j),-2930.9655227650105
8838,8838,10.88379375,0.0060162255779571,(-0.0659604406168493+0.012486203841360212j),,(-0.06596044061685477+0.012486203841359855j),-2930.165586759889
8839,8839,10.88389375,0.0073715451963353,(0.006828029351873217-0.035467332852046056j),,(0.006828029351870947-0.03546733285204773j),-2929.3656507547676
8840,8840,10.88399375,0.0056436604622587,(-0.0042633844978574725-0.05906509786933668j),,(-0.004263384497855998-0.05906509786933829j),-2928.565714749646
8841,8841,10.88409375,0.0062607581041666,(0.024028991729307773+0.0016716505513675707j),,(0.024028991729306514+0.0016716505513687478j),-2927.7657787445246
8842,8842,10.88419375,0.0023739877123539,(-0.06647252390937487-0.08181980526129716j),,(-0.06647252390937426-0.08181980526129536j),-2926.965842739403
8843,8843,10.88429375,0.0036937061828369,(0.008401200666518189+0.08262363452818244j),,(0.008401200666521804+0.08262363452817767j),-2926.1659067342816
8844,8844,10.88439375,0.0011153596589935,(-0.08241246712106694-0.0703714330116374j),,(-0.0824124671210696-0.07037143301164049j),-2925.3659707291604
8845,8845,10.88449375,0.0019564785262502,(-0.00847919630991295-0.020046764148580608j),,(-0.00847919630991344-0.0200467641485825j),-2924.5660347240387
8846,8846,10.88459375,-0.0006646089021816,(0.018884348760150958+0.0191388667530999j),,(0.01888434876015253+0.01913886675309915j),-2923.7660987189174
8847,8847,10.88469375,0.0012616604254166,(-0.004900000114649724-0.024069861945848387j),,(-0.00490000011465088-0.02406986194584988j),-2922.9661627137957
8848,8848,10.88479375,0.0019189989272577,(0.02990556409291356-0.025490188435178536j),,(0.02990556409291409-0.02549018843517822j),-2922.1662267086745
8849,8849,10.88489375,0.0034165939916721,(0.060811728492712616-0.04579323804174992j),,(0.060811728492711735-0.04579323804174937j),-2921.3662907035527
8850,8850,10.88499375,0.0020469541475025,(-0.028055757841732663-0.040830735513434496j),,(-0.028055757841733947-0.040830735513440956j),-2920.5663546984315
8851,8851,10.88509375,0.0033370529298095,(0.08594461923742253-0.05936662466517914j),,(0.0859446192374214-0.05936662466517998j),-2919.76641869331
8852,8852,10.88519375,0.0055471975445367,(-0.009235073487408775+0.033439766964956874j),,(-0.009235073487409595+0.03343976696495671j),-2918.9664826881885
8853,8853,10.88529375,0.0061787031580808,(0.04833943258335516+0.01919031718934215j),,(0.04833943258335842+0.019190317189341517j),-2918.1665466830673
8854,8854,10.88539375,0.0053294582200956,(-0.03288421141594558-0.026881662603363547j),,(-0.032884211415945226-0.0268816626033647j),-2917.3666106779456
8855,8855,10.88549375,0.0055144775852458,(0.02876834093422587+0.020302919758512273j),,(0.028768340934226207+0.02030291975851432j),-2916.5666746728243
8856,8856,10.88559375,0.0056028191005577,(0.033548521765695095+0.008233860510467171j),,(0.03354852176569429+0.00823386051046498j),-2915.7667386677026
8857,8857,10.88569375,0.0027897257506734,(-0.007779058694518726-0.0656376421261918j),,(-0.007779058694520471-0.06563764212619326j),-2914.9668026625814
8858,8858,10.88579375,0.0029307288604209,(0.018228013240918665+0.016224485088311834j),,(0.018228013240919494+0.016224485088308347j),-2914.1668666574597
8859,8859,10.88589375,0.0016323660715509,(-0.05808552602054605+0.0749523340941997j),,(-0.05808552602054764+0.07495233409419917j),-2913.3669306523384
8860,8860,10.88599375,0.0028189312438321,(0.05891487338846357-0.06741814448341082j),,(0.05891487338845999-0.06741814448341027j),-2912.5669946472167
8861,8861,10.88609375,0.0011616689374526,(-0.004204085162132217+0.0648231785376334j),,(-0.004204085162135128+0.06482317853763214j),-2911.7670586420954
8862,8862,10.88619375,0.0019092127611427,(-0.04704070584614553-0.004929841135334161j),,(-0.04704070584614466-0.004929841135333849j),-2910.967122636974
8863,8863,10.88629375,0.0024469063976376,(0.018757219987595403+0.051805567526155956j),,(0.018757219987596475+0.05180556752615488j),-2910.1671866318525
8864,8864,10.88639375,0.0037334805883352,(-0.04999472218600843-0.00627257974511514j),,(-0.04999472218600637-0.006272579745115008j),-2909.367250626731
8865,8865,10.88649375,0.005223129096562,(0.036455535899821846-0.019483200347919935j),,(0.036455535899823935-0.019483200347920615j),-2908.5673146216095
8866,8866,10.88659375,0.0068491206321626,(-0.048059357408073655+0.04870915461368575j),,(-0.04805935740807464+0.0487091546136841j),-2907.7673786164883
8867,8867,10.88669375,0.0068850086408001,(-0.05458573748598664+0.0029213783510692627j),,(-0.0545857374859891+0.0029213783510718266j),-2906.9674426113666
8868,8868,10.88679375,0.0067093201004888,(-0.07718034522071089-0.06673600500671549j),,(-0.07718034522071446-0.06673600500671872j),-2906.1675066062453
8869,8869,10.88689375,0.0081421129516596,(0.03683615232932783-0.04974837729997193j),,(0.03683615232932598-0.04974837729997253j),-2905.367570601124
8870,8870,10.88699375,0.0065642467072154,(0.028618908793932075-0.03774081655455476j),,(0.028618908793935242-0.03774081655455733j),-2904.5676345960023
8871,8871,10.88709375,0.0048566662744801,(0.010004708236414975-0.03732777787980883j),,(0.010004708236415959-0.03732777787981253j),-2903.767698590881
8872,8872,10.88719375,0.0036413078765814,(-0.07405097242059304+0.07606314592328745j),,(-0.07405097242059307+0.07606314592328532j),-2902.9677625857594
8873,8873,10.88729375,0.0050845254075124,(0.05877932075138247+0.020529075523870902j),,(0.05877932075138398+0.020529075523868345j),-2902.167826580638
8874,8874,10.88739375,0.0032988220929747,(0.02024701070968004+0.03381307466146541j),,(0.020247010709680918+0.033813074661464576j),-2901.3678905755164
8875,8875,10.88749375,0.0030027729695312,(-0.11263587216870603-0.031023144544203497j),,(-0.11263587216870435-0.031023144544197072j),-2900.567954570395
8876,8876,10.88759375,0.0039169558819407,(-0.037131372494982016-0.08500258127597772j),,(-0.03713137249498016-0.08500258127598118j),-2899.7680185652735
8877,8877,10.88769375,0.0065875503357424,(0.06203091432076259-0.0533737605259139j),,(0.06203091432076252-0.05337376052591239j),-2898.968082560152
8878,8878,10.88779375,0.0077062122760082,(-0.06982256915570251+0.06958531833775639j),,(-0.06982256915570342+0.06958531833776004j),-2898.168146555031
8879,8879,10.88789375,0.0078253954719079,(0.04223104149241725-0.034335551638935355j),,(0.04223104149241525-0.03433555163893215j),-2897.3682105499092
8880,8880,10.88799375,0.008161209180937,(-0.010688174049454774-0.0028095265647826552j),,(-0.010688174049454033-0.00280952656477796j),-2896.568274544788
8881,8881,10.88809375,0.0094484939596976,(-0.05546527840517394-0.053629663050812584j),,(-0.055465278405176455-0.05362966305080899j),-2895.7683385396663
8882,8882,10.88819375,0.0101459989043475,(0.03484681996636337+0.041699673283815054j),,(0.03484681996636336+0.04169967328381831j),-2894.968402534545
8883,8883,10.88829375,0.0082622501907891,(0.01579158290357504-0.025722915190223447j),,(0.015791582903573926-0.025722915190222934j),-2894.1684665294233
8884,8884,10.88839375,0.0070926428367075,(0.04025219467417585+0.060326167243048553j),,(0.04025219467417662+0.060326167243046944j),-2893.368530524302
8885,8885,10.88849375,0.0061008870686376,(-0.04143085963463078+0.03262028193495763j),,(-0.041430859634629405+0.03262028193495868j),-2892.5685945191804
8886,8886,10.88859375,0.0070096426328971,(-0.04490777000009849+0.05505447730478784j),,(-0.04490777000009867+0.055054477304782835j),-2891.768658514059
8887,8887,10.88869375,0.0063200210219561,(-0.030375411237296545-0.06073609189793834j),,(-0.030375411237295574-0.060736091897936814j),-2890.968722508938
8888,8888,10.88879375,0.0062109306378277,(-0.02746906541255866+0.03238461284018263j),,(-0.02746906541255605+0.032384612840184665j),-2890.168786503816
8889,8889,10.88889375,0.0059106371986894,(-0.036459380928314924-0.004007863375376756j),,(-0.03645938092831681-0.004007863375373389j),-2889.368850498695
8890,8890,10.88899375,0.0072186727736465,(-0.014110126317160264-0.08274750247822374j),,(-0.014110126317160295-0.08274750247822338j),-2888.568914493573
8891,8891,10.88909375,0.0078246283520877,(0.02044948914631383+0.034192974204851886j),,(0.02044948914631098+0.03419297420484944j),-2887.768978488452
8892,8892,10.88919375,0.0080399780856741,(0.04754269158852491-0.03453016231815375j),,(0.04754269158852274-0.03453016231815739j),-2886.96904248333
8893,8893,10.88929375,0.0077202748188447,(0.015756561575312168-0.009710675101961793j),,(0.01575656157531506-0.009710675101957885j),-2886.169106478209
8894,8894,10.88939375,0.0084023218554653,(-0.03544250872277754+0.022594859762960946j),,(-0.03544250872277924+0.022594859762963704j),-2885.3691704730873
8895,8895,10.88949375,0.0092415102736407,(-0.05459652449911963-0.02370960037888904j),,(-0.0545965244991182-0.023709600378888432j),-2884.569234467966
8896,8896,10.88959375,0.0085847845422931,(0.03761901188195454+0.05525920378370387j),,(0.037619011881954684+0.055259203783705885j),-2883.7692984628447
8897,8897,10.88969375,0.0064486009932534,(0.013079370533852186-0.008410831415691551j),,(0.013079370533855886-0.00841083141568778j),-2882.969362457723
8898,8898,10.88979375,0.0059524705643607,(0.0565246562298099+0.03570524118841394j),,(0.05652465622980956+0.03570524118841626j),-2882.169426452602
8899,8899,10.88989375,0.0081272824257064,(-0.001458651075677257-0.018824095586402176j),,(-0.0014586510756732143-0.018824095586400892j),-2881.36949044748
8900,8900,10.88999375,0.0072290139183667,(0.051329395287753724+0.011401428315572604j),,(0.05132939528775602+0.011401428315572271j),-2880.569554442359
8901,8901,10.89009375,0.0068884457398431,(0.02413324653004252+0.027801930703667127j),,(0.024133246530045265+0.027801930703664095j),-2879.769618437237
8902,8902,10.89019375,0.0064563198714966,(-0.06220452795939055+0.0327405542107861j),,(-0.06220452795939205+0.032740554210784166j),-2878.969682432116
8903,8903,10.89029375,0.0091258519594714,(0.007397494742658193-0.08020655003109838j),,(0.007397494742659778-0.08020655003109642j),-2878.169746426994
8904,8904,10.89039375,0.0077660800022657,(-0.022537139883193762+0.0018438437714870504j),,(-0.022537139883195077+0.0018438437714859012j),-2877.369810421873
8905,8905,10.89049375,0.007385919183984,(-0.04638729215272658+0.015278805990350168j),,(-0.04638729215272545+0.015278805990351434j),-2876.5698744167516
8906,8906,10.89059375,0.0076257893147397,(-0.006856950882131449+0.012033354691876452j),,(-0.006856950882131531+0.012033354691875702j),-2875.76993841163
8907,8907,10.89069375,0.0081975403299395,(0.02655221841012561+0.09160830027634115j),,(0.0265522184101252+0.09160830027634143j),-2874.9700024065087
8908,8908,10.89079375,0.0074571974148433,(0.02214149273393167-0.0233404851828261j),,(0.02214149273393727-0.023340485182827952j),-2874.170066401387
8909,8909,10.89089375,0.0073402872720389,(-0.0028379524775978965-0.04012962752004009j),,(-0.0028379524775969597-0.04012962752004249j),-2873.3701303962657
8910,8910,10.89099375,0.0057118876771442,(0.07839075244158317+0.09365644082679783j),,(0.07839075244158314+0.0936564408268029j),-2872.570194391144
8911,8911,10.89109375,0.0073999009444149,(-0.009407747180137947+0.1240823265607186j),,(-0.009407747180138957+0.12408232656071738j),-2871.7702583860228
8912,8912,10.89119375,0.0048602392404595,(-0.009955297527068663-0.04942562134978492j),,(-0.009955297527066772-0.04942562134978165j),-2870.970322380901
8913,8913,10.89129375,0.0055466516530174,(-0.028739915169398722-0.08199521384821976j),,(-0.02873991516939857-0.08199521384821648j),-2870.17038637578
8914,8914,10.89139375,0.0037060183290644,(0.03512237066296994+0.1290471402207725j),,(0.035122370662970644+0.12904714022077246j),-2869.3704503706585
8915,8915,10.89149375,0.0052508008455003,(0.002012421832982561+0.005005337913406661j),,(0.0020124218329844435+0.005005337913402871j),-2868.570514365537
8916,8916,10.89159375,0.0052131413154324,(0.018543476427029575-0.0003528519773774658j),,(0.018543476427029294-0.00035285197737277077j),-2867.7705783604156
8917,8917,10.89169375,0.0042659722549625,(-0.015157893187857345-0.04321904237104532j),,(-0.015157893187854533-0.04321904237104952j),-2866.970642355294
8918,8918,10.89179375,0.0030977163448411,(-0.016943867005570483-0.0336064165668489j),,(-0.016943867005567156-0.03360641656684731j),-2866.1707063501726
8919,8919,10.89189375,0.004092337009685,(0.004938919673795026+0.022187889780383843j),,(0.004938919673796686+0.022187889780389054j),-2865.370770345051
8920,8920,10.89199375,0.0048259667577158,(-0.03982603436937014+0.010200930586288808j),,(-0.03982603436936639+0.010200930586289389j),-2864.5708343399297
8921,8921,10.89209375,0.0046534134797464,(0.06362539925064559+0.003088982480584042j),,(0.06362539925064856+0.003088982480582328j),-2863.770898334808
8922,8922,10.89219375,0.0045663111813154,(0.033861205078935086-0.06598651904214614j),,(0.03386120507894058-0.0659865190421468j),-2862.9709623296867
8923,8923,10.89229375,0.0051268987043135,(-0.05504032886620293-0.045852473645403735j),,(-0.05504032886620262-0.04585247364540411j),-2862.1710263245654
8924,8924,10.89239375,0.0039151851115183,(0.020432434689570796-0.04821143791367754j),,(0.020432434689570886-0.048211437913679836j),-2861.3710903194437
8925,8925,10.89249375,0.0035876869012063,(-0.023632637700957915+0.02129539996241479j),,(-0.023632637700955708+0.021295399962413312j),-2860.5711543143225
8926,8926,10.89259375,0.0054512030475073,(-0.04627070335738173-0.028264772563478667j),,(-0.04627070335738552-0.028264772563481404j),-2859.771218309201
8927,8927,10.89269375,0.0035443955848013,(0.08976322501287046+0.005437470750326509j),,(0.08976322501286527+0.005437470750325878j),-2858.9712823040795
8928,8928,10.89279375,0.0031584228052277,(-0.0850182000661949-0.029493189633907298j),,(-0.08501820006619622-0.029493189633905993j),-2858.171346298958
8929,8929,10.89289375,0.002157146799459,(0.056701442766462676-0.03936253618840813j),,(0.056701442766464216-0.03936253618840886j),-2857.3714102938366
8930,8930,10.89299375,0.002629597596711,(-0.003594165095979434-0.012562402701072803j),,(-0.0035941650959752263-0.01256240270107168j),-2856.571474288715
8931,8931,10.89309375,0.0032163074941823,(-0.13398035670389788-0.07865583367024452j),,(-0.13398035670390432-0.07865583367024324j),-2855.7715382835936
8932,8932,10.89319375,0.0027656801615993,(0.05103592689091072+0.015719667466228552j),,(0.05103592689090995+0.015719667466226564j),-2854.9716022784723
8933,8933,10.89329375,0.0017773025552869,(-0.013306376396171887-0.013762936356096506j),,(-0.013306376396170426-0.013762936356098866j),-2854.1716662733506
8934,8934,10.89339375,0.0020437754416047,(0.0659429767746102-0.06551930360901849j),,(0.06594297677460566-0.065519303609022j),-2853.3717302682294
8935,8935,10.89349375,0.0036543864471402,(-0.05408706997929197+0.015169692338916053j),,(-0.05408706997929276+0.015169692338912123j),-2852.5717942631077
8936,8936,10.89359375,0.0046539312851557,(0.023595497565470167-0.009283017945567684j),,(0.023595497565463853-0.009283017945566109j),-2851.7718582579864
8937,8937,10.89369375,0.0035552117636823,(-0.09487750785165812-0.012979881227053364j),,(-0.09487750785165802-0.012979881227053031j),-2850.9719222528647
8938,8938,10.89379375,0.0022570704119529,(-0.0017323015636134557+0.025311820448247577j),,(-0.0017323015636129782+0.02531182044825066j),-2850.1719862477435
8939,8939,10.89389375,0.0031763803917952,(-0.04720328147952077-0.05958626492369601j),,(-0.047203281479520444-0.059586264923698326j),-2849.372050242622
8940,8940,10.89399375,0.0043606963678653,(0.12115502273602204+0.052483665909501244j),,(0.12115502273602272+0.05248366590950193j),-2848.5721142375005
8941,8941,10.89409375,0.0044344789051564,(-0.08706009339612644-0.053867450132667104j),,(-0.08706009339612558-0.05386745013266742j),-2847.7721782323792
8942,8942,10.89419375,0.0029287924114485,(-0.01412155512157295+0.07294909969519367j),,(-0.01412155512157618+0.07294909969518948j),-2846.9722422272575
8943,8943,10.89429375,0.0026563941649796,(-0.023394839764942867-0.05139356721361868j),,(-0.023394839764941246-0.051393567213617986j),-2846.1723062221363
8944,8944,10.89439375,0.0030892087302762,(-0.006467125661945357+0.08091778281453262j),,(-0.006467125661943372+0.08091778281453647j),-2845.3723702170146
8945,8945,10.89449375,0.0036062057298539,(0.04573279719045033-0.02796433802949256j),,(0.04573279719045058-0.02796433802949177j),-2844.5724342118933
8946,8946,10.89459375,0.0032438018473742,(-0.018579353325289698+0.05775955748164385j),,(-0.018579353325291276+0.05775955748164337j),-2843.7724982067716
8947,8947,10.89469375,0.0023861566283032,(0.009571385999888155+0.0500211342504806j),,(0.009571385999888193+0.05002113425048363j),-2842.9725622016504
8948,8948,10.89479375,0.0028001014405886,(-0.030626554313791333-0.1325789484926137j),,(-0.030626554313790216-0.1325789484926131j),-2842.172626196529
8949,8949,10.89489375,0.0032764329434293,(0.03315374036983394+0.04669053225860275j),,(0.03315374036983186+0.046690532258603624j),-2841.3726901914074
8950,8950,10.89499375,0.0037153912094805,(0.0256908255900078+0.023356088428155307j),,(0.025690825590006305+0.02335608842815333j),-2840.572754186286
8951,8951,10.89509375,0.0029279953094188,(0.10125432524517398-0.0984074849105438j),,(0.10125432524517325-0.0984074849105447j),-2839.7728181811644
8952,8952,10.89519375,0.0059055705729418,(0.06517045984209897+0.13097590788800087j),,(0.06517045984209702+0.1309759078879997j),-2838.972882176043
8953,8953,10.89529375,0.0071696731030459,(0.14569088151984202-0.06346633001967614j),,(0.1456908815198384-0.06346633001967394j),-2838.1729461709215
8954,8954,10.89539375,0.0067789065966879,(0.008988164129746803+0.09485285201985472j),,(0.008988164129746897+0.09485285201985566j),-2837.3730101658
8955,8955,10.89549375,0.0074673149354978,(-0.01389709309490848-0.012038678991337242j),,(-0.013897093094909553-0.012038678991336099j),-2836.5730741606785
8956,8956,10.89559375,0.0068711402999927,(0.0974798967663585+0.10289475890835852j),,(0.09747989676635561+0.10289475890836029j),-2835.7731381555573
8957,8957,10.89569375,0.0075913399555845,(0.0450324811991954-0.12278680633283262j),,(0.045032481199196665-0.1227868063328357j),-2834.973202150436
8958,8958,10.89579375,0.0058686401411901,(0.09703515022827966-0.003570066476191451j),,(0.09703515022827902-0.003570066476189966j),-2834.1732661453143
8959,8959,10.89589375,0.0055161339506342,(-0.028557424354946962+0.08217059805219579j),,(-0.028557424354946886+0.0821705980521941j),-2833.373330140193
8960,8960,10.89599375,0.0044529266014867,(-0.01992098637798674-0.030612220119445557j),,(-0.019920986377991463-0.030612220119445248j),-2832.5733941350713
8961,8961,10.89609375,0.0030673818842463,(-0.040848877383234936+0.017859592186260445j),,(-0.04084887738323407+0.017859592186261184j),-2831.77345812995
8962,8962,10.89619375,0.0061601865229382,(0.002279583148843966+0.0003719402078053564j),,(0.0022795831488456996+0.00037194020780956005j),-2830.9735221248284
8963,8963,10.89629375,0.0058150956574383,(-0.10628719539213262-0.0806457364387275j),,(-0.10628719539213083-0.08064573643872854j),-2830.173586119707
8964,8964,10.89639375,0.005605049080938,(-0.02068605469103671-0.1423675086554758j),,(-0.020686054691036612-0.14236750865547543j),-2829.3736501145854
8965,8965,10.89649375,0.0056915718131516,(-0.011799022164608049+0.00981699593655454j),,(-0.011799022164609195+0.009816995936553944j),-2828.573714109464
8966,8966,10.89659375,0.0073365897456232,(0.09075353145272894-0.07740026212898418j),,(0.09075353145272846-0.07740026212898601j),-2827.773778104343
8967,8967,10.89669375,0.0085236914278078,(-0.048753851487561714-0.0032077091145451004j),,(-0.04875385148756072-0.0032077091145424723j),-2826.973842099221
8968,8968,10.89679375,0.0087377673812796,(0.02276038418267215-0.023218691081262562j),,(0.022760384182672216-0.02321869108126308j),-2826.1739060941
8969,8969,10.89689375,0.0078991854205231,(0.007902095393856067+0.016927300555330718j),,(0.007902095393857105+0.016927300555326905j),-2825.3739700889782
8970,8970,10.89699375,0.0088703222959948,(-0.02610946465461066+0.03609853692128066j),,(-0.026109464654613068+0.03609853692128065j),-2824.574034083857
8971,8971,10.89709375,0.0082489364938533,(0.07350977976270559-0.07420854884397561j),,(0.0735097797627035-0.0742085488439715j),-2823.7740980787353
8972,8972,10.89719375,0.0091170131225924,(0.023226749855698694+0.023637580729290075j),,(0.023226749855696723+0.023637580729286557j),-2822.974162073614
8973,8973,10.89729375,0.0070697382912928,(-0.04000134190448115-0.016024935572432335j),,(-0.04000134190447881-0.016024935572430104j),-2822.1742260684923
8974,8974,10.89739375,0.0071657382317459,(-0.017337405160078673-0.04177333527480581j),,(-0.01733740516007673-0.04177333527480833j),-2821.374290063371
8975,8975,10.89749375,0.0076241334552733,(0.055820524423755846-0.038220311162652995j),,(0.055820524423753175-0.03822031116265647j),-2820.57435405825
8976,8976,10.89759375,0.0090978045513779,(0.038005686084155416-0.0003430909868111071j),,(0.03800568608415883-0.00034309098681642707j),-2819.774418053128
8977,8977,10.89769375,0.0079919839143311,(0.03751746301989184-0.008556339178691957j),,(0.03751746301989119-0.008556339178694288j),-2818.974482048007
8978,8978,10.89779375,0.0084002516276854,(0.05388533936974117+0.06137914166981105j),,(0.05388533936974228+0.06137914166981191j),-2818.174546042885
8979,8979,10.89789375,0.0073215957458369,(0.08104496484846518+0.0445645149917204j),,(0.08104496484846392+0.04456451499171923j),-2817.374610037764
8980,8980,10.89799375,0.0078120097819644,(-0.0015603453921312089+0.017960005526493787j),,(-0.001560345392127998+0.017960005526491303j),-2816.574674032642
8981,8981,10.89809375,0.0074926697886182,(-0.017039565520759203-0.05485907662669627j),,(-0.017039565520758318-0.05485907662669902j),-2815.774738027521
8982,8982,10.89819375,0.0076386236195756,(0.024370529270078073+0.019840899822685127j),,(0.024370529270080245+0.019840899822680384j),-2814.974802022399
8983,8983,10.89829375,0.0061799200107189,(-0.00566387124009174+0.02276725373919305j),,(-0.005663871240089232+0.022767253739189575j),-2814.174866017278
8984,8984,10.89839375,0.0067188535911947,(0.04315519228056992+0.08133717358780981j),,(0.04315519228056901+0.08133717358781177j),-2813.3749300121567
8985,8985,10.89849375,0.0096345049397603,(0.012691703062740159-0.029704536069976355j),,(0.012691703062738665-0.029704536069977035j),-2812.574994007035
8986,8986,10.89859375,0.0096108330573429,(-0.0009038617256102001+0.01869499142770946j),,(-0.0009038617256091437+0.01869499142770821j),-2811.7750580019137
8987,8987,10.89869375,0.0092211645322846,(-0.06562230673336508+0.07016052035050238j),,(-0.06562230673336261+0.07016052035050338j),-2810.975121996792
8988,8988,10.89879375,0.0097463658504982,(-0.11596522746323587-0.04511005459979566j),,(-0.11596522746323337-0.04511005459979347j),-2810.175185991671
8989,8989,10.89889375,0.0099325625267369,(-0.06491210326868485+0.005180797015076476j),,(-0.06491210326867967+0.005180797015073613j),-2809.375249986549
8990,8990,10.89899375,0.0078807255905087,(0.07433483275070507-0.026021129570264555j),,(0.07433483275070611-0.02602112957026332j),-2808.575313981428
8991,8991,10.89909375,0.005485947735147,(-0.009455081619188895+0.043923392778399j),,(-0.009455081619191058+0.043923392778401564j),-2807.775377976306
8992,8992,10.89919375,0.0045017664073318,(0.018283637450460882+0.0724519205849468j),,(0.01828363745045498+0.07245192058494744j),-2806.975441971185
8993,8993,10.89929375,0.0051922379087759,(-0.022065148613453548-0.049062344616683545j),,(-0.022065148613455807-0.049062344616683046j),-2806.1755059660636
8994,8994,10.89939375,0.0038315790748678,(0.003245082116841371+0.008407299392181324j),,(0.003245082116843312+0.008407299392181124j),-2805.375569960942
8995,8995,10.89949375,0.0034498145919682,(-0.019711229700764558-7.554647803257111e-06j),,(-0.01971122970076645-7.554647803753242e-06j),-2804.5756339558206
8996,8996,10.89959375,0.004462424514942,(-0.11730452537552793-0.025252691358339442j),,(-0.1173045253755309-0.025252691358340115j),-2803.775697950699
8997,8997,10.89969375,0.0056128826431661,(0.022642833939403712-0.07654520935804898j),,(0.02264283393940227-0.07654520935805037j),-2802.9757619455777
8998,8998,10.89979375,0.0058338343200282,(0.030564445995569667+0.1192066065165282j),,(0.03056444599556733+0.11920660651653255j),-2802.175825940456
8999,8999,10.89989375,0.0050067746951537,(0.031496557635281405-0.05429238962159925j),,(0.03149655763528324-0.05429238962159787j),-2801.3758899353347
9000,9000,10.89999375,0.0065100591877191,(0.006201887905729843+0.02510814905639298j),,(0.006201887905732386+0.025108149056388904j),-2800.575953930213
9001,9001,10.90009375,0.0071411771233612,(-0.1452064517307966+0.04663962170909423j),,(-0.14520645173079255+0.04663962170909419j),-2799.7760179250918
9002,9002,10.90019375,0.0061059706801101,(0.015226955359830431+0.02416538779500472j),,(0.015226955359831693+0.024165387795004288j),-2798.9760819199705
9003,9003,10.90029375,0.004579790820688,(-0.13057909881521135+0.04575877916241201j),,(-0.13057909881521207+0.045758779162413j),-2798.176145914849
9004,9004,10.90039375,0.0027536061814979,(-0.0030959926612299238-0.043243397087438774j),,(-0.0030959926612307495-0.043243397087440405j),-2797.3762099097275
9005,9005,10.90049375,0.0027059946308867,(-0.033428502263417446-0.010353216538900457j),,(-0.033428502263419396-0.010353216538899935j),-2796.576273904606
9006,9006,10.90059375,0.0029340321039619,(0.04957638572878035+0.058766790530378435j),,(0.049576385728783666+0.05876679053038033j),-2795.7763378994846
9007,9007,10.90069375,0.0023441073376674,(-0.007147283215022813+0.11768733966950773j),,(-0.007147283215024024+0.11768733966950845j),-2794.976401894363
9008,9008,10.90079375,0.0024220534319839,(0.023099799628962032-0.07795030500491615j),,(0.023099799628965433-0.07795030500491267j),-2794.1764658892416
9009,9009,10.90089375,0.0015345504528288,(-0.00638208625812087+0.0661840258397169j),,(-0.006382086258117701+0.06618402583971811j),-2793.3765298841204
9010,9010,10.90099375,0.0029583055220097,(-0.018765322075637043+0.002639060881371131j),,(-0.018765322075633972+0.0026390608813740635j),-2792.5765938789987
9011,9011,10.90109375,0.0041398718190162,(0.03831989419475923-0.07854647844583702j),,(0.038319894194755996-0.07854647844583953j),-2791.7766578738774
9012,9012,10.90119375,0.0042697159733274,(0.019584215696163032-0.037476128301615015j),,(0.019584215696163483-0.03747612830161246j),-2790.9767218687557
9013,9013,10.90129375,0.0035988044091145,(-0.0016079604501091443+0.0005697396245608905j),,(-0.0016079604501130775+0.0005697396245651536j),-2790.1767858636344
9014,9014,10.90139375,0.0045558561696134,(-0.0825590945380429+0.10354184094428454j),,(-0.08255909453804311+0.103541840944284j),-2789.3768498585127
9015,9015,10.90149375,0.003627227092147,(0.10666916109113045-0.06571162564430778j),,(0.10666916109113259-0.06571162564430498j),-2788.5769138533915
9016,9016,10.90159375,0.0026556097610845,(-0.11106060945792424-0.012844539720717958j),,(-0.11106060945792609-0.012844539720717571j),-2787.77697784827
9017,9017,10.90169375,0.0009039265630521,(0.062095936349287666-0.052179856672326275j),,(0.06209593634928549-0.05217985667232667j),-2786.9770418431485
9018,9018,10.90179375,0.003230685476236,(-0.03685607414705615-0.07998380194678725j),,(-0.03685607414705508-0.07998380194678888j),-2786.1771058380273
9019,9019,10.90189375,0.004283303029718,(-0.014694034941629488-0.01422684742542334j),,(-0.014694034941627444-0.014226847425419107j),-2785.3771698329056
9020,9020,10.90199375,0.0040184555569668,(0.11003498644149648-0.07347127018835004j),,(0.11003498644149703-0.07347127018834626j),-2784.5772338277843
9021,9021,10.90209375,0.0025484359933721,(-0.0126883562755567-0.12070448275346204j),,(-0.012688356275557415-0.12070448275345977j),-2783.7772978226626
9022,9022,10.90219375,0.0025512522119541,(-0.044817267455282334+0.022518573049061928j),,(-0.04481726745528254+0.022518573049056592j),-2782.9773618175414
9023,9023,10.90229375,0.0026529537081711,(0.06297369070593895-0.054325252194788946j),,(0.06297369070593388-0.054325252194788225j),-2782.1774258124196
9024,9024,10.90239375,0.0017947673479697,(0.0477401897046089+0.10242208026718297j),,(0.04774018970460762+0.10242208026718515j),-2781.3774898072984
9025,9025,10.90249375,0.0011229042126218,(0.040188800564497966-0.025010405326423932j),,(0.04018880056449894-0.025010405326430417j),-2780.5775538021767
9026,9026,10.90259375,0.0027594389400344,(0.05089826208190382+0.028980114105163726j),,(0.05089826208189981+0.028980114105164868j),-2779.7776177970554
9027,9027,10.90269375,0.0025928308392665,(-0.031701535567469824-0.039058415151575j),,(-0.03170153556747258-0.03905841515157768j),-2778.977681791934
9028,9028,10.90279375,0.0048851462805646,(0.054650973570122566+0.05727643037504004j),,(0.05465097357012265+0.05727643037504062j),-2778.1777457868125
9029,9029,10.90289375,0.0047520602581338,(0.035506463714465884-0.04771302369767596j),,(0.03550646371446615-0.04771302369767595j),-2777.377809781691
9030,9030,10.90299375,0.0063295525800328,(-0.023072017076193694+0.07815208120825343j),,(-0.023072017076189097+0.07815208120825472j),-2776.5778737765695
9031,9031,10.90309375,0.0043919191611155,(-0.05148383725790541+0.01667097470618089j),,(-0.05148383725790827+0.016670974706179915j),-2775.7779377714483
9032,9032,10.90319375,0.0047074773937514,(-0.0924045260433776-0.026398578474090263j),,(-0.09240452604337757-0.02639857847409293j),-2774.9780017663265
9033,9033,10.90329375,0.0028846372602379,(-0.008312002078857208+0.034716285241394404j),,(-0.008312002078857104+0.0347162852413947j),-2774.1780657612053
9034,9034,10.90339375,0.0044599790809744,(0.13598639561663287-0.08615822746209595j),,(0.13598639561663228-0.08615822746210096j),-2773.3781297560836
9035,9035,10.90349375,0.0039870019002146,(0.02357752521126848+0.011511464205448184j),,(0.02357752521126709+0.01151146420544879j),-2772.5781937509623
9036,9036,10.90359375,0.0053734402408009,(-0.009041903676611986-0.003083750978864115j),,(-0.009041903676613752-0.0030837509788659784j),-2771.778257745841
9037,9037,10.90369375,0.0050971008957234,(0.046742628576873085-0.04043632128337864j),,(0.04674262857687274-0.04043632128337374j),-2770.9783217407194
9038,9038,10.90379375,0.0073232269340189,(0.055971423455101275+0.03665739494250878j),,(0.055971423455102344+0.03665739494250523j),-2770.178385735598
9039,9039,10.90389375,0.0063395853161165,(0.04716206129948873-0.02402720526261995j),,(0.04716206129948809-0.024027205262617892j),-2769.3784497304764
9040,9040,10.90399375,0.0074640730783317,(0.0017683906361919514+0.03882261328335363j),,(0.0017683906361920278+0.038822613283349926j),-2768.578513725355
9041,9041,10.90409375,0.0041429418160332,(-0.009437662091404005-0.003751782153838393j),,(-0.009437662091402836-0.003751782153839034j),-2767.7785777202334
9042,9042,10.90419375,0.0065769334136601,(0.013225143498176276-0.02905658983108336j),,(0.013225143498174479-0.02905658983108249j),-2766.978641715112
9043,9043,10.90429375,0.0067847326818727,(0.036071801950481014+0.0595491559065488j),,(0.03607180195048138+0.05954915590654711j),-2766.1787057099905
9044,9044,10.90439375,0.0081690976446629,(-0.02231658370298174-0.10295612736961317j),,(-0.022316583702979564-0.10295612736961296j),-2765.3787697048692
9045,9045,10.90449375,0.0057440923205428,(0.04580473232113257+0.09663673424898014j),,(0.0458047323211303+0.09663673424897885j),-2764.578833699748
9046,9046,10.90459375,0.006695276570423,(0.03350137547490645-0.020317804513635726j),,(0.03350137547490699-0.020317804513637745j),-2763.7788976946263
9047,9047,10.90469375,0.0073068558245931,(0.04988632765876966+0.007628594246692943j),,(0.04988632765876846+0.007628594246691472j),-2762.978961689505
9048,9048,10.90479375,0.0082180852324397,(0.07885869117709031+0.08491145104866392j),,(0.07885869117709235+0.08491145104866953j),-2762.1790256843833
9049,9049,10.90489375,0.0065027072869442,(-0.002669858082123413+0.06467479798245662j),,(-0.0026698580821244954+0.06467479798246079j),-2761.379089679262
9050,9050,10.90499375,0.0073126278470766,(-0.04723077758345588-0.03418030910999461j),,(-0.047230777583460254-0.03418030910999484j),-2760.5791536741403
9051,9051,10.90509375,0.006943598693505,(-0.02724326326891814-0.06582838531440346j),,(-0.027243263268917784-0.06582838531440847j),-2759.779217669019
9052,9052,10.90519375,0.0078961683965451,(0.11029236652065474-0.06003148276395267j),,(0.1102923665206563-0.06003148276395313j),-2758.9792816638974
9053,9053,10.90529375,0.0079766510325231,(0.012053728181206683+0.014143851856743073j),,(0.012053728181208666+0.014143851856742653j),-2758.179345658776
9054,9054,10.90539375,0.0090264170640139,(0.06581736923043302-0.001220325874426575j),,(0.06581736923043742-0.001220325874427909j),-2757.379409653655
9055,9055,10.90549375,0.0080711599292331,(0.039213704148859524+0.016613474851475078j),,(0.039213704148857456+0.016613474851472666j),-2756.579473648533
9056,9056,10.90559375,0.0066625892675762,(-0.02431705379796111+0.040535077384785664j),,(-0.024317053797965796+0.04053507738478848j),-2755.779537643412
9057,9057,10.90569375,0.0076744704158058,(-0.11542378805620371+0.06826298234145989j),,(-0.11542378805620118+0.06826298234146214j),-2754.97960163829
9058,9058,10.90579375,0.0068774814249381,(-0.0024837601554257016-0.20047850669724093j),,(-0.00248376015542702-0.20047850669724415j),-2754.179665633169
9059,9059,10.90589375,0.0083952050597987,(0.07593036937164288+0.09456634632664541j),,(0.0759303693716404+0.09456634632664203j),-2753.3797296280472
9060,9060,10.90599375,0.0068587756217509,(-0.02108631183958099+0.033947592289544304j),,(-0.021086311839581+0.03394759228954213j),-2752.579793622926
9061,9061,10.90609375,0.008870877644333,(0.058409948065186755+0.05222523026120724j),,(0.05840994806518754+0.052225230261206915j),-2751.7798576178043
9062,9062,10.90619375,0.0084973020416459,(0.025474884012464484+0.02112271124471174j),,(0.02547488401246366+0.021122711244706584j),-2750.979921612683
9063,9063,10.90629375,0.0094733146109142,(0.06266723177312847+0.06148517577557313j),,(0.06266723177313097+0.061485175775571145j),-2750.179985607562
9064,9064,10.90639375,0.0071751734340516,(-0.07903264143059906+0.13468984239565907j),,(-0.07903264143060006+0.13468984239566187j),-2749.38004960244
9065,9065,10.90649375,0.0069539203079809,(-0.11134470098127308-0.02283010455505516j),,(-0.11134470098127497-0.022830104555054995j),-2748.580113597319
9066,9066,10.90659375,0.0066198555981731,(-0.08746427412781711+0.08779949132124742j),,(-0.0874642741278186+0.08779949132124512j),-2747.780177592197
9067,9067,10.90669375,0.0075245464577252,(-0.14687244762899793-0.04305446920226763j),,(-0.1468724476289958-0.04305446920227105j),-2746.980241587076
9068,9068,10.90679375,0.0059046661988024,(0.034345291881521994+0.016874116361800834j),,(0.034345291881518275+0.01687411636180067j),-2746.180305581954
9069,9069,10.90689375,0.0056684366686404,(-0.0337998801838111+0.011264547653979608j),,(-0.03379988018381522+0.011264547653980016j),-2745.380369576833
9070,9070,10.90699375,0.0055690404170655,(-0.03579094628520241-0.028082446299146226j),,(-0.035790946285202546-0.028082446299147985j),-2744.580433571711
9071,9071,10.90709375,0.0088648422941658,(0.00544929969711256-0.06667672624930189j),,(0.005449299697111061-0.06667672624930082j),-2743.78049756659
9072,9072,10.90719375,0.0100048815923732,(-0.02290343564544007-0.02971000897271924j),,(-0.02290343564543993-0.029710008972720182j),-2742.9805615614687
9073,9073,10.90729375,0.0073675571252487,(0.14122167860865606+0.07191531076674787j),,(0.14122167860865925+0.07191531076674808j),-2742.180625556347
9074,9074,10.90739375,0.0060458516405927,(0.11587757370686108+0.08036709191701544j),,(0.11587757370686222+0.0803670919170161j),-2741.3806895512257
9075,9075,10.90749375,0.0071187527593055,(-0.043721649366639-0.08033413587982592j),,(-0.04372164936663679-0.08033413587982871j),-2740.580753546104
9076,9076,10.90759375,0.0084702952877302,(0.12150866454693496+0.05552716985902883j),,(0.12150866454693633+0.055527169859024936j),-2739.7808175409828
9077,9077,10.90769375,0.0060107833601226,(-0.0130667935947976-0.06140942342672606j),,(-0.013066793594802714-0.061409423426722246j),-2738.980881535861
9078,9078,10.90779375,0.0041156293197359,(0.06287814965009+0.09314280876011213j),,(0.06287814965008974+0.09314280876011273j),-2738.18094553074
9079,9079,10.90789375,0.0047588813759243,(0.05004765642571865-0.11970875779637281j),,(0.05004765642571891-0.11970875779637094j),-2737.3810095256185
9080,9080,10.90799375,0.0064779810011034,(0.004494221177985036+0.03493934389079925j),,(0.004494221177986332+0.03493934389080176j),-2736.581073520497
9081,9081,10.90809375,0.0048012974546318,(-0.05479228220153118+0.07912749896771805j),,(-0.05479228220153193+0.0791274989677189j),-2735.7811375153756
9082,9082,10.90819375,0.0043697074843191,(0.05611621644488858+0.08713194282856236j),,(0.056116216444884404+0.08713194282856507j),-2734.981201510254
9083,9083,10.90829375,0.0048155429272119,(-0.009813755385824671+0.07842700102731531j),,(-0.009813755385825962+0.07842700102731741j),-2734.1812655051326
9084,9084,10.90839375,0.0034161224486481,(-0.09558640002520268+0.00819253665594362j),,(-0.09558640002520127+0.008192536655943012j),-2733.381329500011
9085,9085,10.90849375,0.004359055387474,(-0.012902233014488743-0.10082002736075024j),,(-0.012902233014490175-0.10082002736074805j),-2732.5813934948897
9086,9086,10.90859375,0.0068777440884019,(0.005582124451892816+0.11761174723760204j),,(0.005582124451893267+0.11761174723760416j),-2731.781457489768
9087,9087,10.90869375,0.0074133434948011,(-0.0231512811380835-0.017668924234501504j),,(-0.02315128113808359-0.01766892423450013j),-2730.9815214846467
9088,9088,10.90879375,0.0049303513189642,(0.07716853762176806-0.033690594420605346j),,(0.0771685376217671-0.03369059442060841j),-2730.1815854795254
9089,9089,10.90889375,0.0038213350982809,(-0.05376259788375567+0.02448142777272755j),,(-0.05376259788375704+0.024481427772726355j),-2729.3816494744037
9090,9090,10.90899375,0.0037916105046116,(0.055593150369860844-0.010012874352410848j),,(0.05559315036985945-0.010012874352411515j),-2728.5817134692825
9091,9091,10.90909375,0.0027772826690582,(-0.14407619445840758+0.16231364963945644j),,(-0.14407619445840675+0.16231364963945616j),-2727.7817774641608
9092,9092,10.90919375,0.002030314824668,(0.031041755134770956-0.05879740115131759j),,(0.03104175513477276-0.05879740115131804j),-2726.9818414590395
9093,9093,10.90929375,0.0021381263589862,(-0.06945336385206512-0.074206170155998j),,(-0.0694533638520661-0.07420617015599601j),-2726.181905453918
9094,9094,10.90939375,0.0012837137216124,(-0.11660389301057944-0.07756082725322926j),,(-0.11660389301057775-0.07756082725322871j),-2725.3819694487966
9095,9095,10.90949375,0.0035030117317964,(0.0864540941827258-0.12919167543991042j),,(0.08645409418272276-0.12919167543990778j),-2724.582033443675
9096,9096,10.90959375,0.0030444039821591,(0.012435910489431268+0.07168852474893103j),,(0.012435910489435367+0.07168852474893028j),-2723.7820974385536
9097,9097,10.90969375,0.0033827619694225,(-0.04540848341012718+0.09169339195347641j),,(-0.04540848341012789+0.09169339195347387j),-2722.9821614334323
9098,9098,10.90979375,0.0012699131559432,(-0.017150585890702078-0.04130976360820357j),,(-0.017150585890701706-0.041309763608205465j),-2722.1822254283106
9099,9099,10.90989375,0.0024925314059562,(0.008047809550668927+0.05025218133423526j),,(0.0080478095506703+0.05025218133423736j),-2721.3822894231894
9100,9100,10.90999375,0.003538570718751,(-0.060892623464554145-0.017460977508979413j),,(-0.06089262346455462-0.01746097750897667j),-2720.5823534180677
9101,9101,10.91009375,0.0041239509199039,(0.01391770842586645+0.035627789583139294j),,(0.013917708425865842+0.035627789583142624j),-2719.7824174129464
9102,9102,10.91019375,0.004599919009275,(0.03207174066400896+0.06254045145973919j),,(0.03207174066400453+0.06254045145973652j),-2718.9824814078247
9103,9103,10.91029375,0.0048682249906459,(0.03943840081218455+0.052060390094681774j),,(0.039438400812186525+0.052060390094680664j),-2718.1825454027035
9104,9104,10.91039375,0.0051468503132469,(-0.05608964291813468+0.06703583011936917j),,(-0.05608964291813387+0.06703583011936756j),-2717.3826093975817
9105,9105,10.91049375,0.004281056085152,(0.022113968519818-0.0023110508285354393j),,(0.02211396851981747-0.002311050828538049j),-2716.5826733924605
9106,9106,10.91059375,0.0030977559849336,(0.09206773485552848-0.08516256548475312j),,(0.09206773485552859-0.08516256548475587j),-2715.7827373873392
9107,9107,10.91069375,0.0018154589661909,(-0.03144775183382509+0.05111807155494433j),,(-0.031447751833825525+0.05111807155494613j),-2714.9828013822175
9108,9108,10.91079375,0.001269781724125,(0.02541150836031717-0.0019571388209955413j),,(0.025411508360315586-0.001957138820995954j),-2714.1828653770963
9109,9109,10.91089375,-0.0001111963520022,(-0.0015074059740510098-0.0479834092942098j),,(-0.0015074059740510445-0.04798340929421284j),-2713.3829293719746
9110,9110,10.91099375,0.001799583712091,(0.06261136295041159-0.044460961540787644j),,(0.06261136295041414-0.04446096154078589j),-2712.5829933668533
9111,9111,10.91109375,0.0022656371555224,(-0.012122276022539173+0.08602837693286847j),,(-0.012122276022539492+0.08602837693286389j),-2711.7830573617316
9112,9112,10.91119375,0.0050363017876566,(0.09122988042271636-0.05128922999324147j),,(0.09122988042271915-0.05128922999324349j),-2710.9831213566104
9113,9113,10.91129375,0.0048279491777339,(-0.11937399330412099+0.07305493882873848j),,(-0.11937399330411955+0.07305493882874191j),-2710.1831853514886
9114,9114,10.91139375,0.0061759643585221,(0.06059706549231263+0.0009262114335485752j),,(0.060597065492314695+0.0009262114335483393j),-2709.3832493463674
9115,9115,10.91149375,0.0058404299713523,(0.06740918145783273-0.06763143055352247j),,(0.06740918145783314-0.06763143055352229j),-2708.583313341246
9116,9116,10.91159375,0.0069676233328106,(0.06887651170883395+0.11128688824496025j),,(0.0688765117088343+0.11128688824496033j),-2707.7833773361244
9117,9117,10.91169375,0.0080270994901086,(-0.07747528524873332+0.11072356696339686j),,(-0.07747528524873276+0.11072356696339625j),-2706.983441331003
9118,9118,10.91179375,0.0072744961900186,(-0.09820817022018485-0.006413111032244343j),,(-0.09820817022018238-0.006413111032244363j),-2706.1835053258815
9119,9119,10.91189375,0.0053676087466364,(0.12243839361200816-0.027476175968433117j),,(0.12243839361200307-0.027476175968431098j),-2705.38356932076
9120,9120,10.91199375,0.0055605324202095,(-0.05594771848985246-0.10023897260161485j),,(-0.055947718489852305-0.10023897260161219j),-2704.5836333156385
9121,9121,10.91209375,0.0058114656991252,(0.10289855128897589-0.015281263094683119j),,(0.1028985512889765-0.01528126309468477j),-2703.7836973105173
9122,9122,10.91219375,0.0051739007385889,(-0.042619204974491925+0.010732984829274215j),,(-0.042619204974490926+0.010732984829272837j),-2702.9837613053955
9123,9123,10.91229375,0.0037902443532571,(0.043679637085290365+0.022901251885073817j),,(0.04367963708529034+0.022901251885074327j),-2702.1838253002743
9124,9124,10.91239375,0.0040531483087832,(-0.030066968661788734+0.08433814368453682j),,(-0.030066968661792134+0.08433814368453725j),-2701.383889295153
9125,9125,10.91249375,0.0039190925283527,(-0.02076597428431639+0.006797068964788318j),,(-0.02076597428431446+0.006797068964787092j),-2700.5839532900313
9126,9126,10.91259375,0.0052098801718855,(-0.11192859553022838-0.037178760998070964j),,(-0.1119285955302323-0.037178760998074364j),-2699.78401728491
9127,9127,10.91269375,0.0060255371351536,(-0.011409977661530755+0.015421731239923898j),,(-0.011409977661528682+0.01542173123992453j),-2698.9840812797884
9128,9128,10.91279375,0.00706451667448,(-4.475744093380011e-05+0.0007708945114282146j),,(-4.475744093232893e-05+0.0007708945114282297j),-2698.184145274667
9129,9129,10.91289375,0.008540278685848,(-0.03189554898626596-0.06846782586217733j),,(-0.03189554898626435-0.0684678258621779j),-2697.3842092695454
9130,9130,10.91299375,0.0095689819539319,(0.059759369304963464+0.025104793154155293j),,(0.059759369304959044+0.02510479315415767j),-2696.584273264424
9131,9131,10.91309375,0.0101875806894056,(-0.016176614536770703+0.06779496083357169j),,(-0.016176614536774034+0.06779496083357162j),-2695.7843372593024
9132,9132,10.91319375,0.0085111660824959,(-0.000153423394499347+0.01920979567282894j),,(-0.0001534233945053986+0.019209795672829884j),-2694.984401254181
9133,9133,10.91329375,0.0073155578162462,(0.025230163066918165-0.051584366475975474j),,(0.025230163066921038-0.05158436647597864j),-2694.18446524906
9134,9134,10.91339375,0.0070823990811625,(0.09488807620183513+0.07894388047918724j),,(0.09488807620183604+0.07894388047918657j),-2693.3845292439382
9135,9135,10.91349375,0.0072108276288289,(-0.1251775144297767-0.05377111780556057j),,(-0.12517751442977865-0.05377111780556112j),-2692.584593238817
9136,9136,10.91359375,0.0072575965726022,(0.05422704226194071-0.05454112497078744j),,(0.05422704226194196-0.054541124970789584j),-2691.7846572336953
9137,9137,10.91369375,0.006846561058157,(0.05046257478368541+0.03027341103973702j),,(0.05046257478368807+0.030273411039736547j),-2690.984721228574
9138,9138,10.91379375,0.0051461997369687,(-0.04783160888536556-0.17306230185432575j),,(-0.04783160888536246-0.17306230185432303j),-2690.1847852234523
9139,9139,10.91389375,0.0057639938893234,(-0.0339110291207287+0.07772166076151085j),,(-0.03391102912072634+0.0777216607615118j),-2689.384849218331
9140,9140,10.91399375,0.0071751780473593,(-0.021327764576588436-0.04401113903229466j),,(-0.021327764576587506-0.0440111390322918j),-2688.5849132132093
9141,9141,10.91409375,0.0076203641345882,(-0.06717694444202277-0.019303945082049835j),,(-0.06717694444202214-0.019303945082048978j),-2687.784977208088
9142,9142,10.91419375,0.0069652234250141,(0.15326000494999842+0.01966466768990672j),,(0.15326000495000006+0.019664667689906705j),-2686.985041202967
9143,9143,10.91429375,0.007439573777192,(-0.02166542870693261+0.0059294835003585j),,(-0.021665428706934452+0.00592948350036402j),-2686.185105197845
9144,9144,10.91439375,0.009015024407835,(0.0484573485079939-0.03084956282255591j),,(0.04845734850798716-0.030849562822553984j),-2685.385169192724
9145,9145,10.91449375,0.0106222644127596,(0.0044598617671547346+0.14700840609698224j),,(0.004459861767155345+0.14700840609698207j),-2684.585233187602
9146,9146,10.91459375,0.0087031632238898,(-0.03822248787977933-0.038835096982613955j),,(-0.038222487879778035-0.03883509698261753j),-2683.785297182481
9147,9147,10.91469375,0.0082423287715573,(-0.02493766094044931+0.02108153303167218j),,(-0.024937660940451495+0.02108153303167475j),-2682.985361177359
9148,9148,10.91479375,0.0079193210178796,(0.02000288767532756-0.021866026338861293j),,(0.020002887675326767-0.021866026338862945j),-2682.185425172238
9149,9149,10.91489375,0.0082669008995206,(-0.011348211065725+0.013568577840809306j),,(-0.011348211065725129+0.013568577840807696j),-2681.3854891671167
9150,9150,10.91499375,0.0073279671442651,(-0.008945201485994378+0.02356454747227148j),,(-0.008945201485995624+0.023564547472274492j),-2680.585553161995
9151,9151,10.91509375,0.0062320316734651,(-0.026606865598571575-0.040161247809960665j),,(-0.026606865598570714-0.040161247809960825j),-2679.7856171568737
9152,9152,10.91519375,0.0050365708038212,(-0.11885314717237272+0.03987408940546219j),,(-0.1188531471723699+0.039874089405460784j),-2678.985681151752
9153,9153,10.91529375,0.0056893100218954,(-0.19681263928737325-0.0867436516378618j),,(-0.1968126392873708-0.08674365163786309j),-2678.185745146631
9154,9154,10.91539375,0.0064067993868486,(0.1230139757319958+0.008110258761108415j),,(0.12301397573199224+0.008110258761108477j),-2677.385809141509
9155,9155,10.91549375,0.0067400484068377,(0.026497359835174625+0.09103216940237834j),,(0.026497359835172745+0.09103216940237324j),-2676.585873136388
9156,9156,10.91559375,0.0065626338501319,(0.011543207440066249+0.1622738060754304j),,(0.011543207440070565+0.1622738060754313j),-2675.785937131266
9157,9157,10.91569375,0.0075306545482184,(-0.06469101774407414+0.016958438471877477j),,(-0.06469101774407826+0.016958438471875364j),-2674.986001126145
9158,9158,10.91579375,0.0073960876883557,(0.005832488617559249+0.0254163658667434j),,(0.005832488617555856+0.025416365866745557j),-2674.1860651210236
9159,9159,10.91589375,0.0085383796227376,(-0.04452434688028788+0.031339252977001436j),,(-0.044524346880289174+0.03133925297699731j),-2673.386129115902
9160,9160,10.91599375,0.0079827356357004,(0.014760037019859656+0.01147753711908808j),,(0.014760037019860017+0.01147753711908435j),-2672.5861931107806
9161,9161,10.91609375,0.0087169823948397,(0.1518782373018664-0.03011357991458228j),,(0.15187823730186337-0.03011357991457851j),-2671.786257105659
9162,9162,10.91619375,0.0069518718940479,(-0.06310623851451977+0.09377423037937718j),,(-0.06310623851452207+0.09377423037937199j),-2670.9863211005377
9163,9163,10.91629375,0.0072917482399039,(0.1557502735884241-0.1699703726109148j),,(0.15575027358842553-0.1699703726109161j),-2670.186385095416
9164,9164,10.91639375,0.0046982945639517,(-0.13016076940654614-0.0400052797402098j),,(-0.13016076940654395-0.04000527974020795j),-2669.3864490902947
9165,9165,10.91649375,0.0040163595122735,(0.21184030124654665-0.029788112385996365j),,(0.21184030124654563-0.029788112385997892j),-2668.586513085173
9166,9166,10.91659375,0.0017580363095974,(-0.10572845018548865+0.0285400956447152j),,(-0.10572845018548813+0.028540095644717302j),-2667.7865770800518
9167,9167,10.91669375,0.0030965521098043,(-0.09548535772073798+0.047222338266279085j),,(-0.09548535772073884+0.04722233826627868j),-2666.9866410749305
9168,9168,10.91679375,0.0024386159126857,(-0.029639249013649806+0.023688934785391916j),,(-0.029639249013649928+0.02368893478539218j),-2666.186705069809
9169,9169,10.91689375,0.0036881141349782,(-0.11775494110209316+0.025924414994847322j),,(-0.1177549411020901+0.0259244149948444j),-2665.3867690646875
9170,9170,10.91699375,0.0041461608154459,(0.05836421003726119+0.02844866799407386j),,(0.05836421003726159+0.02844866799407672j),-2664.586833059566
9171,9171,10.91709375,0.0052251278944852,(-0.09374030930143946+0.01108112254527384j),,(-0.09374030930143974+0.011081122545277414j),-2663.7868970544446
9172,9172,10.91719375,0.0056449114617434,(0.05847924884842513-0.04394062829014803j),,(0.058479248848426695-0.04394062829015002j),-2662.986961049323
9173,9173,10.91729375,0.0050130308514277,(-0.033059645745817295-0.060213686379917385j),,(-0.03305964574581522-0.060213686379916795j),-2662.1870250442016
9174,9174,10.91739375,0.0051447234692682,(0.0052411431738658-0.11877807236446818j),,(0.00524114317386558-0.1187780723644702j),-2661.38708903908
9175,9175,10.91749375,0.0036194818870854,(-0.10423603490338543-0.1413708365659762j),,(-0.10423603490338625-0.14137083656597502j),-2660.5871530339587
9176,9176,10.91759375,0.0036776816794152,(0.03734263194898108+0.013184118749929205j),,(0.037342631948982685+0.01318411874992896j),-2659.7872170288374
9177,9177,10.91769375,0.0029371821456509,(-0.03366706505165844-0.05605132879439427j),,(-0.033667065051661504-0.05605132879439276j),-2658.9872810237157
9178,9178,10.91779375,0.0036022189630195,(0.07483746058793048+0.03098231299218964j),,(0.07483746058792809+0.030982312992191938j),-2658.1873450185944
9179,9179,10.91789375,0.0032158991458783,(-0.035467171261199665-0.040311694617085066j),,(-0.03546717126119972-0.04031169461708452j),-2657.3874090134727
9180,9180,10.91799375,0.00294223128565,(0.02911367249044422-0.05344341498406069j),,(0.029113672490443252-0.05344341498406125j),-2656.5874730083515
9181,9181,10.91809375,0.0016230107228694,(-0.04347127739615947+0.00020848312739370212j),,(-0.04347127739616237+0.00020848312739455907j),-2655.7875370032298
9182,9182,10.91819375,0.0022280548749894,(0.16469527206133283-0.05007949496488226j),,(0.16469527206133422-0.05007949496488234j),-2654.9876009981085
9183,9183,10.91829375,0.0017193453403109,(0.0406976407271308+0.02880743485876624j),,(0.04069764072712726+0.02880743485876903j),-2654.187664992987
9184,9184,10.91839375,0.0012864619524092,(0.09166012961845554-0.04254212666649501j),,(0.09166012961845393-0.04254212666649616j),-2653.3877289878656
9185,9185,10.91849375,0.000827656428967,(0.037784732854649936-0.04596725341517135j),,(0.037784732854648756-0.045967253415175685j),-2652.5877929827443
9186,9186,10.91859375,0.0033452969868935,(-0.05660038915039421+0.08336301770263164j),,(-0.056600389150398056+0.0833630177026293j),-2651.7878569776226
9187,9187,10.91869375,0.003557912665417,(-0.06851118302172748-0.009884648353461126j),,(-0.06851118302172768-0.009884648353458411j),-2650.9879209725013
9188,9188,10.91879375,0.0036763272853619,(0.06539729617604459+0.009799420478263285j),,(0.06539729617604559+0.009799420478262096j),-2650.1879849673796
9189,9189,10.91889375,0.0037822844370381,(-0.04126018034779199-0.08848705137989729j),,(-0.0412601803477932-0.08848705137990179j),-2649.3880489622584
9190,9190,10.91899375,0.0057934371160216,(-0.005329905097106572+0.022550629164766047j),,(-0.005329905097105409+0.022550629164764725j),-2648.5881129571367
9191,9191,10.91909375,0.0056045158606144,(0.13566457293439954+0.0372778854371582j),,(0.13566457293440112+0.037277885437157654j),-2647.7881769520154
9192,9192,10.91919375,0.0044360783222663,(-0.1589122303459546+0.041514505813252306j),,(-0.15891223034595478+0.04151450581325285j),-2646.9882409468937
9193,9193,10.91929375,0.0036691946713999,(0.047171166097019844-0.02195739020972811j),,(0.04717116609701948-0.021957390209727132j),-2646.1883049417725
9194,9194,10.91939375,0.0008990191574258,(-0.0028285500752198572-0.04508756665566932j),,(-0.002828550075221852-0.045087566655670125j),-2645.388368936651
9195,9195,10.91949375,0.003296470807296,(0.026470536062266563-0.03286238931806574j),,(0.02647053606226591-0.03286238931806676j),-2644.5884329315295
9196,9196,10.91959375,0.0022674577886813,(-0.07124811204378816-0.08455778325408482j),,(-0.07124811204378889-0.08455778325408855j),-2643.7884969264082
9197,9197,10.91969375,0.0038633239125988,(0.1581858935351575-0.055599984989934244j),,(0.15818589353515602-0.05559998498993636j),-2642.9885609212865
9198,9198,10.91979375,0.0026869277086286,(0.11916361077619186-0.021818413138834467j),,(0.11916361077619551-0.02181841313883711j),-2642.1886249161653
9199,9199,10.91989375,0.0040565077931143,(-0.052672424872750784+0.044659073252377834j),,(-0.052672424872747724+0.04465907325237832j),-2641.3886889110436
9200,9200,10.91999375,0.0054726733207971,(0.09231441255247565-0.0012631495308254512j),,(0.09231441255247819-0.0012631495308257149j),-2640.5887529059223
9201,9201,10.92009375,0.0044362292395434,(-0.058240108343650045-0.040322995859139996j),,(-0.05824010834365286-0.040322995859140995j),-2639.7888169008006
9202,9202,10.92019375,0.0048970743994438,(0.13785470152096269-0.011647889538890094j),,(0.13785470152096516-0.011647889538887974j),-2638.9888808956794
9203,9203,10.92029375,0.0064305122497548,(0.088543663520878+0.07203364947067767j),,(0.08854366352087502+0.07203364947067749j),-2638.188944890558
9204,9204,10.92039375,0.0089145641260382,(0.019628349775128836+0.0334016662479413j),,(0.019628349775131913+0.03340166624794183j),-2637.3890088854364
9205,9205,10.92049375,0.0081383198424687,(0.047546087692888164-0.049422452963173935j),,(0.04754608769288949-0.04942245296317154j),-2636.589072880315
9206,9206,10.92059375,0.0073408623465179,(0.02416518265310359+0.05742353037834216j),,(0.024165182653099644+0.0574235303783432j),-2635.7891368751934
9207,9207,10.92069375,0.0057825869484945,(0.047359244288021955-0.0013987515921281887j),,(0.0473592442880188-0.0013987515921264019j),-2634.989200870072
9208,9208,10.92079375,0.0063665688292749,(-0.0030341402875085203+0.018069145017753835j),,(-0.0030341402875115548+0.018069145017753096j),-2634.1892648649505
9209,9209,10.92089375,0.0049488380881384,(-0.0719016259290711+0.05726632937215076j),,(-0.07190162592906778+0.0572663293721469j),-2633.389328859829
9210,9210,10.92099375,0.0048879818970449,(-0.05681166087860951+0.04595246805288678j),,(-0.05681166087861011+0.04595246805288555j),-2632.5893928547075
9211,9211,10.92109375,0.0040051563404521,(0.02631033062464952-0.015254657385040869j),,(0.02631033062464951-0.015254657385042902j),-2631.7894568495863
9212,9212,10.92119375,0.0055108266894274,(0.0337763536977054+0.21831083567640663j),,(0.03377635369770647+0.21831083567640544j),-2630.989520844465
9213,9213,10.92129375,0.0061669492202828,(-0.02331081564024908+0.01706210149631919j),,(-0.02331081564024538+0.017062101496318094j),-2630.1895848393433
9214,9214,10.92139375,0.009716197710979,(-0.11507707215350657-0.003803135012006194j),,(-0.11507707215351212-0.003803135012006513j),-2629.389648834222
9215,9215,10.92149375,0.0076069144072533,(-0.03342218641415277-0.14857669662309175j),,(-0.033422186414152254-0.14857669662309037j),-2628.5897128291003
9216,9216,10.92159375,0.0068974861767136,(0.04771103236918037-0.09489249148090931j),,(0.047711032369179215-0.09489249148090505j),-2627.789776823979
9217,9217,10.92169375,0.0079387068330001,(-0.01838261560164248+0.010607511937108995j),,(-0.018382615601640832+0.01060751193710918j),-2626.9898408188574
9218,9218,10.92179375,0.0089873736226661,(-0.021024364609957713-0.013332159068634867j),,(-0.021024364609953914-0.01333215906863636j),-2626.189904813736
9219,9219,10.92189375,0.0087883814204981,(-0.06328186330757091+0.04571440064037299j),,(-0.06328186330757028+0.045714400640373756j),-2625.389968808615
9220,9220,10.92199375,0.0074800249190584,(-0.01967123568546944-0.01917402021867764j),,(-0.019671235685468642-0.019174020218675057j),-2624.590032803493
9221,9221,10.92209375,0.0083547983458663,(-0.05461433307458382+0.04613501846191967j),,(-0.05461433307458269+0.04613501846192407j),-2623.790096798372
9222,9222,10.92219375,0.0081404192351675,(-0.0746233264763121-0.01739456126525376j),,(-0.07462332647631248-0.017394561265254686j),-2622.99016079325
9223,9223,10.92229375,0.0068197789066087,(-0.030365358261288302-0.032951737457940423j),,(-0.030365358261288784-0.03295173745794118j),-2622.190224788129
9224,9224,10.92239375,0.0071457819660177,(-0.05216768270105273-0.015149458443354934j),,(-0.0521676827010552-0.015149458443355404j),-2621.3902887830072
9225,9225,10.92249375,0.0062043283257039,(0.04480915860544603+0.016931676903490425j),,(0.04480915860545003+0.016931676903489283j),-2620.590352777886
9226,9226,10.92259375,0.0070534020911781,(0.01735738595820129-0.020644061820949716j),,(0.017357385958201996-0.020644061820948672j),-2619.7904167727643
9227,9227,10.92269375,0.0066345233670283,(-0.08513657800419878+0.017179171825429433j),,(-0.08513657800419525+0.017179171825428646j),-2618.990480767643
9228,9228,10.92279375,0.0070464140434676,(0.024828801434067363-0.006858577967573294j),,(0.024828801434067228-0.006858577967567745j),-2618.1905447625218
9229,9229,10.92289375,0.0067104255756593,(0.005137850823952857+0.03462417655712191j),,(0.005137850823951309+0.03462417655712005j),-2617.3906087574
9230,9230,10.92299375,0.0092620517823387,(-0.07220815093777791+0.020866672996938264j),,(-0.07220815093777604+0.020866672996939856j),-2616.590672752279
9231,9231,10.92309375,0.0096344505916921,(-0.013506391081113803+0.047061191808143214j),,(-0.013506391081115605+0.04706119180814516j),-2615.790736747157
9232,9232,10.92319375,0.0109840044743253,(-0.07531742069556183-0.08034257552774443j),,(-0.07531742069556624-0.08034257552774496j),-2614.990800742036
9233,9233,10.92329375,0.0098814493046164,(0.017541021752992533+0.0605304646553585j),,(0.01754102175299264+0.06053046465535919j),-2614.190864736914
9234,9234,10.92339375,0.0091501526651297,(-0.08282109115220494-0.03595600964803695j),,(-0.0828210911522049-0.03595600964803153j),-2613.390928731793
9235,9235,10.92349375,0.0069128664970368,(0.0548108503345289+0.01604802675910608j),,(0.054810850334525804+0.01604802675910991j),-2612.590992726671
9236,9236,10.92359375,0.0064654857663702,(0.0034986473307145292-0.046775584059268724j),,(0.003498647330715119-0.04677558405926868j),-2611.79105672155
9237,9237,10.92369375,0.0077122935166062,(-0.026879360055517665+0.003112988096867343j),,(-0.026879360055516117+0.003112988096869754j),-2610.9911207164287
9238,9238,10.92379375,0.0065871769924408,(0.03866623085500685+0.11363047818200617j),,(0.038666230855004514+0.11363047818200385j),-2610.191184711307
9239,9239,10.92389375,0.0057020624501377,(-0.10858757996379641+0.12073919951955445j),,(-0.1085875799637994+0.12073919951955j),-2609.3912487061857
9240,9240,10.92399375,0.0057712322753112,(-0.13658409799821714-0.05410846582569274j),,(-0.13658409799821866-0.05410846582569414j),-2608.591312701064
9241,9241,10.92409375,0.0072173828444176,(-2.092239840035051e-05-0.04296652026439864j),,(-2.092239839979887e-05-0.04296652026439659j),-2607.7913766959427
9242,9242,10.92419375,0.0069787845241619,(0.01117697283145365-0.14595611393377553j),,(0.011176972831456002-0.14595611393377572j),-2606.991440690821
9243,9243,10.92429375,0.0062979403052701,(-0.02760149119763209-0.08949553091125251j),,(-0.027601491197634425-0.08949553091125804j),-2606.1915046857
9244,9244,10.92439375,0.0053583732626634,(0.006309752424958279+0.22669886793904945j),,(0.00630975242495644+0.2266988679390517j),-2605.391568680578
9245,9245,10.92449375,0.0068050562436078,(-0.021574353231276138-0.19293586720684608j),,(-0.021574353231278116-0.19293586720684117j),-2604.591632675457
9246,9246,10.92459375,0.008546749825422,(-0.19883655326437066+0.10646048853539036j),,(-0.19883655326436822+0.1064604885353868j),-2603.7916966703356
9247,9247,10.92469375,0.0080975114766635,(0.006929607715382185-0.03406935183892377j),,(0.006929607715382597-0.034069351838928605j),-2602.991760665214
9248,9248,10.92479375,0.0053646295503895,(0.03327280910639057-0.005157511211698562j),,(0.0332728091063925-0.005157511211699508j),-2602.1918246600926
9249,9249,10.92489375,0.0046982278835101,(-0.0414519793825056+0.10960701670713333j),,(-0.041451979382504375+0.10960701670713745j),-2601.391888654971
9250,9250,10.92499375,0.0048731800061902,(0.09266947254143706+0.01458532370148697j),,(0.09266947254143773+0.014585323701487253j),-2600.5919526498496
9251,9251,10.92509375,0.0034762731614226,(-0.08958071783687789+0.05062984032251836j),,(-0.08958071783687924+0.05062984032252005j),-2599.792016644728
9252,9252,10.92519375,0.0015809626034305,(0.101029942111202-0.21717010822033855j),,(0.10102994211120314-0.21717010822034075j),-2598.9920806396067
9253,9253,10.92529375,0.0015983748883612,(0.08419733936545427+0.03246192554037763j),,(0.08419733936545234+0.03246192554037826j),-2598.192144634485
9254,9254,10.92539375,0.0041643567505971,(-0.09142219898322122+0.009008723458351332j),,(-0.09142219898322024+0.009008723458353705j),-2597.3922086293637
9255,9255,10.92549375,0.0039581222517746,(0.025014674271177165-0.10646312325501471j),,(0.025014674271173452-0.10646312325501422j),-2596.5922726242425
9256,9256,10.92559375,0.0037370692510887,(-0.059887308330818276+0.04503126757370675j),,(-0.05988730833081547+0.04503126757370621j),-2595.7923366191208
9257,9257,10.92569375,0.0040074212677309,(0.0774166271458449-0.0014160636516424296j),,(0.07741662714584431-0.001416063651644782j),-2594.9924006139995
9258,9258,10.92579375,0.0035007613992861,(0.1012105618664424-0.008957404626853453j),,(0.1012105618664405-0.008957404626854792j),-2594.192464608878
9259,9259,10.92589375,0.0048888662324792,(-0.04017214496855117+0.04707440912572256j),,(-0.0401721449685524+0.04707440912572164j),-2593.3925286037565
9260,9260,10.92599375,0.0036951610148037,(-0.002474652244119338+0.0017192077668147742j),,(-0.0024746522441195+0.0017192077668136672j),-2592.592592598635
9261,9261,10.92609375,0.0041613635520096,(-0.02454830084026053+0.010461140697133752j),,(-0.024548300840260072+0.010461140697133203j),-2591.7926565935136
9262,9262,10.92619375,0.0030072218177307,(0.046187676567788244-0.025699836006004256j),,(0.04618767656778478-0.02569983600600466j),-2590.992720588392
9263,9263,10.92629375,0.0028002424902427,(-0.00603886986195846+0.006862829770921641j),,(-0.006038869861961038+0.0068628297709244016j),-2590.1927845832706
9264,9264,10.92639375,0.0028391621292754,(0.09667479706780614+0.014267649793561425j),,(0.09667479706780709+0.01426764979356307j),-2589.3928485781494
9265,9265,10.92649375,0.0031119879752134,(0.03667162647935569+0.07752805769847841j),,(0.036671626479356276+0.07752805769848262j),-2588.5929125730277
9266,9266,10.92659375,0.0027048200277352,(-0.02636887700521576-0.03872436493906957j),,(-0.02636887700521337-0.03872436493906893j),-2587.7929765679064
9267,9267,10.92669375,0.002350841734394,(0.05589200246697722+0.01597934071037853j),,(0.0558920024669795+0.015979340710374216j),-2586.9930405627847
9268,9268,10.92679375,0.0019337142591098,(0.04238105396447696-0.09841411091482931j),,(0.04238105396448042-0.09841411091483218j),-2586.1931045576634
9269,9269,10.92689375,0.0021721114967444,(0.06852767732201843-0.009977126601465205j),,(0.06852767732201749-0.00997712660147045j),-2585.3931685525417
9270,9270,10.92699375,0.0038636833361421,(0.09256237443301485+0.1081246709608252j),,(0.09256237443301352+0.10812467096082241j),-2584.5932325474205
9271,9271,10.92709375,0.0012004724334241,(-0.03808860274773618-0.006932735196111487j),,(-0.03808860274774002-0.006932735196109762j),-2583.793296542299
9272,9272,10.92719375,0.0018056702936449,(-0.01586521498272369+0.03141054838970754j),,(-0.015865214982723905+0.03141054838970965j),-2582.9933605371775
9273,9273,10.92729375,0.001821773450256,(0.06955683496547893+0.0991890220809514j),,(0.06955683496547824+0.09918902208095073j),-2582.1934245320563
9274,9274,10.92739375,0.0045091317875384,(-0.021990334119647854+0.04241046465393234j),,(-0.021990334119650568+0.04241046465393576j),-2581.3934885269346
9275,9275,10.92749375,0.0050532145372402,(-0.05565527859179887+0.005451069197946975j),,(-0.05565527859179748+0.005451069197945692j),-2580.5935525218133
9276,9276,10.92759375,0.0034685680980354,(0.053990646609541476-0.09778716268641374j),,(0.05399064660953884-0.09778716268640998j),-2579.7936165166916
9277,9277,10.92769375,0.0051867380796572,(-0.12844892092912275-0.05127409943159717j),,(-0.12844892092912072-0.05127409943159421j),-2578.9936805115703
9278,9278,10.92779375,0.004846242524714,(-0.07193821639361563+0.0800925945845746j),,(-0.07193821639361683+0.08009259458457298j),-2578.1937445064486
9279,9279,10.92789375,0.0053854632373276,(-0.039132206832287665-0.07588685983299204j),,(-0.03913220683228752-0.07588685983298989j),-2577.3938085013274
9280,9280,10.92799375,0.0031621873030625,(-0.08476484747987885+0.0816456176335166j),,(-0.08476484747987695+0.08164561763351617j),-2576.5938724962057
9281,9281,10.92809375,0.0023385694822642,(0.04715009155022158-0.08467888541809472j),,(0.04715009155022293-0.0846788854180959j),-2575.7939364910844
9282,9282,10.92819375,0.0035346528138062,(0.005854861412883099-0.01457435135027911j),,(0.005854861412884094-0.014574351350280002j),-2574.994000485963
9283,9283,10.92829375,0.0042581433865923,(0.12034968347746611-0.057391747872497095j),,(0.12034968347746511-0.057391747872497595j),-2574.1940644808415
9284,9284,10.92839375,0.0034326403950497,(0.03167904317126136-0.030502162649451187j),,(0.03167904317126154-0.030502162649449j),-2573.39412847572
9285,9285,10.92849375,0.0056169476972072,(-0.05284886153609307-0.09353211836917069j),,(-0.05284886153609562-0.09353211836916818j),-2572.5941924705985
9286,9286,10.92859375,0.0048690894047218,(0.12434234553955001+0.010008506166468256j),,(0.12434234553954812+0.01000850616647133j),-2571.7942564654772
9287,9287,10.92869375,0.007543577497857,(0.12389302900111346+0.16947537770324717j),,(0.1238930290011128+0.1694753777032484j),-2570.9943204603555
9288,9288,10.92879375,0.0067602446465815,(0.04305237346062869+0.013054156567015024j),,(0.04305237346063334+0.013054156567015661j),-2570.1943844552343
9289,9289,10.92889375,0.0072341829293718,(-0.03818880772022144+0.00022403957842751648j),,(-0.0381888077202259+0.0002240395784307049j),-2569.394448450113
9290,9290,10.92899375,0.0061820865415746,(-0.10549295465363223-0.08878829262567155j),,(-0.1054929546536303-0.08878829262567428j),-2568.5945124449913
9291,9291,10.92909375,0.0060107728700336,(0.05118398144196366+0.002962354630671179j),,(0.05118398144196493+0.002962354630670145j),-2567.79457643987
9292,9292,10.92919375,0.0049905387540197,(-0.12207238670240443-0.06865024606406411j),,(-0.1220723867024015-0.06865024606406406j),-2566.9946404347484
9293,9293,10.92929375,0.0060407020720167,(0.139929680067607-0.0017458054199273598j),,(0.13992968006761208-0.001745805419925625j),-2566.194704429627
9294,9294,10.92939375,0.005353420888329,(0.01975311310690997+0.15828055720438633j),,(0.01975311310691083+0.15828055720438827j),-2565.3947684245054
9295,9295,10.92949375,0.0050041807288889,(-0.1961626373238519-0.10445448903572269j),,(-0.19616263732384986-0.10445448903571958j),-2564.594832419384
9296,9296,10.92959375,0.0047665771989747,(-0.028994272353666597+0.04279568706428048j),,(-0.028994272353668707+0.04279568706428181j),-2563.7948964142624
9297,9297,10.92969375,0.0068312395828706,(0.016340764088136103-0.08223434158173962j),,(0.016340764088131565-0.08223434158173992j),-2562.994960409141
9298,9298,10.92979375,0.008032171815836,(0.029799564058700698+0.08583099676059665j),,(0.02979956405870125+0.08583099676059572j),-2562.19502440402
9299,9299,10.92989375,0.0075571999527616,(0.07833058633863886-0.047401630692046524j),,(0.07833058633863656-0.0474016306920443j),-2561.395088398898
9300,9300,10.92999375,0.0071830613045276,(-0.033335283349620826-0.007067896194154027j),,(-0.03333528334962094-0.007067896194156249j),-2560.595152393777
9301,9301,10.93009375,0.0077231474063519,(-0.06530984688221425-0.025883739011803485j),,(-0.06530984688221678-0.025883739011804616j),-2559.7952163886553
9302,9302,10.93019375,0.0081720003269533,(0.05082804208293029-0.014209611276819252j),,(0.05082804208293116-0.014209611276818801j),-2558.995280383534
9303,9303,10.93029375,0.0088478718962436,(-0.1496624194444364-0.058611224499700944j),,(-0.1496624194444341-0.05861122449970241j),-2558.1953443784123
9304,9304,10.93039375,0.0085727914427072,(0.07868677737093534-0.05331723359274041j),,(0.07868677737093716-0.05331723359273678j),-2557.395408373291
9305,9305,10.93049375,0.0080030342208345,(0.016491867499124603-0.03031023252285653j),,(0.016491867499127764-0.030310232522857562j),-2556.5954723681693
9306,9306,10.93059375,0.008419056414572,(0.11970232286698379-0.031472277544021356j),,(0.11970232286698487-0.03147227754402628j),-2555.795536363048
9307,9307,10.93069375,0.0091765107380665,(-0.019067543127345626+0.22015887526078057j),,(-0.019067543127343316+0.2201588752607822j),-2554.995600357927
9308,9308,10.93079375,0.0067855690254868,(0.09696139301660939-0.14942376579292177j),,(0.09696139301661039-0.1494237657929263j),-2554.195664352805
9309,9309,10.93089375,0.0062946418781302,(-0.04145942523535361-0.08170294873010955j),,(-0.04145942523535234-0.08170294873011047j),-2553.395728347684
9310,9310,10.93099375,0.0072860158385866,(-0.018489621657009278+0.09051954253029743j),,(-0.018489621657011145+0.09051954253029695j),-2552.595792342562
9311,9311,10.93109375,0.0077530187738921,(-0.1212923658318135-0.0937693261293064j),,(-0.12129236583181194-0.09376932612930652j),-2551.795856337441
9312,9312,10.93119375,0.0071475748618062,(-0.01087914943230067+0.0378569709614406j),,(-0.010879149432297737+0.03785697096144208j),-2550.995920332319
9313,9313,10.93129375,0.0066565441061661,(0.14217584847003703-0.051114176814925145j),,(0.1421758484700381-0.05111417681492688j),-2550.195984327198
9314,9314,10.93139375,0.0087165293862068,(-0.017806735612641313-0.00024241371644687063j),,(-0.017806735612640928-0.00024241371644678517j),-2549.3960483220762
9315,9315,10.93149375,0.0085129840547076,(0.01992932169726696+0.1385481436266022j),,(0.01992932169726771+0.13854814362660364j),-2548.596112316955
9316,9316,10.93159375,0.0071940588263612,(-0.0721960060786219-0.007739086742718263j),,(-0.07219600607862302-0.007739086742719576j),-2547.7961763118337
9317,9317,10.93169375,0.0079536345093353,(-0.07428738819400044+0.052225856755293266j),,(-0.07428738819400024+0.052225856755294064j),-2546.996240306712
9318,9318,10.93179375,0.0087210348127464,(0.10903448695598354-0.04554618586336517j),,(0.1090344869559825-0.04554618586336363j),-2546.1963043015908
9319,9319,10.93189375,0.0093108082730018,(-0.029049363496429243+0.07769018307048997j),,(-0.02904936349642447+0.07769018307049029j),-2545.396368296469
9320,9320,10.93199375,0.0096893099806191,(-0.11879778393782647+0.10569566752286996j),,(-0.11879778393782657+0.10569566752287275j),-2544.596432291348
9321,9321,10.93209375,0.0079152218630973,(0.0785887951618448+0.02848725055604273j),,(0.07858879516184344+0.02848725055603983j),-2543.796496286226
9322,9322,10.93219375,0.0095154441074153,(-0.001867281060691577+0.03322239629387929j),,(-0.0018672810606926897+0.03322239629387555j),-2542.996560281105
9323,9323,10.93229375,0.0089178904772967,(0.019363939130849606+0.004961214882017483j),,(0.01936393913084744+0.004961214882017079j),-2542.196624275983
9324,9324,10.93239375,0.0076977985788913,(0.019850191627695406-0.12660057140487796j),,(0.019850191627697245-0.1266005714048753j),-2541.396688270862
9325,9325,10.93249375,0.0054378847062737,(-0.09408812969938374-0.06600300114560192j),,(-0.09408812969938518-0.06600300114560201j),-2540.5967522657406
9326,9326,10.93259375,0.0053147615251918,(-0.11874128543810138-0.13408416059221567j),,(-0.11874128543809957-0.1340841605922166j),-2539.796816260619
9327,9327,10.93269375,0.0044238437172138,(0.10539542191301539+0.05434249064156985j),,(0.10539542191301446+0.05434249064156267j),-2538.9968802554977
9328,9328,10.93279375,0.0037212034516094,(-0.26841562791189083-0.16132575843525399j),,(-0.26841562791189255-0.16132575843524932j),-2538.196944250376
9329,9329,10.93289375,0.0032858282991371,(-0.006873308761109635+0.012167176702487884j),,(-0.006873308761109561+0.01216717670248618j),-2537.3970082452547
9330,9330,10.93299375,0.0061144900331975,(-0.07887236460440927-0.10262984242652323j),,(-0.0788723646044107-0.10262984242652537j),-2536.597072240133
9331,9331,10.93309375,0.0057663601183532,(0.10930226038989713-0.06343269033014129j),,(0.10930226038989935-0.06343269033013631j),-2535.7971362350117
9332,9332,10.93319375,0.0068012421215663,(-0.09458244783543823-0.13638025510444943j),,(-0.09458244783544031-0.13638025510444407j),-2534.99720022989
9333,9333,10.93329375,0.007542489168081,(0.15314620271989848-0.07252830865188731j),,(0.15314620271989915-0.07252830865188666j),-2534.197264224769
9334,9334,10.93339375,0.0070379278066942,(0.07665215288178578+0.1030937237326208j),,(0.07665215288178504+0.10309372373262282j),-2533.3973282196475
9335,9335,10.93349375,0.0057875693589975,(0.13597017844848908+0.04032377914739126j),,(0.13597017844848655+0.04032377914739078j),-2532.597392214526
9336,9336,10.93359375,0.0036065751135987,(0.130956989459476+0.046146279382588j),,(0.13095698945947545+0.04614627938258654j),-2531.7974562094046
9337,9337,10.93369375,0.0033044273758802,(0.12872881613866463-0.06095294082616575j),,(0.12872881613866963-0.06095294082616618j),-2530.997520204283
9338,9338,10.93379375,0.0026996680881676,(-0.12053843008325726-0.06429116826885725j),,(-0.12053843008325882-0.06429116826886178j),-2530.1975841991616
9339,9339,10.93389375,0.0018477403480158,(0.05602153337397402-0.022957937792203464j),,(0.056021533373976265-0.022957937792201014j),-2529.39764819404
9340,9340,10.93399375,0.001713975108341,(0.05382952518865052+0.13107880428379123j),,(0.05382952518865134+0.1310788042837929j),-2528.5977121889186
9341,9341,10.93409375,0.0006353762736382,(-0.12269766729767875+0.01269992319384327j),,(-0.12269766729767762+0.012699923193845997j),-2527.797776183797
9342,9342,10.93419375,0.0025854317793094,(-0.04191971716558353-0.009074958727572881j),,(-0.041919717165582966-0.009074958727574278j),-2526.9978401786757
9343,9343,10.93429375,0.0033177201290804,(0.10250364708025403+0.17251295994317195j),,(0.10250364708025239+0.17251295994316865j),-2526.1979041735544
9344,9344,10.93439375,0.002944938756724,(-0.11060512620933755+0.013685490816711936j),,(-0.11060512620933796+0.0136854908167066j),-2525.3979681684327
9345,9345,10.93449375,0.0030090067227485,(-0.07693672236852894-0.3154729047403833j),,(-0.07693672236853015-0.31547290474038314j),-2524.5980321633115
9346,9346,10.93459375,0.0028550203039949,(0.04569223499142937+0.02280054895042019j),,(0.04569223499143005+0.02280054895041682j),-2523.7980961581898
9347,9347,10.93469375,0.0044402158612703,(-0.1736054308514915+0.03773861676325792j),,(-0.17360543085149127+0.03773861676326076j),-2522.9981601530685
9348,9348,10.93479375,0.0051032485705175,(0.16437038384651542+0.0022903666257302335j),,(0.16437038384651312+0.0022903666257358263j),-2522.198224147947
9349,9349,10.93489375,0.0039413973602797,(0.008099243213822159+0.029660856090431557j),,(0.008099243213824462+0.029660856090430128j),-2521.3982881428255
9350,9350,10.93499375,0.0043883503195186,(0.04114617967709533-0.018773433552188336j),,(0.041146179677092144-0.018773433552188613j),-2520.598352137704
9351,9351,10.93509375,0.0036537952743456,(0.14024105064996711+0.0033747610467677047j),,(0.14024105064996797+0.003374761046764929j),-2519.7984161325826
9352,9352,10.93519375,0.0036180753320653,(-0.053403486774431706-0.0205363873611108j),,(-0.0534034867744297-0.020536387361108306j),-2518.9984801274613
9353,9353,10.93529375,0.0018596436926855,(0.045108149531454256+0.25812424740674933j),,(0.04510814953145631+0.25812424740675044j),-2518.1985441223396
9354,9354,10.93539375,0.0002097642964913,(-0.10067914108405303-0.0621406609430426j),,(-0.10067914108405568-0.06214066094304602j),-2517.3986081172184
9355,9355,10.93549375,0.0008461670277702,(-0.07945904493228739+0.042571277965855386j),,(-0.0794590449322887+0.04257127796585482j),-2516.5986721120967
9356,9356,10.93559375,0.0012229398298513,(-0.04958660469283294+0.05414204245897939j),,(-0.049586604692834525+0.05414204245898113j),-2515.7987361069754
9357,9357,10.93569375,0.0018386212449646,(-0.1407677673339579+0.025358872646240635j),,(-0.14076776733395516+0.025358872646241065j),-2514.9988001018537
9358,9358,10.93579375,0.0022204957445453,(-0.042519998549044466-0.27637747490746034j),,(-0.04251999854904506-0.2763774749074603j),-2514.1988640967324
9359,9359,10.93589375,0.0030312167054451,(0.07007495204191243-0.04865255207760049j),,(0.07007495204190525-0.04865255207760105j),-2513.398928091611
9360,9360,10.93599375,0.0042516689140988,(-0.14763829203451792+0.18414077770596413j),,(-0.14763829203451734+0.1841407777059678j),-2512.5989920864895
9361,9361,10.93609375,0.0052207762740818,(0.025525150229624045+0.0008012728288610202j),,(0.02552515022962532+0.0008012728288611624j),-2511.7990560813682
9362,9362,10.93619375,0.006254399505156,(0.14125292193644196+0.012051807499143793j),,(0.14125292193643907+0.012051807499144196j),-2510.9991200762465
9363,9363,10.93629375,0.0058871353575254,(0.03312368055524677+0.14840146689406603j),,(0.033123680555247385+0.1484014668940638j),-2510.1991840711253
9364,9364,10.93639375,0.005239697010909,(-0.12648377351697293-0.07769620695995011j),,(-0.1264837735169726-0.07769620695995305j),-2509.3992480660036
9365,9365,10.93649375,0.0053158598109864,(-0.08511068694487017+0.013229022063052522j),,(-0.08511068694486852+0.013229022063055138j),-2508.5993120608823
9366,9366,10.93659375,0.0048824736416195,(0.10183441082860963-0.057454656537483j),,(0.10183441082860878-0.0574546565374853j),-2507.7993760557606
9367,9367,10.93669375,0.0035462360204965,(0.10119046656400382+0.03247316511234417j),,(0.10119046656400192+0.03247316511234208j),-2506.9994400506394
9368,9368,10.93679375,0.0024079247620933,(0.010345221882653993+0.1655458327027704j),,(0.010345221882651273+0.1655458327027708j),-2506.199504045518
9369,9369,10.93689375,0.0026951245230264,(-0.10639769913021628+0.012075465688991753j),,(-0.10639769913021552+0.012075465688992038j),-2505.3995680403964
9370,9370,10.93699375,0.0042353108611648,(0.08273847342343918+0.12059499328349582j),,(0.08273847342343843+0.12059499328349704j),-2504.599632035275
9371,9371,10.93709375,0.005423396682544,(-0.06886137590090939+0.023124743760542337j),,(-0.06886137590090809+0.023124743760541817j),-2503.7996960301534
9372,9372,10.93719375,0.0044873949797198,(0.12982942770303132+0.058566676961438704j),,(0.1298294277030301+0.05856667696143599j),-2502.999760025032
9373,9373,10.93729375,0.0049164974649079,(-0.06292246317576679+0.02881195166421403j),,(-0.06292246317576915+0.028811951664212018j),-2502.1998240199105
9374,9374,10.93739375,0.0073953352461111,(-0.03462777849059759+0.00981557521017856j),,(-0.03462777849059775+0.009815575210179527j),-2501.399888014789
9375,9375,10.93749375,0.0091136884823602,(-0.13652549142204867-0.06521235151962212j),,(-0.136525491422049-0.06521235151962326j),-2500.5999520096675
9376,9376,10.93759375,0.0068304928164712,(0.013914800745028906+0.004284564883385785j),,(0.01391480074502995+0.004284564883385243j),-2499.8000160045463
9377,9377,10.93769375,0.0060975063473126,(-0.13667525633392993-0.17168192449413985j),,(-0.13667525633392863-0.17168192449413794j),-2499.000079999425
9378,9378,10.93779375,0.0063166186901928,(-0.027849245925908917+0.05564825416408643j),,(-0.027849245925911707+0.05564825416408836j),-2498.2001439943033
9379,9379,10.93789375,0.0085630315050191,(0.10170575623032836-0.013329370571167544j),,(0.1017057562303262-0.013329370571165455j),-2497.400207989182
9380,9380,10.93799375,0.0077883242886181,(0.004708168581842309+0.16178844129664485j),,(0.0047081685818414765+0.16178844129664566j),-2496.6002719840603
9381,9381,10.93809375,0.0063784497198352,(0.16136619310373906-0.21587391279492424j),,(0.16136619310374212-0.2158739127949253j),-2495.800335978939
9382,9382,10.93819375,0.0071211731997559,(0.11870633102949237-0.05587601499214459j),,(0.11870633102949266-0.055876014992146464j),-2495.0003999738174
9383,9383,10.93829375,0.0071260425318573,(0.06434239562180341+0.035808778291956965j),,(0.06434239562180412+0.035808778291956j),-2494.200463968696
9384,9384,10.93839375,0.0077450735325773,(-0.03707182027751139+0.12132205339391108j),,(-0.03707182027751249+0.12132205339390692j),-2493.4005279635744
9385,9385,10.93849375,0.0068276637839288,(-0.11652005065097656-0.045585976647967326j),,(-0.11652005065097493-0.045585976647970435j),-2492.600591958453
9386,9386,10.93859375,0.0077840322469527,(-0.0623942319222177+0.20102495233661252j),,(-0.0623942319222166+0.20102495233660794j),-2491.800655953332
9387,9387,10.93869375,0.007659773452873,(-0.185333687356672-0.32641394344385216j),,(-0.18533368735667155-0.326413943443855j),-2491.00071994821
9388,9388,10.93879375,0.0076645210763498,(0.13476739439023044+0.0714132353845904j),,(0.13476739439023167+0.07141323538459263j),-2490.200783943089
9389,9389,10.93889375,0.0075321029044271,(0.09079164656130516-0.09678937560268411j),,(0.09079164656130491-0.09678937560268398j),-2489.4008479379672
9390,9390,10.93899375,0.008955103043318,(0.17887410687597158+0.11174547448469976j),,(0.1788741068759697+0.1117454744847016j),-2488.600911932846
9391,9391,10.93909375,0.0080524264819797,(-0.0474412299519181+0.073636697372893j),,(-0.04744122995191732+0.07363669737289838j),-2487.8009759277243
9392,9392,10.93919375,0.0086256453897361,(0.05150180577484838-0.001959733810743193j),,(0.0515018057748467-0.0019597338107420585j),-2487.001039922603
9393,9393,10.93929375,0.0081148835182689,(0.16697478167342056-0.11543520334963378j),,(0.1669747816734237-0.1154352033496334j),-2486.2011039174813
9394,9394,10.93939375,0.008255108557066,(-0.026110820845398782-0.015374323907230304j),,(-0.02611082084539912-0.015374323907229575j),-2485.40116791236
9395,9395,10.93949375,0.0086589194821872,(-0.12685232998293663-0.10748307945608844j),,(-0.12685232998293577-0.1074830794560901j),-2484.601231907239
9396,9396,10.93959375,0.0078800397013546,(-0.10283659799541144+0.10604593338128478j),,(-0.1028365979954128+0.10604593338128622j),-2483.801295902117
9397,9397,10.93969375,0.009700772141221,(-0.09052930255644852-0.22929193646173007j),,(-0.09052930255644677-0.22929193646173632j),-2483.001359896996
9398,9398,10.93979375,0.0090911638547528,(0.06959993971344546+0.057560845825546554j),,(0.06959993971344745+0.0575608458255429j),-2482.201423891874
9399,9399,10.93989375,0.0075788225539882,(-0.04254517513857588+0.20890685249975655j),,(-0.042545175138578056+0.20890685249975743j),-2481.401487886753
9400,9400,10.93999375,0.0067138431340319,(0.017995134544327714+0.013252869004613881j),,(0.017995134544327895+0.013252869004616068j),-2480.601551881631
9401,9401,10.94009375,0.0062609358802659,(-0.22614975610448046-0.11086582370790649j),,(-0.22614975610448124-0.1108658237079064j),-2479.80161587651
9402,9402,10.94019375,0.0069569739385255,(0.10093693451812094-0.18538155589811042j),,(0.1009369345181205-0.18538155589811106j),-2479.001679871388
9403,9403,10.94029375,0.0086369396587421,(0.09910168616758724-0.11891149117801891j),,(0.09910168616758624-0.11891149117801691j),-2478.201743866267
9404,9404,10.94039375,0.0073921572756221,(0.08257339163697769+0.0162205384600642j),,(0.08257339163698021+0.01622053846006146j),-2477.4018078611457
9405,9405,10.94049375,0.0063804181871734,(-0.0672748019358461+0.046025800056550555j),,(-0.06727480193584626+0.04602580005655295j),-2476.601871856024
9406,9406,10.94059375,0.0091112983354156,(-0.04326692762656939+0.20017503373754786j),,(-0.04326692762657082+0.20017503373754977j),-2475.8019358509027
9407,9407,10.94069375,0.0088897586893196,(0.0698298562114058-0.04722520148911167j),,(0.06982985621140479-0.047225201489110524j),-2475.001999845781
9408,9408,10.94079375,0.0085063461427852,(-0.11533357822177885-0.20345736833311226j),,(-0.1153335782217783-0.20345736833311184j),-2474.20206384066
9409,9409,10.94089375,0.0057114752656125,(0.3046169385094504-0.18556582098825244j),,(0.3046169385094484-0.18556582098824764j),-2473.402127835538
9410,9410,10.94099375,0.0070867594758753,(0.13228979912600847+0.02439360082988453j),,(0.1322897991260078+0.02439360082988299j),-2472.602191830417
9411,9411,10.94109375,0.0056338505619155,(0.07580202372564074+0.20690939336694406j),,(0.07580202372564064+0.20690939336694344j),-2471.802255825295
9412,9412,10.94119375,0.0031129745337375,(-0.2233988438128453-0.06623385814326886j),,(-0.22339884381284614-0.06623385814326731j),-2471.002319820174
9413,9413,10.94129375,0.0035992568538481,(0.14911227202161087+0.05900693499301577j),,(0.14911227202161165+0.05900693499301868j),-2470.2023838150526
9414,9414,10.94139375,0.0040051143889352,(-0.11245522840457751+0.12081900049635007j),,(-0.11245522840457965+0.12081900049635158j),-2469.402447809931
9415,9415,10.94149375,0.0034568414963227,(0.12180178111352247+0.07443205549088551j),,(0.121801781113524+0.0744320554908835j),-2468.6025118048096
9416,9416,10.94159375,0.004168933478212,(0.08377337199955608+0.07749938363021126j),,(0.08377337199955462+0.07749938363021283j),-2467.802575799688
9417,9417,10.94169375,0.0041762528118253,(0.0912513648138282+0.29947712234695534j),,(0.09125136481382791+0.29947712234695323j),-2467.0026397945667
9418,9418,10.94179375,0.0048749770305192,(-0.17360837876613547+0.004054984361353528j),,(-0.17360837876613402+0.004054984361353917j),-2466.202703789445
9419,9419,10.94189375,0.0051203140981642,(0.033633372815980084+0.24691747608643005j),,(0.03363337281598017+0.24691747608642817j),-2465.4027677843237
9420,9420,10.94199375,0.0044754637883407,(-0.10543772322091688-0.0995770277985171j),,(-0.10543772322091405-0.0995770277985146j),-2464.602831779202
9421,9421,10.94209375,0.0056287218601977,(0.07268730591160637+0.05537882125336133j),,(0.07268730591160752+0.05537882125336133j),-2463.8028957740808
9422,9422,10.94219375,0.0051216011238788,(-0.023815497182740317-0.056941550587137645j),,(-0.023815497182738243-0.05694155058713443j),-2463.0029597689595
9423,9423,10.94229375,0.0044195076460878,(0.014159391630484835+0.04989473689906877j),,(0.014159391630484533+0.049894736899063125j),-2462.203023763838
9424,9424,10.94239375,0.0035293490851292,(-0.09253080026604577-0.15194265809186838j),,(-0.09253080026604263-0.1519426580918648j),-2461.4030877587165
9425,9425,10.94249375,0.0019291853032038,(0.07924455066210292+0.2217233199726999j),,(0.07924455066210336+0.22172331997269862j),-2460.603151753595
9426,9426,10.94259375,0.0014671705717911,(0.023466403634147835+0.014992903809293679j),,(0.023466403634144095+0.014992903809292201j),-2459.8032157484736
9427,9427,10.94269375,0.0011157188050276,(-0.37067869914383045+0.18852325182210322j),,(-0.3706786991438291+0.18852325182210528j),-2459.003279743352
9428,9428,10.94279375,0.0012344839262625,(-0.10686533658906933-0.2026722514862436j),,(-0.10686533658906905-0.20267225148624066j),-2458.2033437382306
9429,9429,10.94289375,0.0019468135681353,(-0.07329040354360333-0.12649515775041037j),,(-0.07329040354360437-0.1264951577504081j),-2457.403407733109
9430,9430,10.94299375,0.002835759625867,(0.06455672020330824+0.09234035236022291j),,(0.06455672020330958+0.09234035236022427j),-2456.6034717279877
9431,9431,10.94309375,0.002791481065212,(-0.1363829526756785-0.11958832025197093j),,(-0.1363829526756795-0.11958832025196783j),-2455.8035357228664
9432,9432,10.94319375,0.0038136546804786,(-0.00949708793906124-0.07107532917698285j),,(-0.009497087939061502-0.07107532917698152j),-2455.0035997177447
9433,9433,10.94329375,0.005019051195547,(-0.0034998648031397753-0.1230825862195949j),,(-0.0034998648031429568-0.12308258621959335j),-2454.2036637126234
9434,9434,10.94339375,0.0055174004573728,(0.11420047268353271-0.025296503848275566j),,(0.11420047268352893-0.02529650384827658j),-2453.4037277075017
9435,9435,10.94349375,0.0047125231902533,(0.017790380771794706+0.07221640000430449j),,(0.01779038077179507+0.07221640000429941j),-2452.6037917023805
9436,9436,10.94359375,0.0032692349789865,(0.10529420255758809+0.30222409636977j),,(0.10529420255758547+0.302224096369768j),-2451.8038556972588
9437,9437,10.94369375,0.0039729649602806,(-0.2405558902131862-0.04021620671928896j),,(-0.24055589021318624-0.0402162067192893j),-2451.0039196921375
9438,9438,10.94379375,0.0029285978954715,(-0.28514107044308523+0.22537996740889504j),,(-0.28514107044308795+0.22537996740889552j),-2450.2039836870163
9439,9439,10.94389375,0.0026527121914027,(0.010983811346427412-0.038005442297796226j),,(0.010983811346431073-0.03800544229779411j),-2449.4040476818946
9440,9440,10.94399375,0.0005739696433935,(-0.041837606974873334-0.0006405908363397708j),,(-0.04183760697487137-0.000640590836338962j),-2448.6041116767733
9441,9441,10.94409375,0.0015223273345296,(-0.015029272326153455-0.16308969520520777j),,(-0.015029272326152478-0.16308969520521008j),-2447.8041756716516
9442,9442,10.94419375,0.0022510427790602,(-0.0055814179840227626+0.0736397451109087j),,(-0.005581417984023146+0.0736397451109076j),-2447.0042396665303
9443,9443,10.94429375,0.0038003494688142,(0.16215156526289448-0.07072433653279955j),,(0.1621515652628953-0.07072433653279295j),-2446.2043036614086
9444,9444,10.94439375,0.0037402868074088,(-0.07815603756345572+0.19377285395596283j),,(-0.07815603756345385+0.1937728539559607j),-2445.4043676562874
9445,9445,10.94449375,0.004182791264267,(-0.07299084668538774-0.058230152601834964j),,(-0.07299084668538938-0.058230152601834416j),-2444.6044316511657
9446,9446,10.94459375,0.004752788541295,(-0.03241730975589879+0.04075821569516722j),,(-0.032417309755901486+0.04075821569516871j),-2443.8044956460444
9447,9447,10.94469375,0.0061277320169061,(0.037114556141286725+0.03217136671066581j),,(0.03711455614128658+0.0321713667106688j),-2443.004559640923
9448,9448,10.94479375,0.006427822431545,(0.05150275635004009+0.051267882123736674j),,(0.05150275635003644+0.05126788212373625j),-2442.2046236358015
9449,9449,10.94489375,0.0082834519403138,(0.08670121326446731+0.08982476594800115j),,(0.08670121326446592+0.08982476594800426j),-2441.40468763068
9450,9450,10.94499375,0.005792260094702,(0.023060109096181527-0.08856741625962909j),,(0.023060109096178845-0.08856741625962929j),-2440.6047516255585
9451,9451,10.94509375,0.0037961582152043,(0.040988050612807136+0.12889090933045522j),,(0.04098805061280503+0.12889090933045705j),-2439.8048156204372
9452,9452,10.94519375,0.0031977085417412,(0.02724830031385861+0.1319116590289694j),,(0.02724830031386096+0.13191165902896607j),-2439.0048796153155
9453,9453,10.94529375,0.0035836335569139,(-0.23913914606257727-0.30012128964851015j),,(-0.2391391460625756-0.30012128964850887j),-2438.2049436101943
9454,9454,10.94539375,0.0040267846832906,(-0.05156684269556988+0.060257180607247704j),,(-0.051566842695572025+0.06025718060725066j),-2437.4050076050726
9455,9455,10.94549375,0.0025915010036052,(-0.11441125090781737+0.04040541815793419j),,(-0.11441125090781405+0.04040541815793122j),-2436.6050715999513
9456,9456,10.94559375,0.0044271200599908,(-0.06326966969527692+0.027853845878937848j),,(-0.06326966969527342+0.027853845878937362j),-2435.80513559483
9457,9457,10.94569375,0.0059899218619779,(0.0785808367222749+0.08762693664685342j),,(0.07858083672227183+0.08762693664684967j),-2435.0051995897084
9458,9458,10.94579375,0.0062610364773266,(-0.06067794165537743+0.2378650013577912j),,(-0.060677941655378+0.23786500135778965j),-2434.205263584587
9459,9459,10.94589375,0.0070579489777541,(-0.24005419072903159-0.33008028816818613j),,(-0.24005419072903314-0.3300802881681859j),-2433.4053275794654
9460,9460,10.94599375,0.0070300624055004,(0.16347388195732443-0.08406816848097505j),,(0.16347388195732376-0.0840681684809787j),-2432.605391574344
9461,9461,10.94609375,0.0089593931224822,(-0.190508605369626+0.1488644379962454j),,(-0.19050860536962416+0.14886443799624446j),-2431.8054555692224
9462,9462,10.94619375,0.0093017482048204,(-0.02678274661586786-0.09359012767995659j),,(-0.026782746615869227-0.0935901276799555j),-2431.005519564101
9463,9463,10.94629375,0.0094756914067715,(-0.042717206657092124+0.11426855254334288j),,(-0.042717206657093124+0.1142685525433442j),-2430.2055835589795
9464,9464,10.94639375,0.0081585800412697,(-0.026574122336711213-0.02330322903979634j),,(-0.026574122336709496-0.02330322903979761j),-2429.405647553858
9465,9465,10.94649375,0.0084473555821906,(0.027764997033642533-0.1269847574302376j),,(0.027764997033642318-0.12698475743024118j),-2428.605711548737
9466,9466,10.94659375,0.0077190554810119,(0.05847220754367656-0.17291249292718494j),,(0.05847220754367791-0.17291249292718253j),-2427.8057755436153
9467,9467,10.94669375,0.0073900290993814,(-0.03820747309981956-0.043361074444518775j),,(-0.03820747309982035-0.04336107444451984j),-2427.005839538494
9468,9468,10.94679375,0.0059916432477955,(-0.0025556141745809785-0.017186405756286653j),,(-0.002555614174581688-0.01718640575628648j),-2426.2059035333723
9469,9469,10.94689375,0.0061864182736101,(-0.07404417959527841+0.1451658251100165j),,(-0.07404417959527755+0.14516582511001688j),-2425.405967528251
9470,9470,10.94699375,0.0047614499923988,(-0.06933111506130565+0.0812125230616347j),,(-0.06933111506130347+0.08121252306163534j),-2424.6060315231293
9471,9471,10.94709375,0.0067715545142641,(0.02484970193114263-0.27414759379915776j),,(0.024849701931146995-0.27414759379915554j),-2423.806095518008
9472,9472,10.94719375,0.008506623618029,(0.1333257066467922+0.16779243604950106j),,(0.13332570664678908+0.16779243604949942j),-2423.0061595128864
9473,9473,10.94729375,0.0077944802738341,(-0.02291008929328188+0.05057797551493745j),,(-0.022910089293282428+0.05057797551493844j),-2422.206223507765
9474,9474,10.94739375,0.0071123396163368,(0.0014029361421601678+0.06032451810187531j),,(0.0014029361421660598+0.06032451810187565j),-2421.406287502644
9475,9475,10.94749375,0.0086063181286437,(0.0207518864522597-0.009225934249131424j),,(0.020751886452261326-0.009225934249134577j),-2420.606351497522
9476,9476,10.94759375,0.010171295357056,(0.15795062589852474+0.044635639343301364j),,(0.15795062589852263+0.044635639343302565j),-2419.806415492401
9477,9477,10.94769375,0.010202274577665,(0.04635853441670433+0.06817220902100984j),,(0.04635853441670243+0.068172209021008j),-2419.006479487279
9478,9478,10.94779375,0.007294994208006,(0.17959732107503434+0.044713031040043684j),,(0.17959732107503457+0.0447130310400441j),-2418.206543482158
9479,9479,10.94789375,0.007509327825672,(0.0110237784481016+0.015866728139377374j),,(0.011023778448101436+0.015866728139374505j),-2417.4066074770362
9480,9480,10.94799375,0.008923711801403,(-0.08201819385634028-0.04531531484577448j),,(-0.08201819385634287-0.04531531484577789j),-2416.606671471915
9481,9481,10.94809375,0.0091721504421283,(-0.043596124332926-0.06588786545446655j),,(-0.043596124332928046-0.06588786545446779j),-2415.8067354667933
9482,9482,10.94819375,0.0077624424309653,(0.03635548781147406+0.06956255142622472j),,(0.03635548781147248+0.06956255142622936j),-2415.006799461672
9483,9483,10.94829375,0.0071579503991812,(0.11503827095250527+0.017599182252488653j),,(0.11503827095250169+0.01759918225249195j),-2414.2068634565508
9484,9484,10.94839375,0.0065332018457809,(0.025919910409760362-0.0015914457725675494j),,(0.02591991040975842-0.001591445772566505j),-2413.406927451429
9485,9485,10.94849375,0.007656807200744,(-0.010055649547903826-0.11914449438961079j),,(-0.010055649547902924-0.1191444943896099j),-2412.606991446308
9486,9486,10.94859375,0.0055273514422801,(0.22246277187830218-0.07579713016765946j),,(0.22246277187829963-0.07579713016766187j),-2411.807055441186
9487,9487,10.94869375,0.0047434589038972,(0.005157392642367145+0.02086924262356589j),,(0.005157392642366024+0.02086924262356018j),-2411.007119436065
9488,9488,10.94879375,0.0067057891870101,(-0.14804054906009162-0.030234724713783037j),,(-0.14804054906009306-0.03023472471378496j),-2410.207183430943
9489,9489,10.94889375,0.0077994395072258,(0.02142721508118986-0.11590664258521663j),,(0.021427215081188583-0.1159066425852189j),-2409.407247425822
9490,9490,10.94899375,0.0074405107082117,(-0.06557785766119553-0.09242823499948821j),,(-0.06557785766119806-0.09242823499948677j),-2408.6073114207
9491,9491,10.94909375,0.0062964462060145,(0.12989504133266144-0.08693095146597268j),,(0.12989504133265914-0.08693095146597178j),-2407.807375415579
9492,9492,10.94919375,0.0072758253515127,(0.052488062496511466+0.044723605676253525j),,(0.05248806249651241+0.04472360567625203j),-2407.0074394104577
9493,9493,10.94929375,0.0078160408062719,(-0.08887717958957717-0.08240296228434928j),,(-0.08887717958957533-0.08240296228434718j),-2406.207503405336
9494,9494,10.94939375,0.0050754639566392,(0.17137030847049278-0.14316098629857943j),,(0.1713703084704944-0.14316098629858012j),-2405.4075674002147
9495,9495,10.94949375,0.005161706564484,(-0.06326621394514945-0.2461911145754217j),,(-0.06326621394515038-0.24619111457541815j),-2404.607631395093
9496,9496,10.94959375,0.0055101613815853,(0.2178983094117642+0.025125847654988875j),,(0.2178983094117598+0.025125847654989014j),-2403.8076953899717
9497,9497,10.94969375,0.0044256713914913,(-0.07733329234508135+0.10236534145319434j),,(-0.07733329234508236+0.10236534145319261j),-2403.00775938485
9498,9498,10.94979375,0.0058562652596843,(-0.0007620534938916797+0.02915297553373125j),,(-0.0007620534938906909+0.029152975533724968j),-2402.207823379729
9499,9499,10.94989375,0.0036959361253119,(0.013858856071134837-0.05995306819116103j),,(0.013858856071136738-0.059953068191159614j),-2401.407887374607
9500,9500,10.94999375,0.00570250467078,(-0.05739836507629332-0.1370575815523508j),,(-0.05739836507629045-0.13705758155235254j),-2400.607951369486
9501,9501,10.95009375,0.0035559084246589,(0.04401043224322815+0.0653596276616208j),,(0.04401043224323118+0.06535962766161937j),-2399.8080153643646
9502,9502,10.95019375,0.0047729173638219,(-0.020982672727355777+0.0053603470700861605j),,(-0.020982672727353935+0.005360347070088374j),-2399.008079359243
9503,9503,10.95029375,0.0044789195179045,(-0.12263720952404082+0.013986987907559065j),,(-0.12263720952403906+0.01398698790756275j),-2398.2081433541216
9504,9504,10.95039375,0.0051937273200029,(-0.10609137778062541-0.07122059831322437j),,(-0.10609137778062915-0.0712205983132258j),-2397.408207349
9505,9505,10.95049375,0.0055564159489414,(0.061039782716995464+0.19379398506257656j),,(0.06103978271699384+0.1937939850625723j),-2396.6082713438786
9506,9506,10.95059375,0.0038415980891267,(0.06927597822676582-0.16670727042232j),,(0.06927597822676465-0.16670727042232025j),-2395.808335338757
9507,9507,10.95069375,0.0042070123588314,(0.07263843812653878+0.12742215160171963j),,(0.07263843812653911+0.12742215160171716j),-2395.0083993336357
9508,9508,10.95079375,0.0038876552971771,(-0.03703224326200698-0.18927567087141556j),,(-0.037032243262011454-0.1892756708714149j),-2394.2084633285144
9509,9509,10.95089375,0.004930015144251,(0.04531318448678639+0.12911382109089078j),,(0.04531318448678688+0.12911382109089328j),-2393.4085273233927
9510,9510,10.95099375,0.0043422687803215,(-0.08804260705932748+0.11281599577939372j),,(-0.0880426070593272+0.11281599577939322j),-2392.6085913182715
9511,9511,10.95109375,0.0032993931641444,(0.0532528312716789+0.15373554033142775j),,(0.0532528312716815+0.15373554033143133j),-2391.8086553131498
9512,9512,10.95119375,0.0035438084176302,(-0.011282101316136963-0.08583711180707843j),,(-0.011282101316141394-0.08583711180708056j),-2391.0087193080285
9513,9513,10.95129375,0.0035889854478372,(-0.0772410009070045-0.09581797298899908j),,(-0.07724100090700707-0.09581797298899754j),-2390.208783302907
9514,9514,10.95139375,0.002128321280881,(0.018628021939745776-0.019603408253690866j),,(0.018628021939744943-0.019603408253690193j),-2389.4088472977855
9515,9515,10.95149375,0.0012252686102642,(-0.014045582194675024+0.06952996785776563j),,(-0.014045582194672949+0.06952996785775889j),-2388.608911292664
9516,9516,10.95159375,0.000206187521456,(-0.05159688618597342-0.08564673878818385j),,(-0.05159688618597049-0.08564673878818146j),-2387.8089752875426
9517,9517,10.95169375,0.0018730684472543,(-0.04013651110147137+0.12733166075277708j),,(-0.04013651110147292+0.12733166075277744j),-2387.0090392824213
9518,9518,10.95179375,0.0024007609446878,(0.06354083446871946-0.1011993792554214j),,(0.06354083446871996-0.10119937925542524j),-2386.2091032772996
9519,9519,10.95189375,0.0022904412982052,(-0.0322409932078464-0.08862752481971034j),,(-0.03224099320784319-0.08862752481970963j),-2385.4091672721784
9520,9520,10.95199375,0.0028542973213282,(0.15758357613887497-0.09878925961904134j),,(0.15758357613887336-0.09878925961904186j),-2384.6092312670567
9521,9521,10.95209375,0.0050783343759704,(0.06752860917771568+0.03821419349772946j),,(0.06752860917772016+0.03821419349772759j),-2383.8092952619354
9522,9522,10.95219375,0.0051267689986091,(0.037793370396980705-0.12125632870649294j),,(0.037793370396980566-0.12125632870649097j),-2383.0093592568137
9523,9523,10.95229375,0.0067648100903307,(0.08991398659472366+0.13859833766844284j),,(0.08991398659472138+0.13859833766844068j),-2382.2094232516924
9524,9524,10.95239375,0.0028803958852704,(0.10745705602942143-0.1069357566138657j),,(0.10745705602942095-0.10693575661386863j),-2381.4094872465707
9525,9525,10.95249375,0.0052936083022374,(0.04874241616666278+0.10601401635525559j),,(0.048742416166659+0.10601401635525824j),-2380.6095512414495
9526,9526,10.95259375,0.0017368073251571,(-0.10007838193063276+0.021072627877315134j),,(-0.1000783819306337+0.021072627877312622j),-2379.809615236328
9527,9527,10.95269375,0.0025883753309369,(-0.0434663209816377+0.06531881913238051j),,(-0.04346632098163639+0.0653188191323802j),-2379.0096792312065
9528,9528,10.95279375,0.001435550011117,(-0.024151379035168802-0.03959551309928002j),,(-0.02415137903516882-0.03959551309928067j),-2378.2097432260853
9529,9529,10.95289375,0.0019980212140505,(0.06886707899500773+0.11988942726113777j),,(0.0688670789950053+0.11988942726113988j),-2377.4098072209636
9530,9530,10.95299375,0.0032462126732992,(0.08687064389822757+0.11746984975333366j),,(0.08687064389822566+0.11746984975333385j),-2376.6098712158423
9531,9531,10.95309375,0.0033001081556519,(0.03108767943810671-6.332714981461748e-05j),,(0.031087679438105472-6.332714981578669e-05j),-2375.8099352107206
9532,9532,10.95319375,0.0047603620707539,(0.026843329626759355+0.04767486108617454j),,(0.026843329626759335+0.04767486108617647j),-2375.0099992055993
9533,9533,10.95329375,0.0056706452698929,(-0.12033343098111246-0.05669215867557285j),,(-0.12033343098111235-0.05669215867557702j),-2374.2100632004776
9534,9534,10.95339375,0.005976344775119,(0.0781902520586817-0.03811750765575576j),,(0.07819025205868259-0.038117507655755924j),-2373.4101271953564
9535,9535,10.95349375,0.0065591153824592,(-0.09762463888486103-0.01929014901838584j),,(-0.09762463888486382-0.019290149018387028j),-2372.610191190235
9536,9536,10.95359375,0.0073735685298,(0.033301267470139985+0.024852002561062278j),,(0.033301267470141435+0.024852002561062986j),-2371.8102551851134
9537,9537,10.95369375,0.0059408176150461,(0.018512594672669185-0.07509601968067411j),,(0.018512594672667335-0.0750960196806724j),-2371.010319179992
9538,9538,10.95379375,0.0060326882856771,(0.13014492398058602+0.013209611780613514j),,(0.1301449239805865+0.01320961178060983j),-2370.2103831748705
9539,9539,10.95389375,0.0045573746982565,(-0.1351040987108928+0.1293964307035359j),,(-0.13510409871089202+0.1293964307035326j),-2369.410447169749
9540,9540,10.95399375,0.0068991424446458,(0.11769990802345236+0.11001508114588027j),,(0.11769990802345873+0.11001508114587857j),-2368.6105111646275
9541,9541,10.95409375,0.0059256267451127,(0.027691483451125376-0.021170993002267248j),,(0.027691483451125674-0.02117099300226727j),-2367.8105751595062
9542,9542,10.95419375,0.0046406241567856,(0.08913457162261741+0.004389360613695624j),,(0.08913457162261769+0.004389360613693969j),-2367.0106391543845
9543,9543,10.95429375,0.0048164459108947,(0.0023456574123188086+0.01747411895136522j),,(0.002345657412316343+0.017474118951365233j),-2366.2107031492633
9544,9544,10.95439375,0.0055054066691763,(0.01454023010525594+0.033197676723444064j),,(0.014540230105256863+0.03319767672344242j),-2365.410767144142
9545,9545,10.95449375,0.0079422563786437,(-0.0812648344880009+0.011887922439810681j),,(-0.08126483448800066+0.011887922439807616j),-2364.6108311390203
9546,9546,10.95459375,0.0078690864419706,(-0.021843499982516758+0.00356427165046922j),,(-0.02184349998252071+0.0035642716504696434j),-2363.810895133899
9547,9547,10.95469375,0.0084554362243572,(0.14102311281552557+0.005283945429328892j),,(0.14102311281552599+0.005283945429330143j),-2363.0109591287774
9548,9548,10.95479375,0.0083084650169262,(-0.01017352385015272+0.033879831060358155j),,(-0.010173523850155342+0.03387983106035816j),-2362.211023123656
9549,9549,10.95489375,0.0079957695532436,(-0.02524965191103641+0.012321193796027311j),,(-0.02524965191103815+0.012321193796028567j),-2361.4110871185344
9550,9550,10.95499375,0.0074735297157817,(0.05973572612503748+0.05065265031561104j),,(0.059735726125033625+0.050652650315612224j),-2360.611151113413
9551,9551,10.95509375,0.0074770347102828,(0.037242852423195236+0.028721738090223208j),,(0.03724285242319663+0.028721738090219877j),-2359.8112151082914
9552,9552,10.95519375,0.0075932859806886,(-0.11350582359592372+0.19015881644142282j),,(-0.11350582359592139+0.19015881644142213j),-2359.01127910317
9553,9553,10.95529375,0.0075940224018127,(-0.14495898663427528+0.0023393779742138243j),,(-0.1449589866342787+0.0023393779742123116j),-2358.211343098049
9554,9554,10.95539375,0.0063568524058083,(-0.017223551727423077-0.12527666471220994j),,(-0.017223551727425998-0.12527666471221363j),-2357.411407092927
9555,9555,10.95549375,0.0068488019133198,(0.013489292915802035-0.05039492902509046j),,(0.01348929291579953-0.05039492902509071j),-2356.611471087806
9556,9556,10.95559375,0.006692541429722,(0.01564886003546989+0.031679165605810494j),,(0.015648860035470735+0.03167916560581431j),-2355.8115350826843
9557,9557,10.95569375,0.0070098393760457,(-0.14971859696419348-0.04020305304449477j),,(-0.14971859696419124-0.040203053044495604j),-2355.011599077563
9558,9558,10.95579375,0.0076094137561192,(-0.08440165020296456-0.1397818611868446j),,(-0.08440165020296429-0.13978186118684416j),-2354.2116630724413
9559,9559,10.95589375,0.0080644606230216,(-0.03737967948607111+0.045296507812073505j),,(-0.0373796794860739+0.04529650781207039j),-2353.41172706732
9560,9560,10.95599375,0.0067286752746495,(-0.03530189536093947-0.08349122769228198j),,(-0.035301895360939764-0.08349122769228295j),-2352.6117910621983
9561,9561,10.95609375,0.0072979904733474,(-0.04091374204497351+0.024893543643354294j),,(-0.040913742044970884+0.024893543643355196j),-2351.811855057077
9562,9562,10.95619375,0.0072772345628259,(0.09291299765992644+0.0324659465786388j),,(0.09291299765992482+0.032465946578637495j),-2351.011919051956
9563,9563,10.95629375,0.0098532946474767,(-0.046420562515789354-0.06651053496712882j),,(-0.04642056251578754-0.06651053496712823j),-2350.211983046834
9564,9564,10.95639375,0.0094341210776286,(0.002806398816696367+0.022046610232539458j),,(0.0028063988166957734+0.02204661023253749j),-2349.412047041713
9565,9565,10.95649375,0.0103366987067252,(0.021116662134617666+0.009199699600280853j),,(0.021116662134615646+0.009199699600280853j),-2348.612111036591
9566,9566,10.95659375,0.0081744102745322,(0.05779126120661396+0.012454837577888787j),,(0.05779126120661357+0.012454837577884695j),-2347.81217503147
9567,9567,10.95669375,0.0082279164684065,(-0.11040255815250277-0.025120299730324605j),,(-0.11040255815250442-0.025120299730327783j),-2347.012239026348
9568,9568,10.95679375,0.0068918954792157,(-0.03191373687016154+0.036032585410336465j),,(-0.03191373687016753+0.03603258541033812j),-2346.212303021227
9569,9569,10.95689375,0.0067511974765511,(-0.005584634845400456-0.07154701039330655j),,(-0.005584634845399363-0.07154701039330878j),-2345.4123670161052
9570,9570,10.95699375,0.0054564844440648,(0.016555527722958815+0.026018290135630454j),,(0.01655552772295917+0.026018290135626874j),-2344.612431010984
9571,9571,10.95709375,0.0057970299995119,(0.0995750908413226-0.04997435201430126j),,(0.09957509084131987-0.0499743520143036j),-2343.8124950058627
9572,9572,10.95719375,0.0055035056462137,(0.06536528515681399+0.0038937552517275507j),,(0.06536528515681526+0.003893755251729837j),-2343.012559000741
9573,9573,10.95729375,0.0078401520780431,(0.004242636872036028-0.07800937633966956j),,(0.004242636872034744-0.07800937633966544j),-2342.2126229956198
9574,9574,10.95739375,0.0078857213835234,(-0.00999293271676886-0.034266545972157565j),,(-0.009992932716770759-0.03426654597215801j),-2341.412686990498
9575,9575,10.95749375,0.0080589820249981,(-0.025928840820699156-0.0408435857030582j),,(-0.025928840820696825-0.040843585703060466j),-2340.612750985377
9576,9576,10.95759375,0.0076273731817653,(0.1534155535760753+0.09009127144392134j),,(0.15341555357607534+0.09009127144392226j),-2339.812814980255
9577,9577,10.95769375,0.0085777706873267,(-0.07386753036498211+0.19419415750846092j),,(-0.0738675303649832+0.19419415750846522j),-2339.012878975134
9578,9578,10.95779375,0.0068557557560551,(0.06374829283637093+0.038419652381225716j),,(0.06374829283637236+0.038419652381221275j),-2338.2129429700126
9579,9579,10.95789375,0.0059078874591941,(0.07619169714043224+0.10243923071446227j),,(0.07619169714043249+0.10243923071446256j),-2337.413006964891
9580,9580,10.95799375,0.0042577858941322,(-0.13513887847635575-0.005906129413086006j),,(-0.13513887847635547-0.00590612941308415j),-2336.6130709597696
9581,9581,10.95809375,0.0043383889042157,(-0.024591311104610894-0.09486639759660014j),,(-0.024591311104609957-0.09486639759660223j),-2335.813134954648
9582,9582,10.95819375,0.0037245947049443,(-0.01629283497513993-0.059698682148055696j),,(-0.01629283497513831-0.05969868214805816j),-2335.0131989495267
9583,9583,10.95829375,0.0043125395201889,(0.0071089533476938055-0.060555916102813905j),,(0.007108953347688945-0.060555916102813134j),-2334.213262944405
9584,9584,10.95839375,0.0028180368338227,(-0.030428154603400925+0.02278468435583814j),,(-0.030428154603397355+0.022784684355839278j),-2333.4133269392837
9585,9585,10.95849375,0.0037806331420581,(0.025528519913123847-0.04477377713372668j),,(0.02552851991312373-0.0447737771337297j),-2332.613390934162
9586,9586,10.95859375,0.0041767006680579,(0.1925534232662347-0.05320577713278475j),,(0.19255342326622704-0.053205777132787194j),-2331.8134549290407
9587,9587,10.95869375,0.0054233721557207,(-0.05508280086850761+0.14667059840177996j),,(-0.05508280086850767+0.14667059840178198j),-2331.0135189239195
9588,9588,10.95879375,0.005846881648149,(0.047805001359806615-0.13281644533958167j),,(0.0478050013598078-0.13281644533958462j),-2330.213582918798
9589,9589,10.95889375,0.0049692601248397,(-0.015853562660335326+0.04716582862864529j),,(-0.015853562660334067+0.047165828628646406j),-2329.4136469136765
9590,9590,10.95899375,0.0047843986767046,(-0.002113176095460058+0.06837014212659806j),,(-0.0021131760954585938+0.06837014212659728j),-2328.613710908555
9591,9591,10.95909375,0.0042899266160747,(-0.09288158752099122-0.005010100657580247j),,(-0.09288158752098898-0.005010100657579803j),-2327.8137749034336
9592,9592,10.95919375,0.0031014044576738,(0.011751860258514782-0.14999966789577868j),,(0.01175186025851559-0.1499996678957759j),-2327.013838898312
9593,9593,10.95929375,0.0013395425289765,(-0.052074858274563686+0.16568834262671883j),,(-0.052074858274564845+0.1656883426267175j),-2326.2139028931906
9594,9594,10.95939375,0.0014491996212108,(-0.06323241921950669-0.04488685019397333j),,(-0.0632324192195085-0.044886850193974606j),-2325.413966888069
9595,9595,10.95949375,0.0022349697548303,(-0.06948659668158286-0.0005359483216229744j),,(-0.06948659668158272-0.0005359483216223785j),-2324.6140308829476
9596,9596,10.95959375,0.0010357371591391,(0.05985873670031615-0.11947343810474101j),,(0.05985873670031563-0.11947343810474059j),-2323.8140948778264
9597,9597,10.95969375,0.0018189341688203,(0.05118344511419245+0.03167437809290348j),,(0.051183445114189444+0.03167437809290302j),-2323.0141588727047
9598,9598,10.95979375,0.0028208183408696,(-0.042273898057008194+0.01780593748774629j),,(-0.04227389805701101+0.017805937487747725j),-2322.2142228675834
9599,9599,10.95989375,0.0032131250942152,(0.07765214766253298+0.02187122181375733j),,(0.07765214766253192+0.021871221813757103j),-2321.4142868624617
9600,9600,10.95999375,0.0030216070332651,(-0.07136892788172614-0.03544358501415612j),,(-0.07136892788172525-0.03544358501416067j),-2320.6143508573405
9601,9601,10.96009375,0.0034618527423665,(0.040225175813287654-0.021784817996828916j),,(0.04022517581328526-0.02178481799683034j),-2319.8144148522188
9602,9602,10.96019375,0.0055666811993049,(-0.11744168487915822-0.08806649203024057j),,(-0.1174416848791581-0.08806649203023711j),-2319.0144788470975
9603,9603,10.96029375,0.0028196501171606,(0.011676050815825421-0.13650799605224143j),,(0.011676050815827212-0.13650799605224082j),-2318.214542841976
9604,9604,10.96039375,0.0016974668871415,(-0.04554511072206824-0.04687105437644415j),,(-0.04554511072206521-0.046871054376442005j),-2317.4146068368545
9605,9605,10.96049375,0.0043684152786705,(0.03972842952268356+0.0055723216375824225j),,(0.03972842952268623+0.0055723216375836646j),-2316.6146708317333
9606,9606,10.96059375,0.0040546481930982,(0.01375493651806171+0.006929111836311048j),,(0.0137549365180624+0.0069291118363130535j),-2315.8147348266116
9607,9607,10.96069375,0.003499139921343,(0.17189919708552767+0.0939273456280698j),,(0.1718991970855257+0.09392734562806813j),-2315.0147988214903
9608,9608,10.96079375,0.0027118982723369,(-0.08925780848310597+0.18925780933488623j),,(-0.08925780848310119+0.1892578093348868j),-2314.2148628163686
9609,9609,10.96089375,0.0028382359877403,(-0.1530481110869798-0.07129057283798784j),,(-0.15304811108698016-0.0712905728379934j),-2313.4149268112474
9610,9610,10.96099375,0.0050802491556221,(-0.07195284374422155-0.17138983863871393j),,(-0.07195284374422005-0.17138983863871438j),-2312.6149908061257
9611,9611,10.96109375,0.0033436060287614,(-0.05133655781429479+0.04444630775854057j),,(-0.05133655781429741+0.04444630775854301j),-2311.8150548010044
9612,9612,10.96119375,0.0040891743831969,(-0.0762027974936402-0.07502326553328388j),,(-0.07620279749363443-0.07502326553328278j),-2311.0151187958827
9613,9613,10.96129375,0.002269740780067,(0.08347110046379462-0.08071476385613326j),,(0.08347110046379536-0.08071476385613276j),-2310.2151827907614
9614,9614,10.96139375,0.0044971576278637,(-0.08069062235420081+0.06593408464350592j),,(-0.08069062235420339+0.0659340846435067j),-2309.41524678564
9615,9615,10.96149375,0.0056171080166315,(0.03817561629441113-0.05976699595310755j),,(0.03817561629441088-0.059766995953106465j),-2308.6153107805185
9616,9616,10.96159375,0.0059919991082791,(0.015054450576690689-0.06823570472020371j),,(0.015054450576693548-0.06823570472020166j),-2307.8153747753972
9617,9617,10.96169375,0.0037703968862262,(0.02857398184570102+0.09602944199223135j),,(0.028573981845702937+0.0960294419922326j),-2307.0154387702755
9618,9618,10.96179375,0.0048423001163289,(-0.07180864446818089-0.12768391051274924j),,(-0.07180864446818214-0.12768391051275207j),-2306.2155027651543
9619,9619,10.96189375,0.0050570285508412,(0.008815401637251565-0.1099178201814076j),,(0.008815401637252408-0.10991782018140633j),-2305.4155667600326
9620,9620,10.96199375,0.0067330081513623,(0.11140460629826718-0.09506716710621275j),,(0.11140460629826873-0.09506716710621012j),-2304.6156307549113
9621,9621,10.96209375,0.0058773773438282,(-0.062224742758370456+0.03583009064439239j),,(-0.062224742758367486+0.03583009064439632j),-2303.8156947497896
9622,9622,10.96219375,0.0044134753844015,(0.09650554164447624-0.08276722611384711j),,(0.09650554164448061-0.08276722611384642j),-2303.0157587446683
9623,9623,10.96229375,0.0076124887369677,(-0.20618956957552798+0.06578947972138247j),,(-0.20618956957553103+0.0657894797213892j),-2302.215822739547
9624,9624,10.96239375,0.0067496760339507,(0.10324869799205028-0.0736141367098877j),,(0.10324869799204728-0.07361413670988859j),-2301.4158867344254
9625,9625,10.96249375,0.0075146363059035,(-0.017009981600251765-0.020822844208601782j),,(-0.0170099816002455-0.020822844208606094j),-2300.615950729304
9626,9626,10.96259375,0.0042845688279699,(0.13328643727995554-0.013175042735157981j),,(0.133286437279955-0.013175042735157245j),-2299.8160147241824
9627,9627,10.96269375,0.0074150174041648,(0.03307666363188931+0.06533990383355696j),,(0.033076663631888784+0.06533990383355706j),-2299.016078719061
9628,9628,10.96279375,0.0074147346413366,(-0.046047072939881195-0.1614722612582653j),,(-0.04604707293988213-0.16147226125826303j),-2298.2161427139395
9629,9629,10.96289375,0.0065663344868606,(0.16096353400880553+0.02103330863247134j),,(0.16096353400880337+0.02103330863247415j),-2297.416206708818
9630,9630,10.96299375,0.0055179274951288,(-0.04176208452317279+0.023459544927391933j),,(-0.041762084523174196+0.023459544927391468j),-2296.6162707036965
9631,9631,10.96309375,0.0074807924593356,(0.01933253446326021+0.016422683120792043j),,(0.019332534463266333+0.01642268312078676j),-2295.8163346985752
9632,9632,10.96319375,0.0080251399824319,(-0.1765257158432776+0.02904358313108097j),,(-0.176525715843277+0.02904358313108476j),-2295.016398693454
9633,9633,10.96329375,0.0088830780702066,(0.13894828098759596-0.08367026315577926j),,(0.13894828098759382-0.0836702631557786j),-2294.2164626883323
9634,9634,10.96339375,0.005971820275906,(0.017240682502548066+0.10898498683986242j),,(0.01724068250254593+0.10898498683986146j),-2293.416526683211
9635,9635,10.96349375,0.0082198626661677,(-0.03809285695064035-0.03216761417660256j),,(-0.03809285695063739-0.03216761417660467j),-2292.6165906780893
9636,9636,10.96359375,0.0079410857779165,(0.1058592076833497+0.04593762310746378j),,(0.10585920768335018+0.04593762310746477j),-2291.816654672968
9637,9637,10.96369375,0.0073060605925928,(0.1468575452212947-0.05986698958707819j),,(0.14685754522129515-0.05986698958707497j),-2291.0167186678464
9638,9638,10.96379375,0.0072638047524189,(0.06106540183840791+0.06938905946203226j),,(0.06106540183840606+0.06938905946203347j),-2290.216782662725
9639,9639,10.96389375,0.0062285105245927,(0.0420333309823485-0.05542260991574116j),,(0.04203333098234746-0.05542260991573995j),-2289.4168466576034
9640,9640,10.96399375,0.007820278082878,(-0.06683255363044407-0.05185418532032809j),,(-0.06683255363044173-0.05185418532032823j),-2288.616910652482
9641,9641,10.96409375,0.0068570358480144,(0.04982178097694087-0.09893113139639155j),,(0.0498217809769408-0.09893113139638958j),-2287.816974647361
9642,9642,10.96419375,0.0077212543467316,(0.1299294327752236-0.003647168531307879j),,(0.12992943277522304-0.0036471685313089267j),-2287.017038642239
9643,9643,10.96429375,0.0083573477106183,(0.11301230962500347+0.1435032688105827j),,(0.11301230962500054+0.14350326881058165j),-2286.217102637118
9644,9644,10.96439375,0.0074169685809438,(0.059460133357738705-0.03653133800996532j),,(0.05946013335773987-0.03653133800996627j),-2285.417166631996
9645,9645,10.96449375,0.0080490874595854,(-0.11835100228108597+0.08035260740365184j),,(-0.11835100228108351+0.08035260740365291j),-2284.617230626875
9646,9646,10.96459375,0.008303933505411,(0.10215601169516868-0.08011006253642487j),,(0.10215601169517394-0.08011006253642712j),-2283.8172946217533
9647,9647,10.96469375,0.0093703405008321,(-0.011773893315689461-0.14199117018489607j),,(-0.011773893315690731-0.14199117018489923j),-2283.017358616632
9648,9648,10.96479375,0.0080186331160012,(0.13086617051241506+0.09098906134832609j),,(0.1308661705124144+0.09098906134832459j),-2282.2174226115108
9649,9649,10.96489375,0.0086111315162269,(0.003462983100005264-0.1213651729885254j),,(0.003462983100001364-0.1213651729885244j),-2281.417486606389
9650,9650,10.96499375,0.0074602545677711,(0.23038519128455598+0.06636677933517837j),,(0.2303851912845557+0.06636677933517639j),-2280.617550601268
9651,9651,10.96509375,0.0084778869394041,(-0.09081222962240248+0.044635883821643824j),,(-0.09081222962240644+0.04463588382164321j),-2279.817614596146
9652,9652,10.96519375,0.0065814555678278,(0.0672818498004836+0.03903457684895744j),,(0.06728184980048534+0.03903457684895789j),-2279.017678591025
9653,9653,10.96529375,0.0084706423278557,(-0.02774480397874481+0.09393712124919355j),,(-0.02774480397874622+0.0939371212491909j),-2278.217742585903
9654,9654,10.96539375,0.0071188502013463,(0.15501608847787424-0.13036419077620423j),,(0.15501608847787385-0.13036419077620257j),-2277.417806580782
9655,9655,10.96549375,0.0063851095411598,(0.1895898152149732+0.1287297235629572j),,(0.18958981521497295+0.1287297235629585j),-2276.61787057566
9656,9656,10.96559375,0.0067517585094352,(0.1469531608799609+0.21617389511876586j),,(0.14695316087995788+0.21617389511876464j),-2275.817934570539
9657,9657,10.96569375,0.006779307899577,(0.04140797629616692-0.031071263587719396j),,(0.041407976296166896-0.031071263587718386j),-2275.0179985654177
9658,9658,10.96579375,0.0071955768133803,(0.06519273976760348+0.15845981635476009j),,(0.0651927397675989+0.15845981635476242j),-2274.218062560296
9659,9659,10.96589375,0.005574053321861,(-0.18632097396948727+0.03319666936173374j),,(-0.18632097396948494+0.03319666936173196j),-2273.4181265551747
9660,9660,10.96599375,0.0052771612152849,(-0.017901513946922812-0.20851606106137802j),,(-0.017901513946919745-0.2085160610613779j),-2272.618190550053
9661,9661,10.96609375,0.0069269468135526,(0.020630801011633025-0.035542655066491666j),,(0.020630801011630645-0.03554265506649022j),-2271.8182545449317
9662,9662,10.96619375,0.0063206072774913,(-0.027424372854074106-0.06843599437970205j),,(-0.0274243728540726-0.06843599437970058j),-2271.01831853981
9663,9663,10.96629375,0.0065977866475983,(0.04282958351162372-0.11565353327745546j),,(0.0428295835116205-0.11565353327744798j),-2270.2183825346888
9664,9664,10.96639375,0.0057938582146971,(0.080020746635064-0.14713665333780357j),,(0.08002074663505995-0.14713665333780437j),-2269.418446529567
9665,9665,10.96649375,0.0061062098985875,(0.27019809666008066+0.12717408987791176j),,(0.2701980966600774+0.1271740898779139j),-2268.618510524446
9666,9666,10.96659375,0.0043725938554666,(-0.019746933433831677+0.031837177947486604j),,(-0.01974693343383124+0.0318371779474863j),-2267.8185745193246
9667,9667,10.96669375,0.0035839804259792,(0.20174704215761555-0.1341207173077346j),,(0.2017470421576152-0.13412071730773992j),-2267.018638514203
9668,9668,10.96679375,0.0031649269863739,(-0.12549938617522027+0.15727248781325032j),,(-0.12549938617521877+0.15727248781325123j),-2266.2187025090816
9669,9669,10.96689375,0.0018347587728606,(-0.021583468987613104+0.18374650515080385j),,(-0.021583468987610537+0.18374650515080332j),-2265.41876650396
9670,9670,10.96699375,0.0018843760104626,(-0.22707462694650823+0.042081319416624775j),,(-0.22707462694650715+0.04208131941662077j),-2264.6188304988386
9671,9671,10.96709375,0.00280610985149,(0.0249578683751961-0.012983295614797344j),,(0.024957868375199324-0.012983295614799125j),-2263.818894493717
9672,9672,10.96719375,0.0047449232624262,(-0.09207385398072013-0.09804900466203359j),,(-0.09207385398072115-0.09804900466203281j),-2263.0189584885957
9673,9673,10.96729375,0.0048461446290597,(0.00330130762153389-0.08258480403544373j),,(0.0033013076215328077-0.08258480403544392j),-2262.219022483474
9674,9674,10.96739375,0.0051094113900572,(0.06731966497834471-0.08106134649631927j),,(0.06731966497834191-0.08106134649631709j),-2261.4190864783527
9675,9675,10.96749375,0.0051095237210856,(-0.08607375744683124+0.10603815580436403j),,(-0.08607375744682896+0.10603815580436508j),-2260.6191504732315
9676,9676,10.96759375,0.0063809091841041,(-0.05597794620717945-0.09098461705256783j),,(-0.05597794620718048-0.09098461705256833j),-2259.8192144681097
9677,9677,10.96769375,0.0040576587417796,(-0.036920358917012466-0.06060365700742455j),,(-0.03692035891700754-0.06060365700742789j),-2259.0192784629885
9678,9678,10.96779375,0.0025285945674204,(-0.0026795004261934343-0.08362477309241631j),,(-0.0026795004261930154-0.08362477309241294j),-2258.219342457867
9679,9679,10.96789375,-3.867406977109383e-05,(0.005607312379248856+0.11071608606424092j),,(0.005607312379253189+0.1107160860642361j),-2257.4194064527455
9680,9680,10.96799375,0.0033347783843305,(-0.16038920161077427+0.07384295778451878j),,(-0.16038920161077536+0.07384295778451766j),-2256.619470447624
9681,9681,10.96809375,0.0030935246199566,(-0.012523594243256709-0.07939624169052913j),,(-0.012523594243252362-0.07939624169052886j),-2255.8195344425026
9682,9682,10.96819375,0.001351318269211,(0.03877787017260713+0.0076646796557372585j),,(0.03877787017260832+0.007664679655736551j),-2255.019598437381
9683,9683,10.96829375,-0.000580248831495,(0.10011293514351338-0.08358401502877862j),,(0.10011293514351141-0.08358401502877491j),-2254.2196624322596
9684,9684,10.96839375,0.0006738078859315,(-0.06357872824474146+0.21535863347551581j),,(-0.06357872824473962+0.21535863347551992j),-2253.4197264271384
9685,9685,10.96849375,0.0027191366718795,(0.013254223897260694-0.003266033635554056j),,(0.013254223897259422-0.003266033635554612j),-2252.6197904220166
9686,9686,10.96859375,0.0030078869866935,(-0.018789620696971196+0.22281695734688925j),,(-0.018789620696971772+0.22281695734688667j),-2251.8198544168954
9687,9687,10.96869375,0.0012761119949937,(-0.13307004079253648+0.03305983259685417j),,(-0.13307004079253287+0.033059832596848665j),-2251.0199184117737
9688,9688,10.96879375,0.0034141747845184,(-0.08905560288214077+0.029705202539437606j),,(-0.08905560288213744+0.029705202539443566j),-2250.2199824066524
9689,9689,10.96889375,0.006427543882853,(-0.010020937898268169+0.014392045768578755j),,(-0.010020937898264425+0.01439204576857827j),-2249.4200464015307
9690,9690,10.96899375,0.006350008319113,(-0.09048531669526817+0.030270326297316387j),,(-0.0904853166952672+0.03027032629731798j),-2248.6201103964095
9691,9691,10.96909375,0.0060987064908762,(0.08338675987716451-0.06118901137427603j),,(0.08338675987716428-0.06118901137427594j),-2247.8201743912878
9692,9692,10.96919375,0.0042778340395402,(-0.06910832222919572+0.023464710572941885j),,(-0.06910832222919192+0.023464710572938786j),-2247.0202383861665
9693,9693,10.96929375,0.0049738874774306,(0.19886317545712495+0.05811349406432384j),,(0.19886317545712467+0.05811349406432402j),-2246.2203023810453
9694,9694,10.96939375,0.0021830721820955,(-0.1158858767895577+0.003841334734560886j),,(-0.11588587678955575+0.0038413347345600396j),-2245.4203663759235
9695,9695,10.96949375,0.0032245348524327,(0.07218382095879447+0.17784671286987588j),,(0.07218382095879229+0.17784671286987425j),-2244.6204303708023
9696,9696,10.96959375,0.0037516581612659,(-0.11701133222233231-0.1203003625303657j),,(-0.1170113322223335-0.12030036253036486j),-2243.8204943656806
9697,9697,10.96969375,0.0038578354704778,(0.07511821375641618+0.04162539190083708j),,(0.07511821375641428+0.04162539190083436j),-2243.0205583605593
9698,9698,10.96979375,0.0030424533152536,(-0.02058467565462055-0.006491852420283686j),,(-0.020584675654623533-0.006491852420285089j),-2242.2206223554376
9699,9699,10.96989375,0.0047045503662872,(0.17154770918366416+0.01541054741726396j),,(0.17154770918366619+0.015410547417261746j),-2241.4206863503164
9700,9700,10.96999375,0.0054812671348606,(-0.09133601924007431-0.035336158906701054j),,(-0.09133601924007742-0.03533615890670212j),-2240.6207503451947
9701,9701,10.97009375,0.006606909643029,(0.012832072506595751-0.12009327040800429j),,(0.012832072506593697-0.1200932704080032j),-2239.8208143400734
9702,9702,10.97019375,0.0051702156767469,(0.04182161458711861-0.1821915695498185j),,(0.04182161458711885-0.18219156954981702j),-2239.020878334952
9703,9703,10.97029375,0.0060547542047871,(0.15708753883319065+0.013014053200569906j),,(0.15708753883318988+0.013014053200568254j),-2238.2209423298305
9704,9704,10.97039375,0.0054534289949003,(-0.06687908892098095+0.17139025300088043j),,(-0.06687908892097758+0.17139025300087546j),-2237.421006324709
9705,9705,10.97049375,0.0066788933517753,(0.12520340790276108-0.020636692661499062j),,(0.12520340790276419-0.020636692661495412j),-2236.6210703195875
9706,9706,10.97059375,0.0062495231349073,(-0.12707626967898075+0.20827091089798233j),,(-0.12707626967898325+0.2082709108979846j),-2235.8211343144662
9707,9707,10.97069375,0.0063364650144348,(-0.18594341162500047+0.12034670480471986j),,(-0.1859434116250005+0.12034670480472326j),-2235.0211983093445
9708,9708,10.97079375,0.0061318723143069,(-0.0765178197602426+0.06000601556039733j),,(-0.07651781976023975+0.06000601556039767j),-2234.2212623042233
9709,9709,10.97089375,0.0069176166407843,(-0.19609711529836335+0.039180754817284065j),,(-0.19609711529836082+0.03918075481728286j),-2233.4213262991016
9710,9710,10.97099375,0.0060429052270299,(-0.13238452817479546-0.036412487279414714j),,(-0.13238452817479535-0.036412487279415505j),-2232.6213902939803
9711,9711,10.97109375,0.0062560030574988,(0.08442011390568605-0.08818290725378923j),,(0.08442011390568659-0.08818290725378612j),-2231.821454288859
9712,9712,10.97119375,0.0068011705603758,(-0.18171484225650072+0.1709509632273496j),,(-0.18171484225650253+0.17095096322735182j),-2231.0215182837374
9713,9713,10.97129375,0.0082295569779128,(-0.27118301103643283-0.008992166919173816j),,(-0.2711830110364323-0.008992166919171402j),-2230.221582278616
9714,9714,10.97139375,0.0075512618797453,(-0.0760359930482397-0.031694612887486144j),,(-0.07603599304823723-0.03169461288748336j),-2229.4216462734944
9715,9715,10.97149375,0.007173385652305,(-0.08856107462635693-0.15944744218767162j),,(-0.08856107462636052-0.15944744218767065j),-2228.621710268373
9716,9716,10.97159375,0.0074685641005495,(0.11115986435803653+0.06569213074026456j),,(0.1111598643580348+0.06569213074026524j),-2227.8217742632514
9717,9717,10.97169375,0.008300549975977,(0.23976895770546486-0.2533919573163018j),,(0.23976895770546447-0.2533919573163037j),-2227.02183825813
9718,9718,10.97179375,0.0063606207252094,(0.012489437072818431+0.29641480622669286j),,(0.012489437072816335+0.29641480622669664j),-2226.221902253009
9719,9719,10.97189375,0.0078574370484484,(-0.0941982765235426-0.1265872630050059j),,(-0.09419827652354423-0.12658726300500475j),-2225.421966247887
9720,9720,10.97199375,0.0054672411120554,(0.05335845399548577-0.04278343647591112j),,(0.05335845399548943-0.04278343647591309j),-2224.622030242766
9721,9721,10.97209375,0.0080201223372923,(-0.07041022892654442+0.02483630882262508j),,(-0.07041022892654614+0.024836308822627624j),-2223.8220942376443
9722,9722,10.97219375,0.0063358041822567,(-0.10033289172840879-0.029320397539459968j),,(-0.10033289172840924-0.029320397539463673j),-2223.022158232523
9723,9723,10.97229375,0.0095764879152249,(-0.1574163419023169-0.09465856301884525j),,(-0.15741634190231654-0.09465856301884756j),-2222.2222222274013
9724,9724,10.97239375,0.0084432931353516,(-0.09393762139506037-0.288830708986601j),,(-0.0939376213950612-0.2888307089866008j),-2221.42228622228
9725,9725,10.97249375,0.0079511713252608,(0.058032018218309146-0.11448931805825777j),,(0.058032018218308945-0.11448931805826092j),-2220.6223502171583
9726,9726,10.97259375,0.0069920770083453,(0.17920451508744478-0.01573116501049876j),,(0.17920451508743993-0.015731165010502566j),-2219.822414212037
9727,9727,10.97269375,0.0074394056437714,(-0.024089283568567453+0.09960748208048381j),,(-0.02408928356856193+0.099607482080484j),-2219.022478206916
9728,9728,10.97279375,0.0075300566671759,(-0.021208160525980777+0.05352908686778551j),,(-0.021208160525984426+0.0535290868677816j),-2218.222542201794
9729,9729,10.97289375,0.0072310841412888,(-0.08135210718225977-0.16887442533370026j),,(-0.08135210718225692-0.1688744253336984j),-2217.422606196673
9730,9730,10.97299375,0.0065089827706856,(0.1395581370585099-0.001992007476328647j),,(0.13955813705851103-0.0019920074763304235j),-2216.622670191551
9731,9731,10.97309375,0.0062095383638159,(0.05562930824193911+0.003392345339338663j),,(0.05562930824194354+0.0033923453393375283j),-2215.82273418643
9732,9732,10.97319375,0.0071240473360325,(0.18553073894761904+0.07766236721255743j),,(0.18553073894762037+0.07766236721255573j),-2215.022798181308
9733,9733,10.97329375,0.0066862276654211,(-0.0621947775433293+0.04266066917675932j),,(-0.062194777543326626+0.04266066917676194j),-2214.222862176187
9734,9734,10.97339375,0.0078683961957454,(-0.09827852163238356-0.08784148604701303j),,(-0.09827852163238338-0.08784148604701403j),-2213.4229261710652
9735,9735,10.97349375,0.0060080491589426,(0.1248148526590472-0.031089177030537516j),,(0.12481485265904821-0.031089177030535875j),-2212.622990165944
9736,9736,10.97359375,0.0072397615739056,(-0.10888544137679662+0.126853498699261j),,(-0.1088854413767946+0.1268534986992592j),-2211.8230541608227
9737,9737,10.97369375,0.0089632821862456,(0.0501933443124139+0.05891728579736544j),,(0.0501933443124153+0.05891728579736501j),-2211.023118155701
9738,9738,10.97379375,0.009758370660097,(0.044622286097026315-0.05206110019748293j),,(0.0446222860970281-0.05206110019747985j),-2210.2231821505798
9739,9739,10.97389375,0.0094961361204935,(-0.0617278241344714+0.056480677930929944j),,(-0.061727824134473294+0.05648067793092948j),-2209.423246145458
9740,9740,10.97399375,0.0071909083125556,(0.10413057465176423+0.1471371764480342j),,(0.10413057465176748+0.14713717644803076j),-2208.623310140337
9741,9741,10.97409375,0.0075608897577375,(0.027293621005696437-0.09812275249919193j),,(0.027293621005692527-0.09812275249919089j),-2207.823374135215
9742,9742,10.97419375,0.0062801376672529,(0.1305585829390779+0.22998871700951878j),,(0.13055858293907915+0.22998871700951862j),-2207.023438130094
9743,9743,10.97429375,0.0050221365109459,(-0.1328981773990124+0.017984228144316283j),,(-0.1328981773990092+0.017984228144312067j),-2206.223502124972
9744,9744,10.97439375,0.00307501650267,(0.03846142542438592-0.06660175464719445j),,(0.03846142542438409-0.06660175464719682j),-2205.423566119851
9745,9745,10.97449375,0.004358800955779,(0.04220131652152918+0.09115004762065888j),,(0.04220131652153121+0.09115004762065965j),-2204.6236301147296
9746,9746,10.97459375,0.0047217124881865,(-0.014372212765250927+0.17443941163401874j),,(-0.01437221276525226+0.17443941163402032j),-2203.823694109608
9747,9747,10.97469375,0.0064272284357871,(0.10213004214401482-0.15044928250867567j),,(0.10213004214401797-0.15044928250867437j),-2203.0237581044867
9748,9748,10.97479375,0.0056976996024156,(-0.18821514459433447+0.07711846416633472j),,(-0.18821514459433547+0.077118464166334j),-2202.223822099365
9749,9749,10.97489375,0.0060905168067616,(0.04537578506566963+0.01151472524089166j),,(0.04537578506566904+0.01151472524089145j),-2201.4238860942437
9750,9750,10.97499375,0.0070002912906722,(-0.14197324244831686+0.11825225786910437j),,(-0.14197324244831205+0.11825225786910253j),-2200.623950089122
9751,9751,10.97509375,0.0063577773783537,(-0.10928076392425547-0.08853240716236631j),,(-0.10928076392425407-0.08853240716236672j),-2199.8240140840007
9752,9752,10.97519375,0.0060615104065391,(-0.15646460678038426-0.20279327239364697j),,(-0.1564646067803828-0.20279327239364695j),-2199.024078078879
9753,9753,10.97529375,0.0041207065265353,(0.3206811217974402-0.04696600462988912j),,(0.32068112179744224-0.046966004629887044j),-2198.224142073758
9754,9754,10.97539375,0.0039380677451186,(-0.047744287204255394-0.187430482295306j),,(-0.047744287204259196-0.18743048229530765j),-2197.4242060686365
9755,9755,10.97549375,0.0025019046413291,(0.32701050919347974-0.01938782474058437j),,(0.32701050919348124-0.01938782474059006j),-2196.624270063515
9756,9756,10.97559375,0.0013842937049497,(-0.049428690761891735+0.12874450413232474j),,(-0.049428690761892116+0.12874450413232486j),-2195.8243340583936
9757,9757,10.97569375,0.0018334004404468,(-0.056471000494075725-0.152683182221871j),,(-0.05647100049407351-0.1526831822218686j),-2195.024398053272
9758,9758,10.97579375,0.0027289383869326,(0.014952510675808479-0.03758395048291105j),,(0.014952510675810942-0.03758395048291197j),-2194.2244620481506
9759,9759,10.97589375,0.0030158382894988,(0.12415077057147296-0.023633432108983755j),,(0.12415077057147246-0.0236334321089851j),-2193.424526043029
9760,9760,10.97599375,0.0022579147973133,(-0.032624040362566505+0.09102513973577318j),,(-0.032624040362568364+0.09102513973577167j),-2192.6245900379076
9761,9761,10.97609375,0.0034548622466228,(0.024726947577720024+0.06848830421289162j),,(0.024726947577718275+0.06848830421288779j),-2191.824654032786
9762,9762,10.97619375,0.0043810966464582,(-0.052165713719512063-0.033159928685690405j),,(-0.05216571371951163-0.03315992868568976j),-2191.0247180276647
9763,9763,10.97629375,0.0041936662344859,(0.08785198855668797+0.08451553070336457j),,(0.08785198855669007+0.08451553070336243j),-2190.2247820225434
9764,9764,10.97639375,0.0037369960833174,(0.05237658807755369+0.08449092158376217j),,(0.05237658807755514+0.08449092158375736j),-2189.4248460174217
9765,9765,10.97649375,0.0036887431160235,(-0.13364636201749214+0.05766279792423638j),,(-0.13364636201749197+0.05766279792423866j),-2188.6249100123005
9766,9766,10.97659375,0.0022941234749095,(-0.11266757177558118+0.0070873281762401305j),,(-0.11266757177558258+0.007087328176238972j),-2187.8249740071788
9767,9767,10.97669375,0.0029120470105279,(-0.06468441248108271-0.1088341692924137j),,(-0.06468441248108153-0.10883416929241124j),-2187.0250380020575
9768,9768,10.97679375,0.0029337953618096,(0.03557642010756682-0.19762133802679996j),,(0.035576420107567536-0.1976213380267968j),-2186.225101996936
9769,9769,10.97689375,0.001675571618677,(-0.011404425753420686-0.10847993028912478j),,(-0.0114044257534192-0.10847993028912965j),-2185.4251659918145
9770,9770,10.97699375,0.0019838578881221,(0.05653841547762377+0.04868121610353239j),,(0.05653841547762176+0.04868121610353353j),-2184.625229986693
9771,9771,10.97709375,0.0021688811939699,(-0.21506407919961815+0.14589929314326808j),,(-0.215064079199617+0.14589929314326497j),-2183.8252939815716
9772,9772,10.97719375,0.0037358091420094,(-0.28978091737758205-0.1664796884885444j),,(-0.28978091737757866-0.16647968848853809j),-2183.0253579764503
9773,9773,10.97729375,0.0027135108729441,(-0.027027528925339078-0.155921640025425j),,(-0.027027528925336344-0.15592164002541825j),-2182.2254219713286
9774,9774,10.97739375,0.0029326905974972,(0.2244290859320694-0.03146433695816886j),,(0.22442908593206956-0.03146433695816686j),-2181.4254859662074
9775,9775,10.97749375,0.0042881275937315,(0.040430645484725775+0.13980128114878956j),,(0.0404306454847255+0.13980128114878992j),-2180.6255499610857
9776,9776,10.97759375,0.0049983008186188,(-0.22150233760047078+0.0259829132550226j),,(-0.22150233760047527+0.0259829132550263j),-2179.8256139559644
9777,9777,10.97769375,0.0062439352207342,(0.07513282323711275+0.02428197041968085j),,(0.07513282323711269+0.024281970419679576j),-2179.0256779508427
9778,9778,10.97779375,0.0038910910153205,(0.01935618891794108-0.15277256956344484j),,(0.019356188917941018-0.1527725695634462j),-2178.2257419457214
9779,9779,10.97789375,0.0036852246971817,(0.012993962974065403+0.12032992002214579j),,(0.01299396297406466+0.12032992002214682j),-2177.4258059405997
9780,9780,10.97799375,0.0043704834011337,(-0.15451720653201265-0.17404877702125654j),,(-0.15451720653201403-0.17404877702125407j),-2176.6258699354785
9781,9781,10.97809375,0.0042734091904902,(0.12208488848801671-0.08552017938204565j),,(0.12208488848801856-0.08552017938204587j),-2175.825933930357
9782,9782,10.97819375,0.0030880085987624,(0.04283111826007689-0.025562138244060083j),,(0.0428311182600733-0.02556213824406238j),-2175.0259979252355
9783,9783,10.97829375,0.0027091715973687,(-0.12647475102990716-0.04879545931498063j),,(-0.12647475102990952-0.04879545931498344j),-2174.2260619201143
9784,9784,10.97839375,0.0031558100545116,(-0.010740872298591771+0.05914734518164876j),,(-0.010740872298591988+0.05914734518164797j),-2173.4261259149926
9785,9785,10.97849375,0.0058767243743314,(0.08514551196586903-0.045947154242308594j),,(0.08514551196586684-0.04594715424231348j),-2172.6261899098713
9786,9786,10.97859375,0.003833577311085,(-0.023930021825682657-0.13566094806972961j),,(-0.023930021825681026-0.13566094806972606j),-2171.8262539047496
9787,9787,10.97869375,0.0068459950146948,(0.0910905673217112+0.17161591719284933j),,(0.09109056732171082+0.17161591719285144j),-2171.0263178996283
9788,9788,10.97879375,0.0067634033342856,(-0.19317451629555948-0.30216540031284567j),,(-0.19317451629556306-0.30216540031284783j),-2170.226381894507
9789,9789,10.97889375,0.0090662078531496,(0.04782511462698716-0.07620200750588442j),,(0.04782511462698815-0.07620200750588288j),-2169.4264458893854
9790,9790,10.97899375,0.007784488584415,(0.12309986798207681+0.13426440104170714j),,(0.12309986798207799+0.1342644010417069j),-2168.626509884264
9791,9791,10.97909375,0.0067336105012252,(-0.21575748396773264-0.005641423086740973j),,(-0.21575748396773248-0.005641423086744696j),-2167.8265738791424
9792,9792,10.97919375,0.0071198992477706,(-0.06851467100734453-0.11661345923155818j),,(-0.06851467100734689-0.11661345923156241j),-2167.026637874021
9793,9793,10.97929375,0.0080203283208878,(0.0264098138585542-0.09854637788942602j),,(0.026409813858546464-0.09854637788942372j),-2166.2267018688995
9794,9794,10.97939375,0.0068648765752995,(0.28744766979397307+0.1632970743213281j),,(0.2874476697939738+0.1632970743213263j),-2165.426765863778
9795,9795,10.97949375,0.0055455051893152,(0.03998144129945645+0.07774763780331666j),,(0.03998144129946122+0.07774763780332046j),-2164.6268298586565
9796,9796,10.97959375,0.0048096846945269,(0.1800829392253976-0.1740386119977441j),,(0.1800829392253987-0.17403861199774634j),-2163.8268938535352
9797,9797,10.97969375,0.0057657359024447,(0.01589327961570814-0.029310373991162923j),,(0.01589327961571086-0.029310373991160737j),-2163.026957848414
9798,9798,10.97979375,0.007070888742869,(0.08978045799376191+0.009073740349583246j),,(0.08978045799376089+0.009073740349583713j),-2162.2270218432923
9799,9799,10.97989375,0.0069132333085111,(-0.027896835709770168-0.17657562004002444j),,(-0.027896835709773908-0.17657562004002744j),-2161.427085838171
9800,9800,10.97999375,0.0062048650939704,(0.044624783799518855+0.11625600140402152j),,(0.04462478379952034+0.11625600140402241j),-2160.6271498330493
9801,9801,10.98009375,0.0070122619239095,(0.1255886540295372-0.05201192967817604j),,(0.12558865402954072-0.05201192967817388j),-2159.827213827928
9802,9802,10.98019375,0.0090865481119581,(0.039123592621414294+0.19451647751699327j),,(0.03912359262141528+0.1945164775169898j),-2159.0272778228064
9803,9803,10.98029375,0.0097897003279638,(-0.029058098465793103+0.20714286782610336j),,(-0.029058098465795892+0.20714286782610097j),-2158.227341817685
9804,9804,10.98039375,0.0073932503593166,(0.0882936120704408-0.07810128517333922j),,(0.08829361207044134-0.07810128517333896j),-2157.4274058125634
9805,9805,10.98049375,0.0077708214896077,(-0.06446038816212836+0.017334711923413973j),,(-0.06446038816213175+0.01733471192341632j),-2156.627469807442
9806,9806,10.98059375,0.0086990433876682,(0.12663460384047737-0.1327177619326388j),,(0.12663460384047548-0.13271776193263768j),-2155.827533802321
9807,9807,10.98069375,0.0071112021379418,(0.13232539322608794+0.04341844993903449j),,(0.13232539322609+0.04341844993903343j),-2155.027597797199
9808,9808,10.98079375,0.0065332030376877,(-0.047620486093227124+0.0917109651658049j),,(-0.04762048609322529+0.09171096516580411j),-2154.227661792078
9809,9809,10.98089375,0.0067235989433373,(0.02934120122094705-0.16207965829457782j),,(0.0293412012209448-0.16207965829457766j),-2153.427725786956
9810,9810,10.98099375,0.0080061649400795,(-0.10202835336852964+0.07258753009987995j),,(-0.10202835336852564+0.07258753009988218j),-2152.627789781835
9811,9811,10.98109375,0.007583601067925,(0.007527172228746097-0.12480429477936068j),,(0.007527172228746853-0.12480429477936182j),-2151.8278537767133
9812,9812,10.98119375,0.0061568276034444,(-0.06854625742632516+0.06674481314137642j),,(-0.06854625742632878+0.06674481314137679j),-2151.027917771592
9813,9813,10.98129375,0.0088355811739004,(0.008307106059821287-0.1437588482017535j),,(0.008307106059821014-0.143758848201759j),-2150.2279817664703
9814,9814,10.98139375,0.008504587811319,(-0.15464164696555596+0.1714165909477449j),,(-0.1546416469655545+0.17141659094774778j),-2149.428045761349
9815,9815,10.98149375,0.0100368450225519,(0.23501587005715846-0.20520882745451713j),,(0.23501587005715935-0.2052088274545163j),-2148.628109756228
9816,9816,10.98159375,0.0072313473148915,(0.09153420757466932+0.09964975310576898j),,(0.09153420757467245+0.09964975310577093j),-2147.828173751106
9817,9817,10.98169375,0.0077184451706553,(0.12669520418734348+0.01552633281483417j),,(0.12669520418734267+0.015526332814831546j),-2147.028237745985
9818,9818,10.98179375,0.0073216580287574,(-0.04877342910808921+0.02028696573802582j),,(-0.04877342910808899+0.020286965738028486j),-2146.228301740863
9819,9819,10.98189375,0.0071996334513678,(0.030188234087800064+0.011930059558781242j),,(0.030188234087801722+0.011930059558781587j),-2145.428365735742
9820,9820,10.98199375,0.0068665814829131,(-0.12428137267757666+0.2089348367627628j),,(-0.12428137267757777+0.20893483676276398j),-2144.62842973062
9821,9821,10.98209375,0.0073697829010462,(-0.359353089497809-0.14421325232418386j),,(-0.3593530894978083-0.14421325232418516j),-2143.828493725499
9822,9822,10.98219375,0.007312063594461,(0.01894301005704438-0.07827349615708995j),,(0.018943010057043467-0.07827349615709324j),-2143.028557720377
9823,9823,10.98229375,0.0069059622672715,(0.02679709727853324-0.03613524360068991j),,(0.02679709727853257-0.0361352436006942j),-2142.228621715256
9824,9824,10.98239375,0.0065602218379991,(0.11851502617174711+0.13205761573954553j),,(0.11851502617174897+0.13205761573954564j),-2141.4286857101347
9825,9825,10.98249375,0.0070474633380717,(0.11024681365193029+0.1402676316382536j),,(0.11024681365193102+0.14026763163825479j),-2140.628749705013
9826,9826,10.98259375,0.0077002449293991,(0.010281942244817566-0.06136909561920133j),,(0.010281942244807883-0.06136909561920084j),-2139.8288136998917
9827,9827,10.98269375,0.0049996498841288,(0.007994942657945084-0.00679330244120311j),,(0.007994942657942677-0.006793302441200596j),-2139.02887769477
9828,9828,10.98279375,0.0054257166655823,(0.10060736408081186-0.09545610414450759j),,(0.10060736408080716-0.09545610414450421j),-2138.2289416896488
9829,9829,10.98289375,0.0056217884480895,(0.03056691906686097-0.04232674342060652j),,(0.03056691906686142-0.042326743420608305j),-2137.429005684527
9830,9830,10.98299375,0.0071557046551301,(-0.051794637623045495+0.10915765197561086j),,(-0.05179463762304318+0.10915765197560759j),-2136.629069679406
9831,9831,10.98309375,0.0048000406257845,(-0.06453899512598728-0.07433830293324714j),,(-0.06453899512598459-0.074338302933249j),-2135.829133674284
9832,9832,10.98319375,0.003430666842539,(0.1504892788549048-0.1478339970718851j),,(0.15048927885490845-0.14783399707188596j),-2135.029197669163
9833,9833,10.98329375,0.0037236173525871,(0.03261699996962142-0.019824685715687712j),,(0.03261699996962188-0.019824685715689183j),-2134.2292616640416
9834,9834,10.98339375,0.0043367619235812,(-0.10654089800764802+0.016470394994922526j),,(-0.10654089800764968+0.016470394994919126j),-2133.42932565892
9835,9835,10.98349375,0.0045151239803565,(-0.029790383683849557+0.20309802731783352j),,(-0.029790383683847406+0.20309802731783402j),-2132.6293896537986
9836,9836,10.98359375,0.0033329999170571,(0.012734154020678033+0.13558116836901485j),,(0.01273415402068244+0.13558116836901665j),-2131.829453648677
9837,9837,10.98369375,0.0024811912977809,(0.09418153243539454+0.1237023184114587j),,(0.09418153243539108+0.12370231841145761j),-2131.0295176435557
9838,9838,10.98379375,0.0033616914326183,(-0.16041648853513496-0.11616249667638968j),,(-0.1604164885351336-0.11616249667638909j),-2130.229581638434
9839,9839,10.98389375,0.0036618019017388,(0.000562470904319769+0.00510560329296888j),,(0.0005624709043224165+0.005105603292965285j),-2129.4296456333127
9840,9840,10.98399375,0.0031874947577925,(-0.07541195369539155-0.0012257735356936538j),,(-0.0754119536953889-0.0012257735356938602j),-2128.629709628191
9841,9841,10.98409375,0.0026811242951452,(0.025229875703307342+0.11719254882454777j),,(0.025229875703309743+0.11719254882454849j),-2127.8297736230697
9842,9842,10.98419375,0.0050144988572693,(-0.03658287260257561+0.04169704372580206j),,(-0.03658287260257688+0.041697043725803545j),-2127.0298376179485
9843,9843,10.98429375,0.0043946798592489,(-0.14440407524245746+0.0725701965533597j),,(-0.14440407524245968+0.0725701965533616j),-2126.229901612827
9844,9844,10.98439375,0.0047867388116602,(0.0012876144773877884-0.03212265162589943j),,(0.001287614477387667-0.032122651625898585j),-2125.4299656077055
9845,9845,10.98449375,0.0021808558228348,(-0.10354777915911945-0.14367295433608268j),,(-0.10354777915911731-0.14367295433608376j),-2124.630029602584
9846,9846,10.98459375,0.0027996447971764,(-0.12370812492449942-0.079707271234074j),,(-0.12370812492449633-0.0797072712340755j),-2123.8300935974626
9847,9847,10.98469375,0.0027150251514611,(0.09408229893011957-0.19155957045042446j),,(0.09408229893012021-0.19155957045042268j),-2123.030157592341
9848,9848,10.98479375,0.0035448495610328,(-0.0300210271470854+0.13760942162719594j),,(-0.030021027147086436+0.13760942162719722j),-2122.2302215872196
9849,9849,10.98489375,0.0003907411762733,(-0.019430162157111932-0.11647080699160127j),,(-0.01943016215711137-0.1164708069916071j),-2121.430285582098
9850,9850,10.98499375,0.0010252040931112,(0.10564408325110641-0.031534413161899935j),,(0.10564408325110823-0.031534413161902385j),-2120.6303495769766
9851,9851,10.98509375,0.0015679316871827,(0.07530090988007714-0.08201045260450782j),,(0.07530090988007938-0.08201045260450765j),-2119.8304135718554
9852,9852,10.98519375,0.0048627771479665,(-0.05205552581687352-0.1867486616296652j),,(-0.05205552581687546-0.18674866162966625j),-2119.0304775667337
9853,9853,10.98529375,0.0023441518228041,(0.15197800664883-0.09650382157480653j),,(0.15197800664883068-0.09650382157480648j),-2118.2305415616124
9854,9854,10.98539375,0.0042393477034865,(0.2132756793525745-0.09417328824165552j),,(0.21327567935257372-0.09417328824165654j),-2117.4306055564907
9855,9855,10.98549375,0.003580382120436,(-0.019529326271600898+0.14686770366781612j),,(-0.019529326271600284+0.14686770366781723j),-2116.6306695513695
9856,9856,10.98559375,0.0062084520466791,(0.11330513378203039+0.04658250348193112j),,(0.11330513378203251+0.046582503481931534j),-2115.8307335462478
9857,9857,10.98569375,0.0051775481389841,(0.12329001576828245+0.22905979412004032j),,(0.12329001576828266+0.22905979412004032j),-2115.0307975411265
9858,9858,10.98579375,0.0038195570204657,(0.1936739969014904+0.10236119116771104j),,(0.1936739969014901+0.10236119116770781j),-2114.2308615360052
9859,9859,10.98589375,0.0023541453322875,(0.01604650762930261+0.3266679407430839j),,(0.016046507629302223+0.32666794074308436j),-2113.4309255308835
9860,9860,10.98599375,0.0033161368886199,(-0.11290527049966237+0.40262542356473197j),,(-0.1129052704996649+0.4026254235647295j),-2112.6309895257623
9861,9861,10.98609375,0.0035624576160017,(-0.1226285946296776+0.12583040837879786j),,(-0.12262859462967877+0.1258304083787959j),-2111.8310535206406
9862,9862,10.98619375,0.0027527687332741,(-0.06484787649080037-0.1656637442220628j),,(-0.06484787649079736-0.16566374422206018j),-2111.0311175155193
9863,9863,10.98629375,0.0018432110913275,(0.14526524158148907-0.053903551558437894j),,(0.1452652415814955-0.05390355155843531j),-2110.2311815103976
9864,9864,10.98639375,0.0029624116106488,(-0.04726636014910352+0.05875566460651137j),,(-0.04726636014910023+0.05875566460650852j),-2109.4312455052764
9865,9865,10.98649375,0.005833839172583,(-0.1327662519794561-0.029100792112876646j),,(-0.13276625197945185-0.029100792112879775j),-2108.6313095001547
9866,9866,10.98659375,0.0053070697445939,(-0.1612040190285941+0.1721057718187534j),,(-0.16120401902859066+0.17210577181875075j),-2107.8313734950334
9867,9867,10.98669375,0.0060770103765024,(-0.2664379962265161-0.1707302669035537j),,(-0.2664379962265149-0.17073026690355034j),-2107.031437489912
9868,9868,10.98679375,0.0051476932111811,(-0.12101244284557136-0.32458541035033256j),,(-0.12101244284556967-0.32458541035033167j),-2106.2315014847904
9869,9869,10.98689375,0.0066786560391108,(-0.05647090250434984-0.1755542839150814j),,(-0.05647090250434741-0.1755542839150772j),-2105.431565479669
9870,9870,10.98699375,0.006208899246468,(0.16667799682702755-0.22167117979283008j),,(0.16667799682702633-0.22167117979283113j),-2104.6316294745475
9871,9871,10.98709375,0.0067984232481555,(-0.036053134960794084-0.07603778000142525j),,(-0.03605313496079785-0.07603778000142743j),-2103.831693469426
9872,9872,10.98719375,0.0056628259715779,(0.13255650831981403-0.13777894865265286j),,(0.13255650831981233-0.1377789486526529j),-2103.0317574643045
9873,9873,10.98729375,0.0046378183900756,(0.027720774497502+0.14984336057443215j),,(0.027720774497500576+0.14984336057443576j),-2102.2318214591833
9874,9874,10.98739375,0.0051676912380526,(0.0642246102941116-0.00302606832932272j),,(0.06422461029411164-0.003026068329323532j),-2101.4318854540616
9875,9875,10.98749375,0.0072753525422501,(-0.022801123867083255-0.13841606275441992j),,(-0.022801123867087325-0.13841606275441762j),-2100.6319494489403
9876,9876,10.98759375,0.0068420365935783,(0.22252777495845674-0.15039771337315685j),,(0.22252777495845003-0.15039771337315536j),-2099.832013443819
9877,9877,10.98769375,0.0050878268125712,(0.12667879571109208-0.13505957265969926j),,(0.12667879571109264-0.13505957265969853j),-2099.0320774386973
9878,9878,10.98779375,0.0052799216158657,(-0.05283245883559294+0.13919049522756297j),,(-0.052832458835594974+0.13919049522756766j),-2098.232141433576
9879,9879,10.98789375,0.0072804053466693,(0.09780199979076162-0.0528313882747706j),,(0.09780199979076129-0.05283138827476596j),-2097.4322054284544
9880,9880,10.98799375,0.0089521866249913,(0.16987225377297846+0.04388817928228508j),,(0.16987225377297716+0.04388817928229032j),-2096.632269423333
9881,9881,10.98809375,0.0071977793219029,(0.13687698444956292+0.038827333366246046j),,(0.13687698444956362+0.03882733336624815j),-2095.8323334182114
9882,9882,10.98819375,0.006372741271733,(0.07603371853169817+0.07522434857087959j),,(0.07603371853169613+0.07522434857088028j),-2095.03239741309
9883,9883,10.98829375,0.0085889333512701,(-0.026905534731240882+0.2662204815337601j),,(-0.026905534731235164+0.26622048153375594j),-2094.2324614079685
9884,9884,10.98839375,0.0096914275922186,(-0.2109037921736912+0.1018399590848238j),,(-0.21090379217368893+0.10183995908481777j),-2093.432525402847
9885,9885,10.98849375,0.009675000594379,(-0.3740748073665692+0.14349381396635155j),,(-0.37407480736656656+0.14349381396635216j),-2092.632589397726
9886,9886,10.98859375,0.0060596469534908,(-0.04204450952102855-0.0436657034134769j),,(-0.042044509521026056-0.04366570341347873j),-2091.8326533926042
9887,9887,10.98869375,0.0078559576902371,(0.028092908990977297+0.09261366703498194j),,(0.02809290899097748+0.09261366703498354j),-2091.032717387483
9888,9888,10.98879375,0.0070163352648805,(-0.19371328985898062+0.014002111560202965j),,(-0.19371328985897787+0.014002111560202965j),-2090.2327813823613
9889,9889,10.98889375,0.0083437034817147,(0.07359753092078555-0.3218052782516098j),,(0.07359753092078211-0.32180527825160576j),-2089.43284537724
9890,9890,10.98899375,0.0066803661341634,(-0.007661910278979136+0.04042896464022005j),,(-0.007661910278983759+0.04042896464022495j),-2088.6329093721183
9891,9891,10.98909375,0.0070534175579583,(-0.10636825235770438-0.13918017354529774j),,(-0.10636825235770622-0.13918017354530055j),-2087.832973366997
9892,9892,10.98919375,0.0061087800570286,(-0.012074003116460282-0.08851087561412202j),,(-0.012074003116461184-0.08851087561412149j),-2087.0330373618754
9893,9893,10.98929375,0.0082937675332829,(0.1307236126855467-0.12351927325545081j),,(0.13072361268554497-0.12351927325545223j),-2086.233101356754
9894,9894,10.98939375,0.0070967834382168,(-0.1643282824528461+0.04673889935801636j),,(-0.1643282824528471+0.04673889935801607j),-2085.433165351633
9895,9895,10.98949375,0.0077979582000112,(-0.11461928660105272+0.17119400135389934j),,(-0.11461928660105651+0.17119400135389679j),-2084.633229346511
9896,9896,10.98959375,0.0079433632032093,(-0.21797895975278178-0.11959983252573435j),,(-0.21797895975278359-0.11959983252573028j),-2083.83329334139
9897,9897,10.98969375,0.0097933379033055,(-0.012670255386743864+0.02100195593264814j),,(-0.012670255386742824+0.02100195593264699j),-2083.033357336268
9898,9898,10.98979375,0.0096404086060091,(-0.24182925507869224-0.013269882054076532j),,(-0.2418292550786924-0.01326988205407359j),-2082.233421331147
9899,9899,10.98989375,0.0070794176692559,(0.022196622183273253+0.008274957831998185j),,(0.022196622183272625+0.00827495783200152j),-2081.433485326025
9900,9900,10.98999375,0.0075609773607202,(-0.11683618548112312+0.010648327400409309j),,(-0.11683618548112201+0.010648327400410725j),-2080.633549320904
9901,9901,10.99009375,0.0095323991160211,(-0.12049275633580947+0.02081306925151169j),,(-0.1204927563358069+0.02081306925151092j),-2079.8336133157823
9902,9902,10.99019375,0.0081891109144512,(0.07624019113920498-0.08977902682368816j),,(0.07624019113920474-0.08977902682368977j),-2079.033677310661
9903,9903,10.99029375,0.0060974127508449,(0.023142235466800814-0.21182554659101172j),,(0.02314223546679956-0.21182554659100564j),-2078.2337413055398
9904,9904,10.99039375,0.0045531766529261,(0.2635723595844112-0.04814035083423385j),,(0.2635723595844124-0.04814035083423611j),-2077.433805300418
9905,9905,10.99049375,0.0073742508282277,(0.2890575022640004-0.043199849545495765j),,(0.28905750226399796-0.04319984954549494j),-2076.633869295297
9906,9906,10.99059375,0.0072133099135468,(0.1661235359985275+0.21384278389396916j),,(0.1661235359985296+0.2138427838939683j),-2075.833933290175
9907,9907,10.99069375,0.0062561211714405,(-0.08673015818676046+0.11990750258651536j),,(-0.08673015818675973+0.11990750258651628j),-2075.033997285054
9908,9908,10.99079375,0.0064254005034885,(-2.8993183291570884e-06+0.02916419919996064j),,(-2.89931833303593e-06+0.029164199199960175j),-2074.234061279932
9909,9909,10.99089375,0.0067529812037897,(-0.12210566680695144-0.1354151815236071j),,(-0.12210566680695037-0.13541518152360515j),-2073.434125274811
9910,9910,10.99099375,0.0071988551027767,(0.13629355794011966-0.0324868904309761j),,(0.13629355794011805-0.03248689043097679j),-2072.634189269689
9911,9911,10.99109375,0.006871021633881,(-0.09392926854320414+0.004882536260605218j),,(-0.0939292685432013+0.004882536260609079j),-2071.834253264568
9912,9912,10.99119375,0.0056823009708077,(0.052906446674270455-0.28948719008013285j),,(0.052906446674273605-0.28948719008013524j),-2071.0343172594467
9913,9913,10.99129375,0.0045175501369941,(0.0484978128972962-0.12396788632983391j),,(0.048497812897296405-0.12396788632983312j),-2070.234381254325
9914,9914,10.99139375,0.0035495938293778,(0.09502235215098953-0.15850081130212665j),,(0.09502235215098577-0.1585008113021274j),-2069.4344452492037
9915,9915,10.99149375,0.003484095903314,(0.033240594801979245-0.20969666563606357j),,(0.03324059480197813-0.20969666563606618j),-2068.634509244082
9916,9916,10.99159375,0.0036989878486249,(0.2484408610078524+0.0243688463198424j),,(0.2484408610078536+0.024368846319838194j),-2067.8345732389607
9917,9917,10.99169375,0.0024163504205764,(0.08956587537021811+0.21405934662050022j),,(0.08956587537021794+0.21405934662050183j),-2067.034637233839
9918,9918,10.99179375,0.0042798035110018,(-0.07259761938596056-0.02748453649720771j),,(-0.07259761938596099-0.027484536497210183j),-2066.2347012287178
9919,9919,10.99189375,0.0046926953527226,(-0.14600706057184598-0.009367800800297324j),,(-0.1460070605718448-0.0093678008002996j),-2065.434765223596
9920,9920,10.99199375,0.00457624799265,(0.07604361671414722-0.24969021951312603j),,(0.07604361671414542-0.24969021951312595j),-2064.634829218475
9921,9921,10.99209375,0.0038217500221475,(0.04297736088413326+0.11910397862506804j),,(0.042977360884134855+0.11910397862506457j),-2063.8348932133536
9922,9922,10.99219375,0.0051282577970682,(-0.08727558957232415+0.05084797289755322j),,(-0.08727558957232281+0.050847972897554924j),-2063.034957208232
9923,9923,10.99229375,0.0045441855250278,(0.05532138491833066-0.0031317447613164913j),,(0.0553213849183298-0.0031317447613136914j),-2062.2350212031106
9924,9924,10.99239375,0.0046804192157505,(-0.15561385817456572-0.041244920672790945j),,(-0.1556138581745595-0.041244920672787254j),-2061.435085197989
9925,9925,10.99249375,0.0031269219762845,(-0.02884887809346777-0.19661708204905257j),,(-0.028848878093464828-0.1966170820490545j),-2060.6351491928676
9926,9926,10.99259375,0.0024326470574427,(0.2012338766521133-0.15555982807489258j),,(0.20123387665211429-0.1555598280748914j),-2059.835213187746
9927,9927,10.99269375,0.0022302966442979,(0.03773980554894168-0.12876918776252064j),,(0.03773980554894028-0.12876918776252103j),-2059.0352771826247
9928,9928,10.99279375,0.0030180892855027,(-0.1512544814528178+0.12773524185628865j),,(-0.15125448145281312+0.12773524185628965j),-2058.2353411775034
9929,9929,10.99289375,0.0038716568081247,(0.014793258123053786-0.13272219066222296j),,(0.014793258123054022-0.1327221906622233j),-2057.4354051723817
9930,9930,10.99299375,0.002565004841756,(-0.06457411848703232-0.14380512321811645j),,(-0.06457411848702838-0.14380512321811317j),-2056.6354691672605
9931,9931,10.99309375,0.002946244720121,(0.05782077796854046-0.11852529533491235j),,(0.05782077796853779-0.11852529533491184j),-2055.8355331621387
9932,9932,10.99319375,0.0028694589453677,(0.11260305775736927-0.01591603596962876j),,(0.11260305775737126-0.015916035969631464j),-2055.0355971570175
9933,9933,10.99329375,0.003852698928559,(-0.238447336164909-0.19198325120283422j),,(-0.23844733616490657-0.19198325120283086j),-2054.235661151896
9934,9934,10.99339375,0.0048295830875167,(-0.04343830524025715-0.0656015912060298j),,(-0.043438305240253536-0.06560159120602618j),-2053.4357251467745
9935,9935,10.99349375,0.0026197410692294,(-0.039854613736517545+0.10475736747918094j),,(-0.03985461373651955+0.10475736747918711j),-2052.635789141653
9936,9936,10.99359375,0.0010140684578909,(-0.15024590450731454-0.15219808902170104j),,(-0.150245904507316-0.15219808902170137j),-2051.8358531365316
9937,9937,10.99369375,0.0026135662593282,(0.0937476854691299+0.05059617292620941j),,(0.09374768546913054+0.050596172926210325j),-2051.0359171314103
9938,9938,10.99379375,0.0045296121995144,(0.0008434964578188497+0.1235099307624734j),,(0.000843496457820312+0.12350993076247423j),-2050.2359811262886
9939,9939,10.99389375,0.0043944485283336,(0.06124382857842553+0.09063162365702773j),,(0.06124382857842528+0.09063162365702651j),-2049.4360451211674
9940,9940,10.99399375,0.0021039100110108,(0.03690859446247133-0.0057205977128755685j),,(0.03690859446246986-0.0057205977128780665j),-2048.6361091160456
9941,9941,10.99409375,0.0033197332232181,(0.08651317605943418+0.026298811845544924j),,(0.08651317605943327+0.02629881184554246j),-2047.8361731109244
9942,9942,10.99419375,0.0047254367682872,(-0.005232326866770488-0.033606991130091475j),,(-0.005232326866771747-0.03360699113009079j),-2047.036237105803
9943,9943,10.99429375,0.0038263905237641,(-0.01569031156931291+0.11238129595729895j),,(-0.01569031156931231+0.11238129595729829j),-2046.2363011006814
9944,9944,10.99439375,0.0031306558840518,(0.07396106318175857+0.11695522427394758j),,(0.07396106318176264+0.11695522427394546j),-2045.43636509556
9945,9945,10.99449375,0.0024151121953996,(0.09766519185698333+0.10105513262603064j),,(0.09766519185698172+0.10105513262602837j),-2044.6364290904385
9946,9946,10.99459375,0.0042568361655137,(-0.11124286495384021+0.02048379780446652j),,(-0.11124286495383731+0.02048379780446708j),-2043.836493085317
9947,9947,10.99469375,0.0044948822094094,(-0.0404816463960873-0.007005265413597297j),,(-0.04048164639609065-0.007005265413600477j),-2043.0365570801955
9948,9948,10.99479375,0.0030033451213988,(-0.07412932024998922-0.1624548963896839j),,(-0.07412932024999017-0.16245489638968455j),-2042.236621075074
9949,9949,10.99489375,0.0043368847719033,(-0.18255160752797164-0.05828153561900583j),,(-0.18255160752797234-0.05828153561900377j),-2041.4366850699525
9950,9950,10.99499375,0.0034607513093168,(-0.0840864095167452+0.017968118243715595j),,(-0.08408640951674817+0.017968118243718932j),-2040.6367490648313
9951,9951,10.99509375,0.0058787515912703,(0.0051753971147640125+0.053225294010157354j),,(0.005175397114766982+0.053225294010158984j),-2039.8368130597098
9952,9952,10.99519375,0.0058826282414147,(-0.03271544933766645+0.03483928630782245j),,(-0.03271544933767028+0.0348392863078232j),-2039.0368770545883
9953,9953,10.99529375,0.0053110656420079,(0.05369906511558887+0.020659322394830013j),,(0.053699065115589584+0.02065932239482858j),-2038.2369410494669
9954,9954,10.99539375,0.00360008814838,(0.036185810838761656+0.008165038077386671j),,(0.03618581083875969+0.008165038077382787j),-2037.4370050443454
9955,9955,10.99549375,0.00467335912078,(-0.12549342418002435-0.08607118150379706j),,(-0.12549342418002443-0.08607118150379435j),-2036.637069039224
9956,9956,10.99559375,0.0058824131147751,(-0.16872820600994917-0.11360193553748278j),,(-0.16872820600994715-0.11360193553748354j),-2035.8371330341024
9957,9957,10.99569375,0.0075994727345981,(-0.002468159167507787+0.006051617762558315j),,(-0.002468159167509518+0.006051617762559526j),-2035.037197028981
9958,9958,10.99579375,0.006021952842037,(-0.018568238044971784-0.12091874057707258j),,(-0.018568238044973977-0.12091874057707812j),-2034.2372610238594
9959,9959,10.99589375,0.0071848980184734,(0.1676638447675442-0.01632981986801746j),,(0.16766384476754184-0.016329819868020595j),-2033.4373250187382
9960,9960,10.99599375,0.007026127679157,(0.10321291748624067+0.053141999048873415j),,(0.10321291748623763+0.05314199904887839j),-2032.6373890136167
9961,9961,10.99609375,0.0077603742773471,(0.2231850985821234+0.0799486797364008j),,(0.22318509858212057+0.07994867973639566j),-2031.8374530084952
9962,9962,10.99619375,0.0074189145424886,(0.07677316543048436+0.1258949557281299j),,(0.07677316543048182+0.1258949557281315j),-2031.0375170033738
9963,9963,10.99629375,0.0059706117045398,(0.013639304883336735-0.11225581328971004j),,(0.01363930488333951-0.11225581328971124j),-2030.2375809982523
9964,9964,10.99639375,0.0065938555393436,(-0.0427338352503277-0.07760014552726767j),,(-0.04273383525032798-0.07760014552726877j),-2029.4376449931308
9965,9965,10.99649375,0.0064312136248001,(-0.07538729347325314-0.07441322770955709j),,(-0.075387293473251-0.07441322770955851j),-2028.6377089880093
9966,9966,10.99659375,0.0071255520093125,(-0.09186998223545911-0.01240826899477045j),,(-0.09186998223546058-0.012408268994768528j),-2027.8377729828878
9967,9967,10.99669375,0.0067161706557645,(0.11752667069618661-0.10633673316763984j),,(0.11752667069618386-0.10633673316763598j),-2027.0378369777663
9968,9968,10.99679375,0.0069998861763253,(-0.041826506663843625+0.06502358892417684j),,(-0.04182650666384492+0.06502358892417849j),-2026.237900972645
9969,9969,10.99689375,0.0073181257588788,(0.046436872421386034+0.137803981972228j),,(0.04643687242138659+0.13780398197222724j),-2025.4379649675236
9970,9970,10.99699375,0.0084362662070387,(0.02239652027467949-0.07640300244348351j),,(0.02239652027467947-0.07640300244348316j),-2024.6380289624021
9971,9971,10.99709375,0.0091510417217408,(0.045728862450766725+0.08050151469919135j),,(0.04572886245076953+0.08050151469919258j),-2023.8380929572807
9972,9972,10.99719375,0.010153141642827,(-0.01778650700631887+0.09943242213693053j),,(-0.017786507006318772+0.09943242213693328j),-2023.0381569521592
9973,9973,10.99729375,0.0077589168296598,(-0.06114301890703562+0.016143753087169498j),,(-0.06114301890703981+0.0161437530871699j),-2022.2382209470377
9974,9974,10.99739375,0.0090478873631109,(-0.0972673936798259-0.09234949279412434j),,(-0.09726739367982698-0.09234949279412114j),-2021.4382849419162
9975,9975,10.99749375,0.0091100407811915,(0.18010179587065536+0.11494946955723007j),,(0.18010179587065422+0.11494946955723165j),-2020.6383489367947
9976,9976,10.99759375,0.0084449763468542,(-0.0854257993472235-0.09103160061573624j),,(-0.08542579934722179-0.09103160061573494j),-2019.8384129316732
9977,9977,10.99769375,0.0072088725985257,(0.0730381074580645-0.10010647233708889j),,(0.07303810745806345-0.1001064723370864j),-2019.038476926552
9978,9978,10.99779375,0.0057604991532224,(-0.03160691366128437+0.06653835537380497j),,(-0.03160691366128373+0.06653835537380687j),-2018.2385409214305
9979,9979,10.99789375,0.0062573103354583,(-0.010397755782358208-0.006145477083701743j),,(-0.010397755782357214-0.0061454770837011214j),-2017.438604916309
9980,9980,10.99799375,0.0075309994022748,(-0.13204536282208976-0.010272491946343304j),,(-0.1320453628220878-0.010272491946342555j),-2016.6386689111876
9981,9981,10.99809375,0.0064639735563322,(-0.14574424214255308+0.06279993190871536j),,(-0.14574424214255322+0.06279993190871636j),-2015.838732906066
9982,9982,10.99819375,0.0071571814727806,(-0.01189841809529634-0.054904195807262336j),,(-0.011898418095297918-0.05490419580726364j),-2015.0387969009446
9983,9983,10.99829375,0.0077120792474377,(0.01830454773988726-0.024639658642529927j),,(0.018304547739885036-0.024639658642530024j),-2014.238860895823
9984,9984,10.99839375,0.0106167016507931,(-0.0006460403819013028-0.08424413312311255j),,(-0.0006460403819022048-0.08424413312311071j),-2013.4389248907016
9985,9985,10.99849375,0.0098063228638164,(0.0003970075584354693+0.14473521655752236j),,(0.0003970075584345048+0.1447352165575206j),-2012.6389888855804
9986,9986,10.99859375,0.0085461984758075,(0.017339708187499477-0.11105836360138543j),,(0.01733970818749853-0.11105836360138528j),-2011.839052880459
9987,9987,10.99869375,0.0087119546769802,(0.04858715780756267+0.14905289788092088j),,(0.048587157807559476+0.14905289788091824j),-2011.0391168753374
9988,9988,10.99879375,0.0074392597521836,(-0.0655213098164513+0.12418792522743194j),,(-0.06552130981644945+0.12418792522743213j),-2010.239180870216
9989,9989,10.99889375,0.0066603791825086,(-0.1048206748074623-0.06380116831367831j),,(-0.1048206748074641-0.06380116831367669j),-2009.4392448650945
9990,9990,10.99899375,0.0048039338622222,(-0.03518315992750526+0.00357372895123074j),,(-0.03518315992750268+0.0035737289512304j),-2008.639308859973
9991,9991,10.99909375,0.0049904333809147,(-0.11376714990291478-0.018715131081921417j),,(-0.11376714990291464-0.018715131081923353j),-2007.8393728548515
9992,9992,10.99919375,0.0053215032904962,(-0.027487303905120747+0.007916146514593513j),,(-0.02748730390512113+0.007916146514591233j),-2007.03943684973
9993,9993,10.99929375,0.0055673087759061,(-0.003109205738431476-0.0667100113214896j),,(-0.003109205738434602-0.06671001132148907j),-2006.2395008446085
9994,9994,10.99939375,0.005968398049132,(-0.07583106769573797-0.08665802679403485j),,(-0.07583106769573858-0.08665802679403638j),-2005.4395648394873
9995,9995,10.99949375,0.0060164170184884,(-0.07648625903114822-0.08681423507689909j),,(-0.07648625903114648-0.08681423507690268j),-2004.6396288343658
9996,9996,10.99959375,0.0071004484999503,(-0.0748442584580558+0.0955032078024202j),,(-0.07484425845805531+0.09550320780242119j),-2003.8396928292443
9997,9997,10.99969375,0.0071368158734694,(-0.03534313226439459-0.13798610401200456j),,(-0.03534313226439188-0.13798610401200478j),-2003.0397568241228
9998,9998,10.99979375,0.0059411681330329,(0.07224927409880112+0.003078419890424837j),,(0.07224927409880472+0.003078419890424275j),-2002.2398208190014
9999,9999,10.99989375,0.0060727274049856,(-0.10882063738825258-0.11018598705420737j),,(-0.10882063738825197-0.11018598705420284j),-2001.4398848138799
10000,10000,10.99999375,0.003309617619496,(0.14083993253098903-0.11651422147987842j),,(0.14083993253099134-0.11651422147987822j),-2000.6399488087584
10001,10001,11.00009375,0.0041331335238083,(-0.14976913290135313+0.02368168902429837j),,(-0.14976913290135843+0.023681689024296033j),-1999.840012803637
10002,10002,11.00019375,0.00268635103072,(0.05517429976414829+0.14579772699862087j),,(0.055174299764150225+0.14579772699861807j),-1999.0400767985154
10003,10003,11.00029375,0.0036894250231128,(-0.020151574653150008-0.025421293255107447j),,(-0.02015157465314776-0.025421293255107735j),-1998.2401407933942
10004,10004,11.00039375,0.0029773539994105,(0.08226528636524404-0.07704049166326468j),,(0.08226528636524519-0.07704049166326662j),-1997.4402047882727
10005,10005,11.00049375,0.0039414021877266,(0.18134849222279456+0.05812934041050374j),,(0.18134849222279148+0.0581293404105065j),-1996.6402687831512
10006,10006,11.00059375,0.0044955911991603,(-0.04936262749720235-0.08422633693967495j),,(-0.04936262749720751-0.08422633693967495j),-1995.8403327780297
10007,10007,11.00069375,0.0047994992641538,(-0.009699171211176175-0.08271730554155844j),,(-0.009699171211175358-0.08271730554156143j),-1995.0403967729083
10008,10008,11.00079375,0.0039835452948267,(-0.05614389497094345+0.03593456837664827j),,(-0.05614389497094438+0.03593456837664595j),-1994.2404607677868
10009,10009,11.00089375,0.0047409617869109,(-0.1256990668264167-0.006072473646349795j),,(-0.12569906682641774-0.006072473646350662j),-1993.4405247626653
10010,10010,11.00099375,0.0034939540725428,(-0.02641440173091985-0.015428006464574942j),,(-0.026414401730919853-0.015428006464573592j),-1992.6405887575438
10011,10011,11.00109375,0.0038805139684046,(0.00606485170737836-0.0013022252200950092j),,(0.0060648517073779405-0.001302225220098001j),-1991.8406527524223
10012,10012,11.00119375,0.0024179749633131,(-0.05769811093296172-0.00591971899653382j),,(-0.05769811093296331-0.005919718996533346j),-1991.040716747301
10013,10013,11.00129375,0.0023966369861413,(-0.13066341565945638-0.02754460074167845j),,(-0.1306634156594558-0.02754460074167782j),-1990.2407807421796
10014,10014,11.00139375,0.0019598434003573,(-0.08222220674415862-0.040741126559239255j),,(-0.08222220674415767-0.04074112655924119j),-1989.4408447370581
10015,10015,11.00149375,0.0023389836890807,(0.09990874146967352-0.05491350905122522j),,(0.09990874146967338-0.0549135090512308j),-1988.6409087319366
10016,10016,11.00159375,0.0020549186961443,(0.05599608963953656-0.07257616360507536j),,(0.055996089639537255-0.072576163605076j),-1987.8409727268152
10017,10017,11.00169375,0.0017717538770967,(-0.00988208568913463+0.038016597485597714j),,(-0.00988208568913242+0.03801659748560247j),-1987.0410367216937
10018,10018,11.00179375,0.0019358564025159,(0.06377881639701327-0.1414156582491115j),,(0.06377881639701521-0.1414156582491102j),-1986.2411007165722
10019,10019,11.00189375,0.0028375016685041,(-0.13860811009785504-0.014715605671156047j),,(-0.138608110097856-0.014715605671154534j),-1985.4411647114507
10020,10020,11.00199375,0.0020892603731678,(-0.1186414500038668+0.07643145497631237j),,(-0.11864145000386728+0.07643145497631366j),-1984.6412287063295
10021,10021,11.00209375,0.0038127163845515,(0.002692555885881719-0.08505584688050272j),,(0.00269255588588396-0.08505584688050506j),-1983.841292701208
10022,10022,11.00219375,0.0042299555844836,(-0.0543526984646665+0.05218377898173652j),,(-0.0543526984646645+0.05218377898173439j),-1983.0413566960865
10023,10023,11.00229375,0.0048689544372965,(-0.07119000777032075+0.13192841542412692j),,(-0.07119000777032013+0.1319284154241263j),-1982.241420690965
10024,10024,11.00239375,0.0035617046773642,(-0.021360097338463127-0.02115689557861243j),,(-0.021360097338459717-0.02115689557861326j),-1981.4414846858435
10025,10025,11.00249375,0.0044430046150521,(-0.028553803158765823+0.013429047471270446j),,(-0.028553803158763498+0.01342904747127472j),-1980.641548680722
10026,10026,11.00259375,0.0052978099887671,(0.0019125842779372342-0.03487768630954027j),,(0.001912584277935343-0.03487768630953891j),-1979.8416126756006
10027,10027,11.00269375,0.0038982796371227,(0.08363013561763183+0.043379312132594765j),,(0.08363013561763491+0.04337931213259698j),-1979.041676670479
10028,10028,11.00279375,0.0015443696674962,(0.04406752738599901+0.00990120356845426j),,(0.04406752738599844+0.009901203568454225j),-1978.2417406653576
10029,10029,11.00289375,0.0011196700342217,(0.04268148239051454+0.006013695358154497j),,(0.04268148239051728+0.006013695358156105j),-1977.4418046602364
10030,10030,11.00299375,0.0038012437990398,(0.024231731489338874-0.005742230345309496j),,(0.024231731489337712-0.00574223034530935j),-1976.6418686551149
10031,10031,11.00309375,0.0039804603502226,(0.014750649799495624-0.07838679964426168j),,(0.01475064979949638-0.0783867996442623j),-1975.8419326499934
10032,10032,11.00319375,0.0041212592948066,(0.1041202806403548+0.02251797582670008j),,(0.10412028064035418+0.022517975826700183j),-1975.041996644872
10033,10033,11.00329375,0.0024112394099259,(-0.10062323357157738+0.026060499000115853j),,(-0.1006232335715776+0.02606049900011862j),-1974.2420606397504
10034,10034,11.00339375,0.0070271965036711,(0.0410208327204543+0.028032751197635382j),,(0.04102083272045558+0.028032751197632322j),-1973.442124634629
10035,10035,11.00349375,0.0075273493056141,(-0.0022828762595749046+0.08176074955222144j),,(-0.002282876259577382+0.08176074955221875j),-1972.6421886295075
10036,10036,11.00359375,0.005508122568929,(0.003098427701587819-0.0360529944664779j),,(0.003098427701587701-0.0360529944664718j),-1971.842252624386
10037,10037,11.00369375,0.0056758880399264,(-0.060472213632772186+0.03011323729835521j),,(-0.06047221363276911+0.030113237298354606j),-1971.0423166192645
10038,10038,11.00379375,0.0069855870430673,(-0.1013999884920566-0.03680288351910338j),,(-0.10139998849205777-0.03680288351910735j),-1970.2423806141433
10039,10039,11.00389375,0.0076369677616678,(-0.052166328828519355-0.02085275559329496j),,(-0.05216632882852058-0.020852755593294296j),-1969.4424446090218
10040,10040,11.00399375,0.0062647440587688,(-0.08000265103534461+0.05121174625579951j),,(-0.08000265103534679+0.05121174625579784j),-1968.6425086039003
10041,10041,11.00409375,0.005494602502324,(0.08653423716030731-0.03507873411549129j),,(0.08653423716030412-0.03507873411549305j),-1967.8425725987788
10042,10042,11.00419375,0.0061590857078478,(-0.02661613855916383-0.018216861409871134j),,(-0.026616138559163165-0.01821686140987138j),-1967.0426365936573
10043,10043,11.00429375,0.0068194928783178,(-0.03943803023727923-0.04787441788119373j),,(-0.03943803023727999-0.047874417881194065j),-1966.2427005885359
10044,10044,11.00439375,0.0057447584881246,(0.05704356705679105-0.06693846503116234j),,(0.05704356705679615-0.06693846503116276j),-1965.4427645834144
10045,10045,11.00449375,0.0072601279509362,(-0.010106802095887352+0.07710522915029673j),,(-0.010106802095889763+0.07710522915029673j),-1964.642828578293
10046,10046,11.00459375,0.0072740963049552,(-0.0717518050731296+0.026552071989084457j),,(-0.07175180507312695+0.02655207198908178j),-1963.8428925731714
10047,10047,11.00469375,0.0080035547324304,(0.04912663050931777-0.09146999890428331j),,(0.0491266305093174-0.09146999890428549j),-1963.0429565680502
10048,10048,11.00479375,0.0071620056463902,(-0.06618330037022371-0.02778561155216701j),,(-0.06618330037022162-0.02778561155217031j),-1962.2430205629287
10049,10049,11.00489375,0.0073920365893235,(-0.021837024890788828-0.07023929260042436j),,(-0.021837024890788995-0.0702392926004205j),-1961.4430845578072
10050,10050,11.00499375,0.0092533751948809,(0.05941162868667715+0.03858811785201408j),,(0.05941162868667431+0.03858811785201056j),-1960.6431485526857
10051,10051,11.00509375,0.0078999640164235,(-0.07883902330067666+0.0671170073595233j),,(-0.0788390233006772+0.06711700735952265j),-1959.8432125475642
10052,10052,11.00519375,0.0071419700001477,(-0.0871582199650051+0.06097497982247888j),,(-0.087158219965004+0.0609749798224752j),-1959.0432765424428
10053,10053,11.00529375,0.0062491071750991,(0.13599763955423771+0.01564788941632122j),,(0.13599763955423652+0.015647889416319366j),-1958.2433405373213
10054,10054,11.00539375,0.0083412869816967,(0.015663700154243603+0.05553989634894512j),,(0.015663700154245144+0.055539896348943935j),-1957.4434045321998
10055,10055,11.00549375,0.0068946374999593,(-0.07600130388734717-0.029266140621453822j),,(-0.07600130388734731-0.029266140621452958j),-1956.6434685270785
10056,10056,11.00559375,0.0079697619772173,(-0.003245785226287566-0.0775556700782531j),,(-0.003245785226284943-0.07755567007825684j),-1955.843532521957
10057,10057,11.00569375,0.0064943141443837,(-0.010511574036759177-0.020402352666546088j),,(-0.010511574036758797-0.02040235266654347j),-1955.0435965168356
10058,10058,11.00579375,0.0092398674993934,(0.00010817830181391805+0.010843879338290343j),,(0.00010817830181162865+0.010843879338285513j),-1954.243660511714
10059,10059,11.00589375,0.0075933519483629,(-0.014871480653189046+0.009864290207818132j),,(-0.014871480653188641+0.00986429020782115j),-1953.4437245065926
10060,10060,11.00599375,0.0091723575391577,(-0.030201884906590412-0.004254709375902211j),,(-0.030201884906591564-0.0042547093759035j),-1952.6437885014711
10061,10061,11.00609375,0.0075018171894764,(-0.10946080941326851-0.0011110367838076812j),,(-0.10946080941326705-0.0011110367838140997j),-1951.8438524963497
10062,10062,11.00619375,0.0064754286460414,(-0.11173407392252122-0.06427388584456291j),,(-0.11173407392252294-0.06427388584456104j),-1951.0439164912282
10063,10063,11.00629375,0.0057159267194586,(0.03194053140888443+0.011720661925043582j),,(0.03194053140888602+0.011720661925043976j),-1950.2439804861067
10064,10064,11.00639375,0.0056744422060871,(-0.04283952674583107+0.04744441261939175j),,(-0.04283952674583158+0.047444412619392695j),-1949.4440444809854
10065,10065,11.00649375,0.0061603470336995,(0.05013898479424139-0.008535023626715068j),,(0.05013898479424348-0.008535023626719325j),-1948.644108475864
10066,10066,11.00659375,0.00709918102344,(0.046705725409716924-0.05813523630351416j),,(0.04670572540971582-0.05813523630351318j),-1947.8441724707425
10067,10067,11.00669375,0.0073459279148792,(0.07535858316692613-0.04475750690830824j),,(0.07535858316692831-0.044757506908310526j),-1947.044236465621
10068,10068,11.00679375,0.0078677477808305,(0.06329385232600467-0.06802125400134079j),,(0.06329385232600669-0.06802125400134221j),-1946.2443004604995
10069,10069,11.00689375,0.0085454960942158,(-0.002708898020990398-0.02044149880937185j),,(-0.0027088980209916203-0.020441498809370105j),-1945.444364455378
10070,10070,11.00699375,0.0087744576701591,(0.03829991288652867-0.01972572069141821j),,(0.0382999128865309-0.01972572069141923j),-1944.6444284502566
10071,10071,11.00709375,0.009713984488424,(0.029835916044939247-0.023677996360451026j),,(0.02983591604493683-0.023677996360451946j),-1943.844492445135
10072,10072,11.00719375,0.0082102671193888,(0.02193496734791978+0.06617176426596737j),,(0.02193496734792172+0.06617176426596594j),-1943.0445564400136
10073,10073,11.00729375,0.0078117131269354,(-0.06600597919949379+0.012957334494311787j),,(-0.06600597919949229+0.012957334494314037j),-1942.2446204348923
10074,10074,11.00739375,0.0059054171612767,(-0.06559191834765284-0.029827844180261708j),,(-0.06559191834765116-0.029827844180263054j),-1941.4446844297709
10075,10075,11.00749375,0.0070486430802965,(-0.08726891308645762+0.05258395839028274j),,(-0.08726891308645685+0.052583958390284756j),-1940.6447484246494
10076,10076,11.00759375,0.0055679580994177,(0.029474037402351203-0.033871781601141994j),,(0.029474037402349714-0.03387178160114268j),-1939.844812419528
10077,10077,11.00769375,0.0046269219733605,(0.06056684135687961-0.043326034608158044j),,(0.060566841356878454-0.043326034608158585j),-1939.0448764144064
10078,10078,11.00779375,0.0038555203021401,(0.032326248773689656+0.058779873010740176j),,(0.032326248773687206+0.058779873010739024j),-1938.244940409285
10079,10079,11.00789375,0.0067112950275954,(-0.11405629275380924-0.021423885614753634j),,(-0.11405629275380687-0.0214238856147506j),-1937.4450044041635
10080,10080,11.00799375,0.00492072550228,(-0.06113159018323787-0.09078902294556407j),,(-0.06113159018324092-0.09078902294556512j),-1936.645068399042
10081,10081,11.00809375,0.0058353635493298,(-0.02637933087884997-0.13439395889263278j),,(-0.026379330878850707-0.13439395889263103j),-1935.8451323939205
10082,10082,11.00819375,0.0059766337702192,(0.04758594977099036+0.10926357369609323j),,(0.0475859497709911+0.10926357369609213j),-1935.0451963887992
10083,10083,11.00829375,0.0081351577967573,(0.009043075947766637+0.011928179710017806j),,(0.009043075947767583+0.011928179710021513j),-1934.2452603836778
10084,10084,11.00839375,0.0047244032632989,(-0.0008764635240781811-0.022539433047518563j),,(-0.0008764635240757299-0.022539433047518008j),-1933.4453243785563
10085,10085,11.00849375,0.0035362621530309,(0.021160476930246717-0.01590019272181896j),,(0.021160476930243626-0.015900192721816326j),-1932.6453883734348
10086,10086,11.00859375,0.0034337399446742,(-0.10184255007570618+0.004023788060891095j),,(-0.1018425500757036+0.004023788060893051j),-1931.8454523683133
10087,10087,11.00869375,0.0051181887908266,(0.07151134795447465-0.0057415083984945076j),,(0.07151134795447596-0.005741508398491257j),-1931.0455163631918
10088,10088,11.00879375,0.0043108229244797,(0.010061510771125933+0.06298293408186102j),,(0.010061510771127609+0.06298293408186506j),-1930.2455803580704
10089,10089,11.00889375,0.0027366684982516,(0.07122964790802154-0.011259427706254002j),,(0.0712296479080189-0.01125942770625606j),-1929.4456443529489
10090,10090,11.00899375,0.0017713076583981,(0.03575345106204103-0.004902963915524402j),,(0.035753451062034765-0.00490296391552724j),-1928.6457083478276
10091,10091,11.00909375,0.0028800333483306,(-0.08809032947225723-0.02046656468507002j),,(-0.08809032947225913-0.0204665646850677j),-1927.8457723427061
10092,10092,11.00919375,0.0038958410893944,(0.03897936821314493-0.01973197658483315j),,(0.0389793682131436-0.019731976584833992j),-1927.0458363375847
10093,10093,11.00929375,0.0027758194404769,(-0.008503850295888883+0.10339751302143803j),,(-0.008503850295890951+0.10339751302143924j),-1926.2459003324632
10094,10094,11.00939375,0.0023950132563105,(-0.025287256363317516-0.025565782772368668j),,(-0.025287256363316867-0.025565782772372536j),-1925.4459643273417
10095,10095,11.00949375,0.0031497225915261,(-0.06839364275155127-0.005141354820584974j),,(-0.06839364275154977-0.005141354820587238j),-1924.6460283222202
10096,10096,11.00959375,0.0028398348856816,(0.03451292511703444-0.08493227109092652j),,(0.034512925117035284-0.08493227109092724j),-1923.8460923170987
10097,10097,11.00969375,0.002029401420186,(0.04186833043493746-0.03328506135906353j),,(0.041868330434935805-0.033285061359058135j),-1923.0461563119773
10098,10098,11.00979375,0.0014074893331375,(0.024472901541229074-0.1265745784169101j),,(0.024472901541227002-0.1265745784169059j),-1922.2462203068558
10099,10099,11.00989375,0.0054481569266294,(0.018667756768130258+0.060194640785316104j),,(0.01866775676813273+0.06019464078531464j),-1921.4462843017345
10100,10100,11.00999375,0.002664663527759,(-0.04736041706817444+0.027971834293009985j),,(-0.04736041706817451+0.027971834293014794j),-1920.646348296613
10101,10101,11.01009375,0.0028672047748412,(-0.10097132824024188+0.044925059421592334j),,(-0.1009713282402401+0.044925059421593305j),-1919.8464122914916
10102,10102,11.01019375,0.0003869385078403,(-0.016239628286622843+0.0446736071272106j),,(-0.016239628286619238+0.04467360712721035j),-1919.04647628637
10103,10103,11.01029375,0.0051380623817954,(-0.03613539967575136-0.08432291125146855j),,(-0.03613539967575613-0.08432291125146346j),-1918.2465402812486
10104,10104,11.01039375,0.0033862423894387,(0.04884408310445319-0.026180390686291764j),,(0.04884408310445639-0.02618039068629297j),-1917.4466042761271
10105,10105,11.01049375,0.0019753201827974,(0.03617800422164671+0.029390754733119532j),,(0.03617800422164452+0.029390754733126606j),-1916.6466682710056
10106,10106,11.01059375,0.0028264747247559,(-0.04738680768994732-0.021247707964061394j),,(-0.04738680768995035-0.021247707964058296j),-1915.8467322658842
10107,10107,11.01069375,0.0051188965296785,(-0.008977179359105924+0.08038202607197413j),,(-0.008977179359110342+0.08038202607197373j),-1915.0467962607627
10108,10108,11.01079375,0.0070277879364716,(-0.027758806765302346-0.03326021413556773j),,(-0.02775880676530346-0.033260214135566554j),-1914.2468602556414
10109,10109,11.01089375,0.0021116846050184,(0.01946610526212166+0.038058079300553424j),,(0.019466105262121638+0.038058079300553584j),-1913.44692425052
10110,10110,11.01099375,0.0041112554315489,(0.0364665314998048-0.06499648455127802j),,(0.036466531499805326-0.06499648455127935j),-1912.6469882453985
10111,10111,11.01109375,0.0020542279265944,(-0.08854541103172017+0.07916277650155963j),,(-0.0885454110317215+0.07916277650156059j),-1911.847052240277
10112,10112,11.01119375,0.0065120757583567,(0.007137160247633038-0.023099248119939363j),,(0.0071371602476356264-0.0230992481199377j),-1911.0471162351555
10113,10113,11.01129375,0.0019520524257141,(-0.020218506876222377-0.010640801171117563j),,(-0.02021850687621988-0.0106408011711197j),-1910.247180230034
10114,10114,11.01139375,0.0053906168257329,(0.11580471865275101+0.06455883281605082j),,(0.11580471865275188+0.06455883281605379j),-1909.4472442249125
10115,10115,11.01149375,0.0039174972377163,(0.06319245953266386-0.05680823334743027j),,(0.06319245953266253-0.05680823334743222j),-1908.647308219791
10116,10116,11.01159375,0.007425682928699,(0.011737390736398033-0.04654485004308224j),,(0.011737390736401159-0.04654485004308179j),-1907.8473722146696
10117,10117,11.01169375,0.0052958353153482,(0.053663099019195304-0.037341104271518356j),,(0.053663099019195075-0.037341104271514866j),-1907.0474362095483
10118,10118,11.01179375,0.0063750051500759,(-0.03511390936668417+0.020829939912159538j),,(-0.0351139093666842+0.020829939912158608j),-1906.2475002044268
10119,10119,11.01189375,0.0061204944370529,(-0.0195256977247947+0.03452243093741077j),,(-0.019525697724795555+0.03452243093741021j),-1905.4475641993054
10120,10120,11.01199375,0.0065172289621243,(-0.04354392241729008+0.006317196261057722j),,(-0.04354392241729101+0.006317196261060108j),-1904.6476281941839
10121,10121,11.01209375,0.0067283617020979,(0.01073283454080096-0.02052502392959265j),,(0.010732834540795802-0.020525023929591192j),-1903.8476921890624
10122,10122,11.01219375,0.0065884915741123,(-0.0803618447801026-0.030365748505206396j),,(-0.08036184478010452-0.030365748505208782j),-1903.047756183941
10123,10123,11.01229375,0.0050644575064692,(-0.17919111592073275-0.029723975467689435j),,(-0.1791911159207279-0.029723975467687097j),-1902.2478201788194
10124,10124,11.01239375,0.0047638956979301,(-0.06799765624698982+0.06478964011854801j),,(-0.06799765624698653+0.0647896401185477j),-1901.447884173698
10125,10125,11.01249375,0.0046642933132563,(0.07355496117397929-0.03978688417464312j),,(0.07355496117397876-0.03978688417464409j),-1900.6479481685767
10126,10126,11.01259375,0.0062322238399754,(-0.05601357889900965+0.07501813717055852j),,(-0.05601357889900942+0.07501813717056179j),-1899.8480121634552
10127,10127,11.01269375,0.0076622166973476,(0.04980283442654604-0.11040488496830551j),,(0.04980283442654826-0.11040488496830547j),-1899.0480761583337
10128,10128,11.01279375,0.0067897718056055,(-0.013417963707681049-0.003621462083528755j),,(-0.013417963707682973-0.003621462083531517j),-1898.2481401532123
10129,10129,11.01289375,0.0063313300759099,(0.0527489223800995-0.026251124388571613j),,(0.05274892238009716-0.026251124388574666j),-1897.4482041480908
10130,10130,11.01299375,0.0063590361149915,(0.05320870731880268-0.01645807764612508j),,(0.05320870731880413-0.016458077646126397j),-1896.6482681429693
10131,10131,11.01309375,0.0084577758855363,(0.015907860479635726+0.014017777546766308j),,(0.015907860479636+0.014017777546770478j),-1895.8483321378478
10132,10132,11.01319375,0.0107939901554861,(-0.003229733228127572+0.008812639901191539j),,(-0.003229733228132003+0.00881263990119126j),-1895.0483961327263
10133,10133,11.01329375,0.0070685529661502,(0.03062983423783076-0.011765695735771946j),,(0.0306298342378283-0.011765695735770779j),-1894.2484601276049
10134,10134,11.01339375,0.0075994218531611,(-0.05273150334271034-0.07402013254541864j),,(-0.052731503342707875-0.0740201325454169j),-1893.4485241224836
10135,10135,11.01349375,0.0068222675644433,(-0.06533758408524844+0.053535066440050356j),,(-0.0653375840852469+0.0535350664400474j),-1892.6485881173621
10136,10136,11.01359375,0.0082278019712942,(-0.02142408648740131-0.041844277659359636j),,(-0.02142408648740078-0.04184427765935832j),-1891.8486521122406
10137,10137,11.01369375,0.0072663843241308,(-0.10523119206389187+0.080877089216889j),,(-0.10523119206389407+0.08087708921688438j),-1891.0487161071192
10138,10138,11.01379375,0.0065993264308329,(0.048475709355848724+0.005862122635357726j),,(0.04847570935584821+0.005862122635356105j),-1890.2487801019977
10139,10139,11.01389375,0.0055105857993819,(0.0867253170691289-0.02708399668776921j),,(0.08672531706912703-0.027083996687766565j),-1889.4488440968762
10140,10140,11.01399375,0.0091950500142343,(0.005870129090984617-0.10137606464501801j),,(0.0058701290909807385-0.10137606464501506j),-1888.6489080917547
10141,10141,11.01409375,0.0072089562460364,(0.0014427792048889998+0.004963943552055247j),,(0.0014427792048854536+0.00496394355205262j),-1887.8489720866332
10142,10142,11.01419375,0.0064697942191403,(0.010280845963768886+0.009862216011778491j),,(0.010280845963766456+0.009862216011777255j),-1887.0490360815118
10143,10143,11.01429375,0.006409347983654,(0.027759626229725727-0.10717312446154804j),,(0.02775962622972624-0.10717312446154895j),-1886.2491000763905
10144,10144,11.01439375,0.0098367833639243,(-0.02072760236496663-0.002999107837904491j),,(-0.02072760236496608-0.002999107837905939j),-1885.449164071269
10145,10145,11.01449375,0.0090590130390709,(-0.006691197294218793-0.09421578793289603j),,(-0.006691197294220692-0.09421578793289444j),-1884.6492280661475
10146,10146,11.01459375,0.0069702001309218,(-0.15152550887287586-0.031986667880725184j),,(-0.1515255088728747-0.03198666788072415j),-1883.849292061026
10147,10147,11.01469375,0.0065373182077937,(-0.03218703609676733+0.06846797334881903j),,(-0.032187036096765036+0.06846797334882354j),-1883.0493560559046
10148,10148,11.01479375,0.0081746642644577,(-0.03413444490804571-0.08115338899943797j),,(-0.034134444908047484-0.08115338899943628j),-1882.249420050783
10149,10149,11.01489375,0.0073069303598136,(-0.004276051316415935+0.08880929826099769j),,(-0.004276051316414272+0.08880929826099647j),-1881.4494840456616
10150,10150,11.01499375,0.0072656529293052,(0.03252268766052689-0.054263293991292455j),,(0.03252268766053043-0.054263293991290665j),-1880.6495480405401
10151,10151,11.01509375,0.0068555712570047,(-0.018547795839790913-0.040552760568966624j),,(-0.018547795839797196-0.040552760568965104j),-1879.8496120354187
10152,10152,11.01519375,0.006964865310923,(-0.0005744323108472366-0.07274705611860091j),,(-0.0005744323108439579-0.07274705611859822j),-1879.0496760302974
10153,10153,11.01529375,0.0084812358286831,(-0.025970265825590682-0.017499952863749026j),,(-0.025970265825591334-0.01749995286375219j),-1878.249740025176
10154,10154,11.01539375,0.0071889341908811,(-0.028557871639862988-0.055103973977004214j),,(-0.02855787163986413-0.05510397397700195j),-1877.4498040200544
10155,10155,11.01549375,0.009724422127116,(-0.08901811572027396+0.01100114419218546j),,(-0.08901811572027694+0.011001144192181893j),-1876.649868014933
10156,10156,11.01559375,0.0081672246345444,(-0.007111923266351253-0.0982953277736744j),,(-0.007111923266349688-0.09829532777367048j),-1875.8499320098115
10157,10157,11.01569375,0.0069142985019341,(-0.0742142316825087-0.08373423472763288j),,(-0.07421423168250736-0.08373423472763393j),-1875.04999600469
10158,10158,11.01579375,0.0058542334379121,(0.01493700473875438-0.16294106395520955j),,(0.014937004738754034-0.16294106395520483j),-1874.2500599995685
10159,10159,11.01589375,0.0059031779288755,(-0.008323835273179106-0.021175763981910924j),,(-0.008323835273180018-0.021175763981912038j),-1873.450123994447
10160,10160,11.01599375,0.0057641668661428,(-0.20089556348199913-0.014728643100465316j),,(-0.20089556348199794-0.014728643100460952j),-1872.6501879893258
10161,10161,11.01609375,0.0042179239243212,(-0.19462946221452718+0.06650118163001845j),,(-0.19462946221453425+0.06650118163001698j),-1871.8502519842043
10162,10162,11.01619375,0.0043157386446367,(0.09982617091459839+0.17961281628225428j),,(0.09982617091459774+0.17961281628225576j),-1871.0503159790828
10163,10163,11.01629375,0.0051435112686948,(-0.3233507229463989-0.02383807457279699j),,(-0.3233507229463981-0.02383807457279727j),-1870.2503799739613
10164,10164,11.01639375,0.0053070014844111,(-0.052300100279013606-0.1436701815805524j),,(-0.05230010027901053-0.14367018158055472j),-1869.4504439688399
10165,10165,11.01649375,0.005050938894656,(0.06097308062167336-0.04081129731953617j),,(0.06097308062167431-0.040811297319535214j),-1868.6505079637184
10166,10166,11.01659375,0.0064946395385147,(0.06831932251990694+0.0945627581597022j),,(0.06831932251990903+0.09456275815970064j),-1867.850571958597
10167,10167,11.01669375,0.0076869842789342,(0.12013667004883606+0.04464411432928454j),,(0.1201366700488342+0.04464411432928685j),-1867.0506359534754
10168,10168,11.01679375,0.0068345909438044,(0.11046811524066649-0.07289541263450533j),,(0.11046811524066255-0.07289541263450741j),-1866.250699948354
10169,10169,11.01689375,0.0029521092872213,(0.14618468835499146-0.10413847249110132j),,(0.1461846883549917-0.10413847249110127j),-1865.4507639432327
10170,10170,11.01699375,0.0029788778561226,(0.033438416298173824+0.06525365367541469j),,(0.033438416298172784+0.06525365367541722j),-1864.6508279381112
10171,10171,11.01709375,0.0019632430989033,(-0.06556934348782047+0.004752797975826891j),,(-0.06556934348782123+0.004752797975825233j),-1863.8508919329897
10172,10172,11.01719375,0.0040493064445913,(-0.022359980066379008+0.09768231207355188j),,(-0.022359980066376302+0.09768231207355167j),-1863.0509559278682
10173,10173,11.01729375,-5.215603251732467e-05,(0.03412541694912355-0.12142993182192811j),,(0.034125416949124715-0.12142993182192781j),-1862.2510199227468
10174,10174,11.01739375,0.0019421641070054,(-0.033214813186603034-0.01670535283793205j),,(-0.03321481318659959-0.01670535283793611j),-1861.4510839176253
10175,10175,11.01749375,0.001275409788242,(0.008062446743271678+0.010643495604320607j),,(0.008062446743272044+0.01064349560432451j),-1860.6511479125038
10176,10176,11.01759375,0.0058059213576864,(-0.014926164709278244+0.09634072809700144j),,(-0.014926164709277797+0.09634072809700134j),-1859.8512119073823
10177,10177,11.01769375,0.0034218723456078,(0.019454546228816875-0.015574027048323587j),,(0.019454546228816177-0.015574027048324592j),-1859.0512759022608
10178,10178,11.01779375,0.0036269164233486,(0.07419427516478727-0.09563221334990307j),,(0.07419427516478692-0.09563221334990657j),-1858.2513398971396
10179,10179,11.01789375,0.0028857756973064,(0.18373081873551944-0.1293922604430507j),,(0.1837308187355196-0.12939226044304925j),-1857.451403892018
10180,10180,11.01799375,0.0059268296919274,(-0.06914228013429302-0.009656598428719375j),,(-0.06914228013429775-0.009656598428721581j),-1856.6514678868966
10181,10181,11.01809375,0.0061654827404266,(0.06433959446687455-0.08424213121212766j),,(0.06433959446687136-0.08424213121212897j),-1855.8515318817751
10182,10182,11.01819375,0.0043032785628627,(0.06913981371211485+0.0038199324769435973j),,(0.06913981371211177+0.003819932476946515j),-1855.0515958766537
10183,10183,11.01829375,0.0029674725356739,(0.028578886578037803+0.08960983421346776j),,(0.02857888657803266+0.089609834213472j),-1854.2516598715322
10184,10184,11.01839375,0.0033627073190994,(0.0016238698118446141+0.05876635352115317j),,(0.0016238698118471867+0.0587663535211498j),-1853.4517238664107
10185,10185,11.01849375,0.0032114215031798,(-0.04490607619173493+0.0701850645535486j),,(-0.04490607619173488+0.07018506455354902j),-1852.6517878612892
10186,10186,11.01859375,0.0015994053648464,(-0.07303577881343964+0.050210542218973205j),,(-0.07303577881343573+0.05021054221897158j),-1851.8518518561677
10187,10187,11.01869375,0.0004745918953677,(-0.005802990931381924-0.07103618873827203j),,(-0.005802990931380803-0.0710361887382725j),-1851.0519158510465
10188,10188,11.01879375,0.0004697370736158,(0.0840062683937237+0.03720873479525537j),,(0.08400626839372403+0.037208734795257194j),-1850.251979845925
10189,10189,11.01889375,0.0020466299689478,(-0.054644746209481364+0.013667178952320998j),,(-0.054644746209479185+0.013667178952320048j),-1849.4520438408035
10190,10190,11.01899375,0.0030786838170765,(0.07198600298582811-0.06440590536389294j),,(0.07198600298582669-0.06440590536389054j),-1848.652107835682
10191,10191,11.01909375,0.0047879591634039,(-0.06818896729519644-0.08328903538204444j),,(-0.06818896729519205-0.0832890353820463j),-1847.8521718305606
10192,10192,11.01919375,0.0048038284443004,(0.020335256713950724+0.0010921073301089104j),,(0.02033525671395126+0.001092107330113998j),-1847.052235825439
10193,10193,11.01929375,0.0047132229174827,(0.010661404829750334+0.009708277486684937j),,(0.010661404829753779+0.00970827748668541j),-1846.2522998203176
10194,10194,11.01939375,0.0068075003059257,(0.024659062629355022-0.052614645631382344j),,(0.024659062629354012-0.052614645631382295j),-1845.4523638151961
10195,10195,11.01949375,0.0074725582224694,(-0.028139171604643694+0.08280197960346296j),,(-0.028139171604641376+0.08280197960346113j),-1844.6524278100749
10196,10196,11.01959375,0.007875012890636,(-0.05204368022999582-0.0593295987173012j),,(-0.052043680229996184-0.05932959871730461j),-1843.8524918049534
10197,10197,11.01969375,0.0050556125278496,(0.10142350600947536+0.014700269138839143j),,(0.10142350600947689+0.014700269138841551j),-1843.052555799832
10198,10198,11.01979375,0.0035540719156006,(-0.007156633894525674-0.006445856287982655j),,(-0.007156633894524032-0.0064458562879868685j),-1842.2526197947104
10199,10199,11.01989375,0.0041729965475866,(0.05125592632452003+0.0814921140985837j),,(0.05125592632452497+0.08149211409858487j),-1841.452683789589
10200,10200,11.01999375,0.0034109919852377,(0.015721119365036344+0.018679614842884346j),,(0.015721119365034203+0.018679614842889512j),-1840.6527477844675
10201,10201,11.02009375,0.0020948692086878,(0.04808612499049713-0.007892358661769737j),,(0.04808612499049589-0.007892358661774403j),-1839.852811779346
10202,10202,11.02019375,0.0015024095892417,(0.0020898708051979714-0.1683768696498713j),,(0.00208987080519997-0.16837686964987364j),-1839.0528757742245
10203,10203,11.02029375,0.0038865814211948,(-0.03198564011375801+0.020194415968726717j),,(-0.031985640113761066+0.02019441596872687j),-1838.252939769103
10204,10204,11.02039375,0.0055227917547911,(-0.017240088132803144-0.07247475436015326j),,(-0.01724008813280634-0.07247475436015219j),-1837.4530037639818
10205,10205,11.02049375,0.0056326916852261,(0.03366539625001584-0.03471380285498425j),,(0.03366539625001677-0.03471380285498468j),-1836.6530677588603
10206,10206,11.02059375,0.0051302319842395,(0.057644864684631314+0.09800934120027177j),,(0.05764486468463339+0.09800934120027177j),-1835.8531317537388
10207,10207,11.02069375,0.0069398177403068,(-0.011875147472330564-0.0014298983689018472j),,(-0.011875147472332334-0.001429898368899986j),-1835.0531957486173
10208,10208,11.02079375,0.0087710254882831,(0.11265546793051429+0.13174873289365527j),,(0.11265546793051318+0.1317487328936525j),-1834.2532597434958
10209,10209,11.02089375,0.008319826258418,(-0.1348391941380256+0.05565900209047456j),,(-0.1348391941380272+0.05565900209047424j),-1833.4533237383744
10210,10210,11.02099375,0.0084361836062826,(0.06428023066991727-0.011725693167956557j),,(0.06428023066991909-0.011725693167954895j),-1832.6533877332529
10211,10211,11.02109375,0.007096654525118,(0.12597564492352556-0.00380740165255369j),,(0.12597564492352456-0.003807401652552937j),-1831.8534517281314
10212,10212,11.02119375,0.007194210965381,(0.005049833024144191+0.001346502721453451j),,(0.005049833024142971+0.0013465027214532165j),-1831.05351572301
10213,10213,11.02129375,0.005574257502111,(0.03745886223587262-0.026121455425324555j),,(0.03745886223587248-0.026121455425325894j),-1830.2535797178887
10214,10214,11.02139375,0.006308552160306,(0.05493742168825644-0.09284584777264684j),,(0.054937421688253996-0.09284584777264523j),-1829.4536437127672
10215,10215,11.02149375,0.0056515195155678,(0.0024489933436621612-0.04894420152187411j),,(0.0024489933436605184-0.04894420152187396j),-1828.6537077076457
10216,10216,11.02159375,0.0052114853010896,(0.01627054625339213-0.030439142793719773j),,(0.016270546253391346-0.03043914279372093j),-1827.8537717025242
10217,10217,11.02169375,0.0061738600684737,(0.0782241813722416-0.007016799497628741j),,(0.07822418137223844-0.007016799497629601j),-1827.0538356974027
10218,10218,11.02179375,0.0079846618039776,(-0.003736671330405181-0.01122197560788159j),,(-0.003736671330406419-0.01122197560787875j),-1826.2538996922813
10219,10219,11.02189375,0.0081057213760964,(-0.06545796258880086-0.020484153208649943j),,(-0.06545796258880318-0.020484153208648534j),-1825.4539636871598
10220,10220,11.02199375,0.0068150133347927,(0.03756614682214201-0.04036516685421555j),,(0.03756614682214219-0.04036516685421278j),-1824.6540276820383
10221,10221,11.02209375,0.0091625049414628,(-0.01286367529232472+0.027727123870077017j),,(-0.012863675292323726+0.027727123870073717j),-1823.8540916769168
10222,10222,11.02219375,0.0083759573239234,(0.023848917539445617+0.035395594193808944j),,(0.02384891753944681+0.03539559419380847j),-1823.0541556717956
10223,10223,11.02229375,0.0095618935309666,(0.06852617497160177+0.02035284372500989j),,(0.06852617497159924+0.02035284372500897j),-1822.254219666674
10224,10224,11.02239375,0.007205090399488,(-0.07378715305029027+0.02594922537954116j),,(-0.07378715305029043+0.025949225379542484j),-1821.4542836615526
10225,10225,11.02249375,0.0081021170079265,(0.04452998942072162-0.06935196552409739j),,(0.044529989420725176-0.06935196552409635j),-1820.6543476564311
10226,10226,11.02259375,0.0081099101485913,(0.02982631800902941-0.03579159380928499j),,(0.029826318009026905-0.03579159380928718j),-1819.8544116513096
10227,10227,11.02269375,0.0080071707416144,(-0.044869802397194375+0.0373999900575951j),,(-0.04486980239719254+0.03739999005759586j),-1819.0544756461882
10228,10228,11.02279375,0.0073082605946629,(-0.02681982155887532+0.07218193539201923j),,(-0.02681982155887638+0.07218193539201992j),-1818.2545396410667
10229,10229,11.02289375,0.0085527432239228,(0.01794377466738195-0.04606236170666719j),,(0.017943774667381326-0.04606236170666835j),-1817.4546036359452
10230,10230,11.02299375,0.0064610825752851,(-0.04056199188099723-0.017476565887440544j),,(-0.040561991880998044-0.01747656588744631j),-1816.654667630824
10231,10231,11.02309375,0.0089796206345294,(-0.018943738977031457-0.0711841397215246j),,(-0.018943738977031454-0.07118413972152898j),-1815.8547316257025
10232,10232,11.02319375,0.0078595664008061,(0.06573541770164226-0.015955914847649928j),,(0.06573541770164346-0.015955914847645452j),-1815.054795620581
10233,10233,11.02329375,0.0081963427018695,(0.0031707439264381165+0.03980728960321061j),,(0.0031707439264345764+0.039807289603212545j),-1814.2548596154595
10234,10234,11.02339375,0.0070980068301362,(-0.04514057983137566-0.076543022193541j),,(-0.045140579831375205-0.07654302219354188j),-1813.454923610338
10235,10235,11.02349375,0.0058415681467117,(-0.0034276426256325005-0.02959285945461624j),,(-0.0034276426256307536-0.029592859454616302j),-1812.6549876052165
10236,10236,11.02359375,0.0069275727712993,(-0.014221784464398833-0.05490673322644518j),,(-0.01422178446440129-0.054906733226444876j),-1811.855051600095
10237,10237,11.02369375,0.0079013682894873,(0.029497922615613015-0.02444713646809524j),,(0.029497922615617116-0.024447136468099737j),-1811.0551155949736
10238,10238,11.02379375,0.0094884242006268,(0.04452116841949748+0.03422330873669028j),,(0.04452116841949774+0.03422330873668977j),-1810.255179589852
10239,10239,11.02389375,0.0091189742445149,(-0.04646195909950848-0.09425850926986032j),,(-0.04646195909950773-0.0942585092698606j),-1809.4552435847309
10240,10240,11.02399375,0.0084498781524327,(0.0621517370862608-0.0054559142411642995j),,(0.062151737086260817-0.005455914241161836j),-1808.6553075796094
10241,10241,11.02409375,0.008296417632376,(0.07110558251528752-0.057830380786666205j),,(0.07110558251528415-0.057830380786662285j),-1807.855371574488
10242,10242,11.02419375,0.0080294943737794,(0.06289302979213646-0.055294056369439314j),,(0.06289302979213844-0.05529405636943821j),-1807.0554355693664
10243,10243,11.02429375,0.0061671733514259,(0.008057289752279519+0.046733602784608114j),,(0.0080572897522804+0.04673360278460805j),-1806.255499564245
10244,10244,11.02439375,0.0063810173157304,(-0.08982238949138356-0.05061145948641792j),,(-0.0898223894913844-0.05061145948641766j),-1805.4555635591234
10245,10245,11.02449375,0.0026341098157434,(0.01081520294522037-0.03402855139667216j),,(0.010815202945214547-0.03402855139667105j),-1804.655627554002
10246,10246,11.02459375,0.0011131432536842,(0.05902055778149478-0.021338307254833825j),,(0.0590205577814993-0.021338307254834665j),-1803.8556915488805
10247,10247,11.02469375,0.0017810525635325,(0.03908618948936077+0.0265253667965258j),,(0.0390861894893605+0.02652536679652781j),-1803.055755543759
10248,10248,11.02479375,0.0042299672990715,(0.03162924971344872-0.031580162534140796j),,(0.031629249713449444-0.03158016253414251j),-1802.2558195386378
10249,10249,11.02489375,0.0041570342165248,(0.0605000844615759+0.052376286983043696j),,(0.060500084461581685+0.0523762869830449j),-1801.4558835335163
10250,10250,11.02499375,0.0040114808473347,(-0.052170520076201675+0.08328610619608184j),,(-0.05217052007620078+0.08328610619608388j),-1800.6559475283948
10251,10251,11.02509375,0.0037049211933957,(-0.07930753294481695+0.03553485127209999j),,(-0.0793075329448154+0.03553485127210059j),-1799.8560115232733
10252,10252,11.02519375,0.0077428381178008,(-0.013092105848936164+0.0012125201609879282j),,(-0.013092105848935873+0.001212520160988649j),-1799.0560755181518
10253,10253,11.02529375,0.0062765673662589,(-0.013510404807499437-0.011161048500273853j),,(-0.01351040480750183-0.011161048500269229j),-1798.2561395130303
10254,10254,11.02539375,0.0059726691530649,(-0.026453077462620336+0.04077828301637797j),,(-0.0264530774626219+0.040778283016382186j),-1797.4562035079089
10255,10255,11.02549375,0.0033680457316034,(-0.04908034012803792-0.028598819183374435j),,(-0.049080340128034215-0.028598819183374268j),-1796.6562675027874
10256,10256,11.02559375,0.0036487443835144,(-0.040069312245707756-0.03168399478893703j),,(-0.040069312245707964-0.03168399478893492j),-1795.856331497666
10257,10257,11.02569375,0.003976161650803,(-0.07662403279550042-0.05012683685875595j),,(-0.07662403279550367-0.05012683685875643j),-1795.0563954925447
10258,10258,11.02579375,0.0026813414292682,(0.010282619813170088-0.0025937872489870646j),,(0.010282619813175733-0.002593787248989686j),-1794.2564594874232
10259,10259,11.02589375,0.0017453015882494,(0.008093874196615218+0.08847567625063153j),,(0.008093874196609403+0.08847567625063221j),-1793.4565234823017
10260,10260,11.02599375,-0.0002187219038943,(-0.040254944287520605-0.014901811540069986j),,(-0.040254944287521084-0.01490181154007159j),-1792.6565874771802
10261,10261,11.02609375,-0.0001039291925524,(-0.010173685147469183+0.052644272747973335j),,(-0.010173685147472064+0.05264427274797195j),-1791.8566514720587
10262,10262,11.02619375,0.0002311164632105,(-0.10263624551952964+0.007181983294782089j),,(-0.10263624551952795+0.007181983294783834j),-1791.0567154669372
10263,10263,11.02629375,0.0023251649912976,(0.015328726976570999-0.06192830540772033j),,(0.015328726976568553-0.06192830540772145j),-1790.2567794618158
10264,10264,11.02639375,0.0022559834154728,(-0.026779248808199346-0.05294138457451792j),,(-0.02677924880820152-0.05294138457451768j),-1789.4568434566943
10265,10265,11.02649375,0.0035645010982656,(0.03331841908695714-0.026839015070338923j),,(0.0333184190869618-0.026839015070338985j),-1788.656907451573
10266,10266,11.02659375,0.0040286169933515,(0.005259583742552179+0.02721111915090073j),,(0.005259583742552282+0.027211119150906293j),-1787.8569714464516
10267,10267,11.02669375,0.0049865104849806,(0.015200544649785874-0.07549824188762044j),,(0.01520054464978585-0.0754982418876193j),-1787.05703544133
10268,10268,11.02679375,0.006829289313502,(0.010084024871575486+0.05775645713772652j),,(0.010084024871575177+0.0577564571377264j),-1786.2570994362086
10269,10269,11.02689375,0.005559133212174,(-0.010000216768144436+0.040608493644626736j),,(-0.010000216768143728+0.04060849364463088j),-1785.457163431087
10270,10270,11.02699375,0.0040864311449739,(-0.0370901874282358+0.04499868523989835j),,(-0.03709018742823748+0.04499868523990319j),-1784.6572274259656
10271,10271,11.02709375,0.0037002390360904,(-0.019050783273058314-0.04100774499618823j),,(-0.01905078327305723-0.04100774499619077j),-1783.8572914208441
10272,10272,11.02719375,0.003952750041909,(-0.02718984570034662+0.01033841097024262j),,(-0.02718984570034361+0.01033841097024569j),-1783.0573554157227
10273,10273,11.02729375,0.0030201268858554,(0.06602033639647349+0.0051642631761709j),,(0.06602033639647278+0.005164263176162927j),-1782.2574194106012
10274,10274,11.02739375,9.563750387228062e-05,(-0.028780329887201056-0.020520689868234167j),,(-0.02878032988719801-0.020520689868233414j),-1781.45748340548
10275,10275,11.02749375,-7.890038947921051e-05,(0.05932611434150705+0.013458252292261717j),,(0.05932611434151078+0.013458252292261792j),-1780.6575474003585
10276,10276,11.02759375,0.0018740287021579,(-0.05833363214788624-0.17028014955917037j),,(-0.05833363214788702-0.17028014955916668j),-1779.857611395237
10277,10277,11.02769375,0.0028399119655907,(0.04866328529046518-0.09649271976187357j),,(0.04866328529046471-0.09649271976187578j),-1779.0576753901155
10278,10278,11.02779375,0.0040591529683776,(-0.03240041400832-0.021214523803190714j),,(-0.0324004140083193-0.021214523803191086j),-1778.257739384994
10279,10279,11.02789375,0.0047116139095142,(0.00858722459064656-0.03139618456067638j),,(0.008587224590647518-0.03139618456067661j),-1777.4578033798725
10280,10280,11.02799375,0.0051819930399258,(0.01834941657229079+0.000780754643934155j),,(0.018349416572293428+0.0007807546439354057j),-1776.657867374751
10281,10281,11.02809375,0.0072764807043249,(-0.10797778409136223+0.0735553778296858j),,(-0.10797778409135969+0.07355537782968222j),-1775.8579313696296
10282,10282,11.02819375,0.0076860022070723,(-0.06064203573169171-0.0871135378603966j),,(-0.0606420357316937-0.08711353786039792j),-1775.057995364508
10283,10283,11.02829375,0.0090959647874184,(0.027103930422789798-0.0452262171349737j),,(0.02710393042278858-0.04522621713497364j),-1774.2580593593868
10284,10284,11.02839375,0.006160524773822,(-0.024178939707902903-0.08477586647187883j),,(-0.02417893970790335-0.08477586647187879j),-1773.4581233542654
10285,10285,11.02849375,0.0057255088976696,(0.07808328756347628+0.04568573027100481j),,(0.0780832875634768+0.04568573027100635j),-1772.6581873491439
10286,10286,11.02859375,0.0037377106077224,(0.050538205589821916+0.13433533652502103j),,(0.05053820558982585+0.13433533652502047j),-1771.8582513440224
10287,10287,11.02869375,0.0040729336270114,(-0.021716168399277855-0.06504518492025052j),,(-0.021716168399272696-0.06504518492025198j),-1771.058315338901
10288,10288,11.02879375,0.0023021602674915,(-0.05006030809104804+0.04192581655646032j),,(-0.050060308091051074+0.041925816556461236j),-1770.2583793337794
10289,10289,11.02889375,0.0029795554884147,(0.04165832379028468-0.04783665126804518j),,(0.04165832379028442-0.047836651268045934j),-1769.458443328658
10290,10290,11.02899375,0.0026599353277362,(0.06667650295672993+0.042984069696384436j),,(0.06667650295673422+0.042984069696383784j),-1768.6585073235365
10291,10291,11.02909375,0.0057435539754642,(0.0015706191066574664-0.05842595756131869j),,(0.0015706191066582713-0.05842595756132187j),-1767.858571318415
10292,10292,11.02919375,0.00678724346484,(0.010491517159470533+0.06619529845193148j),,(0.010491517159472427+0.06619529845193449j),-1767.0586353132937
10293,10293,11.02929375,0.0072809746238813,(-0.06563556872352315-0.10564089240345624j),,(-0.06563556872352282-0.105640892403459j),-1766.2586993081723
10294,10294,11.02939375,0.0057512471504005,(-0.04121992509287438-0.022279135989354132j),,(-0.041219925092875184-0.022279135989355256j),-1765.4587633030508
10295,10295,11.02949375,0.0080747557698835,(-0.06640908184652389+0.014930545207148743j),,(-0.0664090818465248+0.014930545207145585j),-1764.6588272979293
10296,10296,11.02959375,0.010432688352758,(-0.013508210337380202+0.013750469810292012j),,(-0.013508210337377594+0.013750469810296572j),-1763.8588912928078
10297,10297,11.02969375,0.0106448664322628,(-0.0687021966832888-0.018901593671513055j),,(-0.06870219668328989-0.018901593671512798j),-1763.0589552876863
10298,10298,11.02979375,0.0086072492585743,(-0.07002743701407836+0.014996460495444678j),,(-0.07002743701408293+0.014996460495444786j),-1762.2590192825649
10299,10299,11.02989375,0.0063536359685756,(0.09865835527541521-0.018556092784590972j),,(0.09865835527541489-0.01855609278458647j),-1761.4590832774434
10300,10300,11.02999375,0.0082091155320133,(0.008821703089211187-0.03918222928562468j),,(0.008821703089209546-0.03918222928562287j),-1760.6591472723221
10301,10301,11.03009375,0.0069376249759249,(0.054067054675225615+0.019127495694869528j),,(0.05406705467523101+0.019127495694872137j),-1759.8592112672006
10302,10302,11.03019375,0.005460523601753,(-0.013517991331564682-0.052061974465166146j),,(-0.01351799133156606-0.052061974465160615j),-1759.0592752620792
10303,10303,11.03029375,0.0037375172384029,(-0.0342915375678251-0.03691878623020794j),,(-0.034291537567822376-0.03691878623020579j),-1758.2593392569577
10304,10304,11.03039375,0.0046169071148271,(0.08307513666240685+0.10305055601655325j),,(0.08307513666240735+0.10305055601654935j),-1757.4594032518362
10305,10305,11.03049375,0.0054094987088788,(0.0988273993442079-0.015577211469242166j),,(0.0988273993442092-0.015577211469242201j),-1756.6594672467147
10306,10306,11.03059375,0.0081203637195556,(0.034467595645170684+0.0255234303725307j),,(0.03446759564516884+0.025523430372532636j),-1755.8595312415932
10307,10307,11.03069375,0.0076097799760317,(0.03443418567153407+0.0667025561059239j),,(0.03443418567153533+0.0667025561059231j),-1755.0595952364718
10308,10308,11.03079375,0.0081878820398678,(-0.0036199422055032075+0.0011885515296169806j),,(-0.0036199422055019103+0.0011885515296191588j),-1754.2596592313503
10309,10309,11.03089375,0.0086554424295091,(-0.03131648973561617-0.013385792384111457j),,(-0.031316489735619846-0.013385792384110936j),-1753.459723226229
10310,10310,11.03099375,0.0089000232374837,(0.08625810126642225+0.021545250168052955j),,(0.08625810126642265+0.021545250168048265j),-1752.6597872211075
10311,10311,11.03109375,0.0104920675428031,(0.07251761816177371-0.1677357705954086j),,(0.07251761816177227-0.16773577059540734j),-1751.859851215986
10312,10312,11.03119375,0.0102772180182701,(-0.20220425316400775-0.010650165207009246j),,(-0.20220425316400759-0.01065016520700987j),-1751.0599152108646
10313,10313,11.03129375,0.0092569276594956,(0.10336286243341336-0.10062684046569809j),,(0.10336286243341444-0.10062684046569559j),-1750.259979205743
10314,10314,11.03139375,0.0076409702891089,(0.1301128217015921+0.0798008990940313j),,(0.13011282170159405+0.07980089909403257j),-1749.4600432006216
10315,10315,11.03149375,0.0087065967526276,(-0.09160198015163866+0.021361960084791472j),,(-0.09160198015163762+0.021361960084788134j),-1748.6601071955001
10316,10316,11.03159375,0.0087493598186504,(-0.11805283326242559+0.05790364241224584j),,(-0.1180528332624234+0.05790364241224498j),-1747.8601711903787
10317,10317,11.03169375,0.0074696768431668,(-0.12951426572653318+0.039603054384823026j),,(-0.1295142657265287+0.039603054384822506j),-1747.0602351852572
10318,10318,11.03179375,0.0051619355602149,(0.02800604791564058-0.08466650714008686j),,(0.02800604791564047-0.08466650714008787j),-1746.260299180136
10319,10319,11.03189375,0.0063117598543931,(-0.010191559012811047+0.049421967727530595j),,(-0.01019155901281122+0.04942196772753033j),-1745.4603631750144
10320,10320,11.03199375,0.0050746673284415,(-0.012939098100681418+0.007289250503834438j),,(-0.012939098100682035+0.007289250503835201j),-1744.660427169893
10321,10321,11.03209375,0.0063783196947524,(0.03492628486224243-0.044207275375760274j),,(0.034926284862239795-0.04420727537576222j),-1743.8604911647715
10322,10322,11.03219375,0.0044801688403843,(0.05656558555340167+0.03736133888853601j),,(0.05656558555339933+0.03736133888853634j),-1743.06055515965
10323,10323,11.03229375,0.0062607646554968,(-0.044783189172302486+0.04838399923633159j),,(-0.044783189172304574+0.04838399923633128j),-1742.2606191545285
10324,10324,11.03239375,0.0071557532667765,(-0.030798557177585298-0.028903273945951897j),,(-0.03079855717758411-0.02890327394595071j),-1741.460683149407
10325,10325,11.03249375,0.0096522751443234,(0.0620462473472191+4.49334893116958e-05j),,(0.06204624734721538+4.493348931334726e-05j),-1740.6607471442856
10326,10326,11.03259375,0.0100053128254739,(0.038100343561209574+0.00948445199923326j),,(0.03810034356120856+0.009484451999231473j),-1739.860811139164
10327,10327,11.03269375,0.0075973251935743,(-0.08476471831554282+0.03306971441949098j),,(-0.08476471831553962+0.03306971441949033j),-1739.0608751340428
10328,10328,11.03279375,0.0054425765440507,(-0.020814945516407526+0.029991025827489373j),,(-0.02081494551640778+0.029991025827489092j),-1738.2609391289213
10329,10329,11.03289375,0.0063260613357595,(-0.08397578752685567-0.1140047200521151j),,(-0.08397578752685626-0.11400472005211443j),-1737.4610031237999
10330,10330,11.03299375,0.007061823949053,(-0.015588445880675164+0.01568378114105681j),,(-0.015588445880672616+0.015683781141056095j),-1736.6610671186784
10331,10331,11.03309375,0.0040947050170716,(0.03490119952174283-0.01123189705037442j),,(0.0349011995217431-0.011231897050375814j),-1735.861131113557
10332,10332,11.03319375,0.002299537405378,(0.05353958406544483-0.04277517778063887j),,(0.05353958406544493-0.04277517778064116j),-1735.0611951084354
10333,10333,11.03329375,0.001432885619253,(-0.040780808049069826+0.04923617704625497j),,(-0.0407808080490708+0.04923617704625554j),-1734.261259103314
10334,10334,11.03339375,0.0046383763567596,(-0.018615804431424403+0.01679782420500564j),,(-0.018615804431420923+0.016797824205007427j),-1733.4613230981925
10335,10335,11.03349375,0.0026483144704207,(-0.025795578154179453+0.007910527207874288j),,(-0.02579557815417833+0.007910527207873776j),-1732.6613870930712
10336,10336,11.03359375,0.0041718608817492,(-0.049473103874761414-0.0013585696453591442j),,(-0.04947310387475711-0.0013585696453589204j),-1731.8614510879497
10337,10337,11.03369375,0.0020177906344175,(-0.041980154207187065-0.029992306310608167j),,(-0.04198015420718382-0.02999230631060558j),-1731.0615150828282
10338,10338,11.03379375,0.0045404693309929,(0.04997904653567581-0.05940368956218706j),,(0.04997904653567588-0.05940368956218854j),-1730.2615790777068
10339,10339,11.03389375,0.0048794998970071,(-0.011259066181382347-0.013790863593154176j),,(-0.011259066181382414-0.013790863593157471j),-1729.4616430725853
10340,10340,11.03399375,0.0051312826680663,(-0.008596243635733577-0.02850689388156938j),,(-0.008596243635735338-0.028506893881565715j),-1728.6617070674638
10341,10341,11.03409375,0.0039441972094607,(-0.007838393544388013-0.043275516589814586j),,(-0.007838393544385841-0.043275516589816404j),-1727.8617710623423
10342,10342,11.03419375,0.0037444595466225,(0.01214059438216771-0.027075054439220023j),,(0.012140594382169967-0.027075054439214468j),-1727.0618350572208
10343,10343,11.03429375,0.0036496840998697,(0.012376387589926041+0.11903381257058575j),,(0.012376387589924265+0.11903381257058554j),-1726.2618990520994
10344,10344,11.03439375,0.0036083870097102,(0.03505707268578035-0.033937985380007564j),,(0.03505707268577696-0.03393798538001137j),-1725.461963046978
10345,10345,11.03449375,0.0037209236271278,(-0.05856198253190324+0.062227386733725784j),,(-0.058561982531904956+0.062227386733727505j),-1724.6620270418566
10346,10346,11.03459375,0.0020776545547379,(-0.008840974187275912-0.015260370790947005j),,(-0.008840974187271899-0.015260370790945046j),-1723.8620910367351
10347,10347,11.03469375,0.0013296211325621,(0.040099238753985196-0.015507587957370951j),,(0.04009923875398573-0.015507587957371751j),-1723.0621550316137
10348,10348,11.03479375,0.0005380756039422,(-0.005537623783435197+0.01786654749795614j),,(-0.0055376237834347825+0.01786654749795455j),-1722.2622190264922
10349,10349,11.03489375,0.0030178701812663,(-0.055483991559489014+0.016905172294482747j),,(-0.05548399155948966+0.016905172294483496j),-1721.4622830213707
10350,10350,11.03499375,0.0024595865305909,(-0.13165656243146132-0.03282737159234579j),,(-0.1316565624314631-0.03282737159234327j),-1720.6623470162492
10351,10351,11.03509375,0.0011687874207449,(-0.04738008387411254-0.004394176756129246j),,(-0.04738008387411545-0.004394176756130731j),-1719.8624110111277
10352,10352,11.03519375,0.0024950412806837,(0.03359873603395506+0.04186073153641325j),,(0.03359873603395624+0.04186073153641478j),-1719.0624750060063
10353,10353,11.03529375,0.0049002484621566,(0.011523249138686447-0.00895399953079001j),,(0.011523249138686818-0.008953999530790709j),-1718.262539000885
10354,10354,11.03539375,0.0062635790795838,(0.05244265763039265-0.03290906298911753j),,(0.05244265763039328-0.03290906298911849j),-1717.4626029957635
10355,10355,11.03549375,0.0042023152208207,(-0.000454797357919803+0.041450457377625524j),,(-0.00045479735791594325+0.04145045737763116j),-1716.662666990642
10356,10356,11.03559375,0.0051981780144246,(0.021257103033210486-0.06415968323711718j),,(0.021257103033210996-0.06415968323711686j),-1715.8627309855206
10357,10357,11.03569375,0.0038050631912242,(-0.05006990390423177-0.08348750771556185j),,(-0.05006990390422969-0.08348750771556071j),-1715.062794980399
10358,10358,11.03579375,0.0058565599616298,(0.04715283860134737-0.03418658314222745j),,(0.0471528386013476-0.03418658314222755j),-1714.2628589752776
10359,10359,11.03589375,0.0017390764399427,(0.03749537336750283-0.0062724994030583445j),,(0.03749537336750106-0.006272499403055627j),-1713.4629229701561
10360,10360,11.03599375,0.0017611939103386,(0.012417741902376857+0.05813343247542687j),,(0.01241774190237338+0.058133432475425406j),-1712.6629869650346
10361,10361,11.03609375,-0.0014298242355493,(0.0012050521313203806-0.016193396357371857j),,(0.0012050521313208152-0.016193396357373012j),-1711.8630509599132
10362,10362,11.03619375,0.0031993400405557,(-0.002216340399755871-0.014553584656619661j),,(-0.002216340399754495-0.014553584656614929j),-1711.063114954792
10363,10363,11.03629375,0.0028050579549363,(-0.0573917520781423-0.06934617867733704j),,(-0.057391752078142844-0.0693461786773342j),-1710.2631789496704
10364,10364,11.03639375,0.0037259904985372,(0.046897749776480285-0.012287048716797176j),,(0.0468977497764763-0.01228704871680067j),-1709.463242944549
10365,10365,11.03649375,0.0027430308404501,(-0.06536671628941192+0.022636616645292956j),,(-0.06536671628941314+0.02263661664529494j),-1708.6633069394275
10366,10366,11.03659375,0.0050279193611195,(-0.008704843005491087+0.0001835608767189736j),,(-0.0087048430054906+0.00018356087672028766j),-1707.863370934306
10367,10367,11.03669375,0.0066545324133347,(-0.039595983908951915-0.04521405073010348j),,(-0.039595983908952664-0.045214050730103685j),-1707.0634349291845
10368,10368,11.03679375,0.00805846509106,(0.003077595362169854+0.06846518811739971j),,(0.003077595362172043+0.0684651881173985j),-1706.263498924063
10369,10369,11.03689375,0.0069086476405105,(-0.03315299996276344-0.13133523972245434j),,(-0.033152999962762775-0.13133523972245345j),-1705.4635629189415
10370,10370,11.03699375,0.0065405215687064,(-0.02423158471236295+0.03282243684835194j),,(-0.024231584712363925+0.03282243684835119j),-1704.6636269138203
10371,10371,11.03709375,0.0062572060292943,(-0.06509836697847524-0.06487246059480525j),,(-0.06509836697847357-0.06487246059480606j),-1703.8636909086988
10372,10372,11.03719375,0.0058519307141923,(-0.004223030409634027-0.11308311753576222j),,(-0.004223030409636123-0.11308311753576109j),-1703.0637549035773
10373,10373,11.03729375,0.0056334830005434,(0.007910449830091938+0.013199171660247809j),,(0.007910449830090883+0.01319917166024574j),-1702.2638188984558
10374,10374,11.03739375,0.0038159960139106,(0.0012014705515090065+0.029672719432953992j),,(0.001201470551511711+0.029672719432954662j),-1701.4638828933344
10375,10375,11.03749375,0.0044887327690628,(0.0055737003407827865-0.038558465949398824j),,(0.00557370034078463-0.03855846594940191j),-1700.6639468882129
10376,10376,11.03759375,0.0047622724917873,(0.025956311004575346+0.024752178402647963j),,(0.02595631100457637+0.02475217840264635j),-1699.8640108830914
10377,10377,11.03769375,0.0072319620880139,(0.01606564887344429-0.043038293781091495j),,(0.016065648873442924-0.04303829378108902j),-1699.06407487797
10378,10378,11.03779375,0.00508587223198,(-0.038356807914077966-0.016894295259781252j),,(-0.038356807914081845-0.016894295259784555j),-1698.2641388728484
10379,10379,11.03789375,0.0076215293069724,(0.031858906574238656-0.004138259859218167j),,(0.03185890657424-0.004138259859221123j),-1697.4642028677272
10380,10380,11.03799375,0.0080488903149634,(-0.03557552236439108-0.0017176033765890948j),,(-0.035575522364388275-0.0017176033765883645j),-1696.6642668626057
10381,10381,11.03809375,0.0085734175772463,(-0.026153319301854903+0.003354527050570401j),,(-0.02615331930185291+0.0033545270505723045j),-1695.8643308574842
10382,10382,11.03819375,0.0097572114634023,(-0.006820762439424449-0.039167396270918156j),,(-0.006820762439425072-0.039167396270918683j),-1695.0643948523627
10383,10383,11.03829375,0.0099765881385787,(0.0007024048459068864+0.02445369105164245j),,(0.0007024048459053217+0.024453691051643238j),-1694.2644588472413
10384,10384,11.03839375,0.0088232070682418,(-0.008766876932815124-0.012680477174152847j),,(-0.008766876932816933-0.012680477174149952j),-1693.4645228421198
10385,10385,11.03849375,0.0068897066552729,(0.07766142064781384-0.0724454196447355j),,(0.0776614206478111-0.07244541964473233j),-1692.6645868369983
10386,10386,11.03859375,0.0085364956274402,(-0.0066487858181538-0.015784262055790647j),,(-0.006648785818158292-0.015784262055788492j),-1691.8646508318768
10387,10387,11.03869375,0.0086087001608326,(-0.005914556846403283+0.013658006314993663j),,(-0.005914556846405023+0.013658006314991603j),-1691.0647148267553
10388,10388,11.03879375,0.008473229485437,(-0.07782214007777409-0.00037844334547690317j),,(-0.07782214007777405-0.0003784433454784991j),-1690.264778821634
10389,10389,11.03889375,0.0057193620333311,(-0.038832652347350685-0.025975424048158294j),,(-0.03883265234734967-0.02597542404815946j),-1689.4648428165126
10390,10390,11.03899375,0.0062569878629774,(0.15319431334141057-0.00895861993947323j),,(0.15319431334141753-0.008958619939472817j),-1688.6649068113911
10391,10391,11.03909375,0.0061478981287089,(0.10280351376782476+0.029241278088122158j),,(0.1028035137678243+0.029241278088122664j),-1687.8649708062696
10392,10392,11.03919375,0.0081707746121587,(0.012566348458163816+0.006104434375670072j),,(0.012566348458167563+0.006104434375669241j),-1687.0650348011482
10393,10393,11.03929375,0.0069299834446495,(0.012148078678336616+0.01954814781574842j),,(0.012148078678336331+0.019548147815745712j),-1686.2650987960267
10394,10394,11.03939375,0.0070719359507334,(-0.022916657049601684+0.013348325345523604j),,(-0.022916657049601483+0.013348325345523108j),-1685.4651627909052
10395,10395,11.03949375,0.0077686243695247,(-0.052969885613222675+0.0780541462979648j),,(-0.052969885613226096+0.07805414629796674j),-1684.6652267857837
10396,10396,11.03959375,0.0087564223887184,(-0.07060143364420765+0.011877743268964916j),,(-0.0706014336442119+0.011877743268962723j),-1683.8652907806622
10397,10397,11.03969375,0.0099710096646592,(-0.02971359673722991-0.02443078437441801j),,(-0.029713596737230792-0.02443078437441555j),-1683.065354775541
10398,10398,11.03979375,0.0096194091644503,(-0.03858465714507983+0.006000183572890179j),,(-0.038584657145080206+0.006000183572892198j),-1682.2654187704195
10399,10399,11.03989375,0.0083796189299526,(0.015721931335828703-0.014212422686484885j),,(0.01572193133582919-0.014212422686482425j),-1681.465482765298
10400,10400,11.03999375,0.0085671023874986,(-0.05180168583862393-0.05137471490188492j),,(-0.05180168583862725-0.05137471490188911j),-1680.6655467601765
10401,10401,11.04009375,0.0090244115061034,(-0.02108720362549069-0.047545231031761614j),,(-0.021087203625494207-0.047545231031759755j),-1679.865610755055
10402,10402,11.04019375,0.0073795912462303,(0.05954438992080198+0.06625298982160158j),,(0.059544389920801806+0.06625298982160113j),-1679.0656747499336
10403,10403,11.04029375,0.0065871145892575,(0.06487305504662168+0.019399167470984763j),,(0.0648730550466196+0.019399167470983882j),-1678.265738744812
10404,10404,11.04039375,0.0060501603415904,(0.030537561312125244-0.028044678405061908j),,(0.030537561312123433-0.028044678405060995j),-1677.4658027396906
10405,10405,11.04049375,0.0073766737820339,(-0.00828343790967946-0.005052544634393374j),,(-0.008283437909680936-0.005052544634396059j),-1676.6658667345694
10406,10406,11.04059375,0.0042282474641329,(-0.019099173773694696+0.018510718473265547j),,(-0.019099173773696083+0.018510718473265162j),-1675.8659307294479
10407,10407,11.04069375,0.0037025405759525,(0.023506592369190893+0.02978626041313611j),,(0.023506592369193696+0.02978626041313955j),-1675.0659947243264
10408,10408,11.04079375,0.003658976349857,(0.050324873189686876-0.028369311039403846j),,(0.05032487318969037-0.028369311039402382j),-1674.266058719205
10409,10409,11.04089375,0.0054811294910316,(-0.033838991286266676-0.027377191315623904j),,(-0.03383899128626422-0.02737719131562455j),-1673.4661227140834
10410,10410,11.04099375,0.0052612196788842,(-0.019954352170093868+0.0018986068818079415j),,(-0.019954352170093698+0.0018986068818076067j),-1672.666186708962
10411,10411,11.04109375,0.0055307094287723,(0.03471794529320216-0.01773061341009861j),,(0.0347179452932025-0.017730613410095637j),-1671.8662507038405
10412,10412,11.04119375,0.0057081543703001,(0.03638739424838597-0.024823567401021786j),,(0.03638739424838819-0.024823567401023656j),-1671.066314698719
10413,10413,11.04129375,0.0067488135201518,(-0.011178697271619617-0.03705387148022668j),,(-0.011178697271619804-0.03705387148022677j),-1670.2663786935975
10414,10414,11.04139375,0.0082916021412587,(0.07410237005772247+0.003395020811849638j),,(0.07410237005772403+0.0033950208118506218j),-1669.4664426884763
10415,10415,11.04149375,0.0074047388720061,(0.051676743125165556-0.10034438379623761j),,(0.05167674312516774-0.10034438379623592j),-1668.6665066833548
10416,10416,11.04159375,0.0061896213679306,(-0.044963427613451325+0.051253663381244846j),,(-0.04496342761345171+0.051253663381245484j),-1667.8665706782333
10417,10417,11.04169375,0.0039033424955107,(0.024625452441404724+0.0008191534307668766j),,(0.02462545244140331+0.0008191534307649987j),-1667.0666346731118
10418,10418,11.04179375,0.0037181460360724,(-0.028952115166730956+0.006727363492673356j),,(-0.028952115166729457+0.006727363492669893j),-1666.2666986679903
10419,10419,11.04189375,0.0026470423364832,(0.012703925483734006+0.024482115276262602j),,(0.01270392548373473+0.024482115276255295j),-1665.4667626628689
10420,10420,11.04199375,0.0035638609478666,(-0.07586643824894064-0.012936208447929474j),,(-0.07586643824893581-0.012936208447928414j),-1664.6668266577474
10421,10421,11.04209375,0.0021319507955342,(-0.029285397650850656-0.02416947940476276j),,(-0.029285397650847686-0.024169479404760264j),-1663.866890652626
10422,10422,11.04219375,0.0019017353748712,(-0.030832872231576512-0.008458073845016517j),,(-0.030832872231577234-0.008458073845015126j),-1663.0669546475044
10423,10423,11.04229375,0.0028210632871152,(0.0028905211458707773-0.062242655879564256j),,(0.0028905211458689645-0.062242655879564485j),-1662.2670186423832
10424,10424,11.04239375,0.0050295901347473,(0.011963950018883823+0.06599144067166722j),,(0.011963950018885474+0.06599144067166673j),-1661.4670826372617
10425,10425,11.04249375,0.0043634228193473,(0.03161896363045105+0.005752356570274401j),,(0.03161896363045586+0.005752356570271353j),-1660.6671466321402
10426,10426,11.04259375,0.0050789583795115,(0.024041286027402985-0.04214301374145696j),,(0.02404128602740077-0.04214301374145662j),-1659.8672106270187
10427,10427,11.04269375,0.0054248583666448,(-0.032844522042992305-0.0566413615366185j),,(-0.03284452204298938-0.05664136153661896j),-1659.0672746218972
10428,10428,11.04279375,0.0054434722274066,(0.038708561147010066+0.04056316550601165j),,(0.03870856114701069+0.04056316550600962j),-1658.2673386167758
10429,10429,11.04289375,0.0045493224176194,(-0.10504803187364792+0.002212095295500406j),,(-0.10504803187364502+0.0022120952955035876j),-1657.4674026116543
10430,10430,11.04299375,0.0029123886006673,(-0.0625920907609841-0.08857616638906042j),,(-0.06259209076098347-0.08857616638905733j),-1656.6674666065328
10431,10431,11.04309375,0.0024003439406009,(-0.04835106709619696-0.04488659269254155j),,(-0.04835106709619791-0.04488659269253932j),-1655.8675306014113
10432,10432,11.04319375,0.0021729230983486,(-0.0028887128648449507-0.04950954643177163j),,(-0.0028887128648438423-0.049509546431774694j),-1655.06759459629
10433,10433,11.04329375,0.0019247585619396,(-0.015840814125052775+0.009080639615724879j),,(-0.0158408141250509+0.009080639615729717j),-1654.2676585911686
10434,10434,11.04339375,0.0019138664777348,(0.03512523619418817+0.0036122375209336477j),,(0.03512523619419182+0.0036122375209333615j),-1653.467722586047
10435,10435,11.04349375,0.0001891543785863,(-0.08934125574483837+0.021513061071005715j),,(-0.0893412557448373+0.02151306107100344j),-1652.6677865809256
10436,10436,11.04359375,8.661966320801533e-05,(-0.020371584850904817+0.01577370121635513j),,(-0.02037158485090807+0.01577370121635526j),-1651.8678505758041
10437,10437,11.04369375,0.0012750459767105,(0.03648695903411376+0.0525539990413568j),,(0.036486959034117826+0.05255399904135667j),-1651.0679145706827
10438,10438,11.04379375,0.0018814441521607,(-0.03173642906003382+0.08381728823782751j),,(-0.031736429060033745+0.08381728823782453j),-1650.2679785655612
10439,10439,11.04389375,0.0019697875625493,(0.05618288524891919-0.013020752241049252j),,(0.05618288524891753-0.01302075224104854j),-1649.4680425604397
10440,10440,11.04399375,0.0046563017312452,(-0.014812705597863686-0.010825257548702538j),,(-0.014812705597861941-0.010825257548699271j),-1648.6681065553184
10441,10441,11.04409375,0.0052546527667105,(-0.014649604857787307+0.003835240663228715j),,(-0.01464960485778662+0.003835240663228611j),-1647.868170550197
10442,10442,11.04419375,0.0079311813572926,(-0.020036600824362906-0.022944667238345453j),,(-0.02003660082436208-0.02294466723834543j),-1647.0682345450755
10443,10443,11.04429375,0.0066481739588462,(0.06462626304210801-0.07302347779875935j),,(0.06462626304210542-0.0730234777987599j),-1646.268298539954
10444,10444,11.04439375,0.0065202025511699,(0.03325236260489513+0.0023732333589754203j),,(0.03325236260489298+0.0023732333589722276j),-1645.4683625348325
10445,10445,11.04449375,0.0051429738244279,(-0.017085491770584202-0.02820418600362497j),,(-0.017085491770589396-0.02820418600362542j),-1644.668426529711
10446,10446,11.04459375,0.0044018493195262,(0.014902853821021304+0.03222924738162179j),,(0.01490285382102203+0.03222924738162206j),-1643.8684905245896
10447,10447,11.04469375,0.0020975167802032,(-0.017195498702025896+0.06528219377136434j),,(-0.017195498702030975+0.06528219377136481j),-1643.068554519468
10448,10448,11.04479375,0.0019671536477284,(-0.054400089319292244-0.06045824546778096j),,(-0.05440008931928876-0.060458245467780135j),-1642.2686185143466
10449,10449,11.04489375,0.0027087392918155,(0.05275885799176971+0.08925588860808506j),,(0.05275885799176767+0.08925588860808328j),-1641.4686825092253
10450,10450,11.04499375,0.0022602499904986,(0.04260898192578256-0.028111754242279113j),,(0.042608981925784266-0.02811175424227816j),-1640.6687465041039
10451,10451,11.04509375,0.0040270750248057,(-0.011339773093648316-0.122574240388087j),,(-0.011339773093647927-0.12257424038809221j),-1639.8688104989824
10452,10452,11.04519375,0.0040050834860658,(-0.04199124371031067+0.0982728317282077j),,(-0.04199124371030534+0.09827283172821044j),-1639.068874493861
10453,10453,11.04529375,0.005392576236565,(-0.022235871777232425-0.031149555961477338j),,(-0.022235871777227977-0.031149555961477116j),-1638.2689384887394
10454,10454,11.04539375,0.0070690822117764,(0.008384507292452333-0.08664386705261262j),,(0.00838450729245345-0.08664386705261208j),-1637.469002483618
10455,10455,11.04549375,0.0082811315111599,(0.0001481979436918513-0.025829044300835553j),,(0.00014819794369179407-0.025829044300836955j),-1636.6690664784965
10456,10456,11.04559375,0.007190266010296,(-0.06201330665764663+0.08705256314537094j),,(-0.062013306657650084+0.0870525631453713j),-1635.869130473375
10457,10457,11.04569375,0.0074014299362177,(0.09324353017146444-0.15509773418268838j),,(0.09324353017146533-0.15509773418268977j),-1635.0691944682535
10458,10458,11.04579375,0.0082834825685242,(0.03950910841781291-0.015697946275780004j),,(0.03950910841781114-0.015697946275775344j),-1634.2692584631322
10459,10459,11.04589375,0.0087778641712093,(0.008949135742283282+0.011469677013484324j),,(0.008949135742286316+0.01146967701348245j),-1633.4693224580108
10460,10460,11.04599375,0.0059550760654318,(0.00163841918213279-0.03722135565773037j),,(0.0016384191821340183-0.03722135565773027j),-1632.6693864528893
10461,10461,11.04609375,0.0058002989917243,(-0.03505428603073024+0.006137870784423264j),,(-0.03505428603072559+0.006137870784422421j),-1631.8694504477678
10462,10462,11.04619375,0.0061748836745544,(0.1233096873011639+0.0805323145123467j),,(0.1233096873011691+0.08053231451234374j),-1631.0695144426463
10463,10463,11.04629375,0.0067917160356092,(-0.09925690532109757-0.0333320178233302j),,(-0.0992569053211001-0.03333201782332818j),-1630.2695784375248
10464,10464,11.04639375,0.0056103783291911,(0.0009009196943121703-0.11647769217585362j),,(0.0009009196943146752-0.11647769217585317j),-1629.4696424324034
10465,10465,11.04649375,0.0074944656277518,(-0.0023440974348631887-0.03927013467609271j),,(-0.0023440974348610272-0.03927013467609385j),-1628.6697064272819
10466,10466,11.04659375,0.0082616166828955,(0.04267241717918193+0.026914244395516426j),,(0.04267241717918422+0.026914244395517456j),-1627.8697704221604
10467,10467,11.04669375,0.0100879449613455,(0.018432759993284968+0.08111293645426695j),,(0.018432759993285294+0.08111293645426779j),-1627.0698344170391
10468,10468,11.04679375,0.0102209618156689,(0.04819823963545125-0.03188137109272506j),,(0.04819823963545293-0.03188137109272597j),-1626.2698984119177
10469,10469,11.04689375,0.0089800716385002,(-0.02759258406446792+0.04528228723390027j),,(-0.027592584064468365+0.045282287233899904j),-1625.4699624067962
10470,10470,11.04699375,0.009419820431514,(-0.00327977661741862+0.0018859385497903471j),,(-0.0032797766174172617+0.0018859385497904666j),-1624.6700264016747
10471,10471,11.04709375,0.0095639248783661,(-0.03356856200015661+0.058302114990996065j),,(-0.033568562000157266+0.058302114991000034j),-1623.8700903965532
10472,10472,11.04719375,0.0072642422617139,(-0.019652502697102035-0.043790850065854384j),,(-0.019652502697099502-0.04379085006585157j),-1623.0701543914317
10473,10473,11.04729375,0.0058834778465504,(-0.018566949527517237-0.015073229173680387j),,(-0.01856694952751724-0.01507322917367751j),-1622.2702183863103
10474,10474,11.04739375,0.0046996414275658,(0.026335629129812146-0.007749935980672056j),,(0.02633562912980959-0.007749935980674281j),-1621.4702823811888
10475,10475,11.04749375,0.0071276008616664,(0.05745572178324719-0.04794703604771555j),,(0.05745572178324686-0.04794703604771634j),-1620.6703463760675
10476,10476,11.04759375,0.0056968217886978,(0.017148584014698293+0.007343788886582414j),,(0.01714858401469825+0.007343788886583826j),-1619.870410370946
10477,10477,11.04769375,0.0054491715028769,(-0.019185785541218976-0.02264599650497094j),,(-0.019185785541216374-0.022645996504971407j),-1619.0704743658246
10478,10478,11.04779375,0.0063428362858696,(-0.03144324618590848-0.03858945647890171j),,(-0.03144324618591257-0.03858945647889952j),-1618.270538360703
10479,10479,11.04789375,0.0072784560323414,(-0.004236910082503037-0.003080713696941212j),,(-0.004236910082502394-0.003080713696943173j),-1617.4706023555816
10480,10480,11.04799375,0.0080745921695015,(-0.05291908627387472-0.028654012466287494j),,(-0.052919086273876245-0.028654012466286797j),-1616.6706663504601
10481,10481,11.04809375,0.0090867129024399,(-0.07991141244285577+0.018311266099370956j),,(-0.07991141244285348+0.018311266099370033j),-1615.8707303453386
10482,10482,11.04819375,0.0095579823347384,(-0.033390275063302596-0.06475958093964769j),,(-0.033390275063300244-0.06475958093964704j),-1615.0707943402172
10483,10483,11.04829375,0.0098152656446293,(0.033027688606739554+0.058123509418427526j),,(0.033027688606741566+0.05812350941842697j),-1614.2708583350957
10484,10484,11.04839375,0.0089079420057911,(-0.051456251790250325-0.09504375793310191j),,(-0.05145625179024945-0.0950437579331047j),-1613.4709223299744
10485,10485,11.04849375,0.0074035282458628,(0.0065715825932812465+0.07067756335355607j),,(0.0065715825932828945+0.07067756335355649j),-1612.670986324853
10486,10486,11.04859375,0.0071871267218018,(-0.07527593012779642-0.06912671047089244j),,(-0.07527593012779558-0.06912671047089539j),-1611.8710503197315
10487,10487,11.04869375,0.0058828599048516,(0.022211745033456555+0.057475226027781004j),,(0.022211745033454657+0.05747522602778151j),-1611.07111431461
10488,10488,11.04879375,0.0052068348196244,(-0.014430271142182415-0.05593599879081497j),,(-0.014430271142181138-0.05593599879081895j),-1610.2711783094885
10489,10489,11.04889375,0.0046719066491518,(-0.000847511893204915-0.09720736200111554j),,(-0.0008475118932066497-0.09720736200111693j),-1609.471242304367
10490,10490,11.04899375,0.0042892181330706,(-0.06356024319809539-0.10480569783344035j),,(-0.06356024319809263-0.10480569783344323j),-1608.6713062992455
10491,10491,11.04909375,0.004818894849923,(-0.01564055434926272+0.02686973426199081j),,(-0.01564055434925795+0.02686973426199217j),-1607.871370294124
10492,10492,11.04919375,0.0051668138256741,(-0.04032111624840821+0.027192990828080646j),,(-0.04032111624840798+0.027192990828081347j),-1607.0714342890026
10493,10493,11.04929375,0.0061119399534865,(-0.06200425124089455+0.007937198637824482j),,(-0.062004251240892067+0.007937198637823295j),-1606.2714982838813
10494,10494,11.04939375,0.0078727883351616,(0.010402881334283975-0.05933015486217756j),,(0.010402881334283902-0.05933015486217888j),-1605.4715622787598
10495,10495,11.04949375,0.0076817694434183,(0.012196514960616519-0.031580740890233557j),,(0.012196514960617045-0.031580740890235756j),-1604.6716262736384
10496,10496,11.04959375,0.007414058700739,(-0.0177882786588576+0.033183468173831034j),,(-0.017788278658858445+0.033183468173832144j),-1603.8716902685169
10497,10497,11.04969375,0.0059564294901954,(-0.03774446705883199-0.032833678670563506j),,(-0.037744467058831416-0.0328336786705665j),-1603.0717542633954
10498,10498,11.04979375,0.0066392076282732,(0.03903178792498744-0.048693200580886754j),,(0.039031787924989535-0.048693200580893346j),-1602.271818258274
10499,10499,11.04989375,0.0060942272338322,(0.012123899648145389-0.08297009677629669j),,(0.012123899648148934-0.08297009677629524j),-1601.4718822531524
10500,10500,11.04999375,0.0041550360739019,(-0.012770592510396422-0.016762882791679434j),,(-0.012770592510397524-0.016762882791684548j),-1600.671946248031
10501,10501,11.05009375,0.0023075585520575,(0.038912476233574696+0.012092159444652008j),,(0.03891247623357299+0.012092159444651794j),-1599.8720102429095
10502,10502,11.05019375,0.0024579731693168,(0.02872143746068838+0.07100653746573926j),,(0.02872143746068665+0.0710065374657364j),-1599.0720742377882
10503,10503,11.05029375,0.0035076357833597,(0.010318951929182085-0.011011778802448626j),,(0.010318951929182503-0.011011778802452382j),-1598.2721382326667
10504,10504,11.05039375,0.0023494427325213,(-0.06148547710022618-0.08954193715374996j),,(-0.06148547710022602-0.0895419371537511j),-1597.4722022275453
10505,10505,11.05049375,0.0026519381271359,(-0.0072471322300213+0.017131584584889826j),,(-0.007247132230022475+0.01713158458488577j),-1596.6722662224238
10506,10506,11.05059375,0.0044049449339615,(0.01739950870695902+0.049676266665965974j),,(0.017399508706952782+0.049676266665969374j),-1595.8723302173023
10507,10507,11.05069375,0.007959374022815,(0.013463699054671107-0.03796388203271636j),,(0.013463699054671844-0.037963882032715744j),-1595.0723942121808
10508,10508,11.05079375,0.0058440045886833,(-0.02358027092157121+0.009467608566721002j),,(-0.023580270921568083+0.009467608566720026j),-1594.2724582070593
10509,10509,11.05089375,0.006149356430613,(-0.016398515902853617+0.02776980808259233j),,(-0.01639851590285118+0.027769808082591472j),-1593.4725222019379
10510,10510,11.05099375,0.0059335743611817,(0.018106493586606466+0.024180985690161617j),,(0.01810649358660303+0.02418098569016475j),-1592.6725861968166
10511,10511,11.05109375,0.0058034980309142,(0.0355301122138549-0.001243449705578964j),,(0.03553011221385267-0.0012434497055792068j),-1591.8726501916951
10512,10512,11.05119375,0.0021718947985981,(0.02595952958017537+0.00414477178961151j),,(0.025959529580170993+0.004144771789610919j),-1591.0727141865736
10513,10513,11.05129375,-0.0003043817725714,(-0.042304180594674695-0.06552961696523521j),,(-0.042304180594672676-0.06552961696523307j),-1590.2727781814522
10514,10514,11.05139375,-0.0002387510431915,(-0.03153805159530359+0.027815399763821524j),,(-0.031538051595305296+0.027815399763819373j),-1589.4728421763307
10515,10515,11.05149375,0.0012685184601356,(-0.11652797535740375+0.0029751295068601996j),,(-0.11652797535740504+0.0029751295068592525j),-1588.6729061712092
10516,10516,11.05159375,0.0005693715753761,(-0.04511979130765169-0.05203850011330968j),,(-0.0451197913076486-0.05203850011330766j),-1587.8729701660877
10517,10517,11.05169375,0.0009106796034376,(-0.01178100553039718-0.030580240864414465j),,(-0.011781005530394975-0.030580240864418826j),-1587.0730341609662
10518,10518,11.05179375,0.0022177707722344,(-0.0758587896323716-0.034021221732282766j),,(-0.07585878963236778-0.03402122173228678j),-1586.2730981558448
10519,10519,11.05189375,0.0030101943957278,(0.006976959719027462-0.009229860595474594j),,(0.006976959719027351-0.009229860595473312j),-1585.4731621507235
10520,10520,11.05199375,0.0046361322842074,(0.014151733762380905-0.0009747093471487939j),,(0.014151733762381219-0.0009747093471495225j),-1584.673226145602
10521,10521,11.05209375,0.0045881126392298,(0.04853286388642888-0.05047781976829296j),,(0.04853286388642885-0.05047781976829167j),-1583.8732901404805
10522,10522,11.05219375,0.0029609917765402,(-0.013003613191934844-0.06274428298937357j),,(-0.01300361319193499-0.06274428298937292j),-1583.073354135359
10523,10523,11.05229375,0.0043688378708823,(-0.001860326242936124+0.031802442646390934j),,(-0.0018603262429361302+0.031802442646391434j),-1582.2734181302376
10524,10524,11.05239375,0.005498858474663,(0.041367755310102915+0.04963404001250247j),,(0.04136775531010215+0.049634040012499145j),-1581.473482125116
10525,10525,11.05249375,0.0051984578266848,(0.06664607843770974+0.010721216478036786j),,(0.06664607843771136+0.010721216478035502j),-1580.6735461199946
10526,10526,11.05259375,0.0041236935469655,(0.05030195926452638-0.02262514744475442j),,(0.05030195926452725-0.02262514744474973j),-1579.8736101148731
10527,10527,11.05269375,0.0024594931508049,(-0.058164794204058526+0.03921657384005714j),,(-0.05816479420405832+0.0392165738400576j),-1579.0736741097517
10528,10528,11.05279375,0.0045892097754129,(0.013544766938383575-0.005953820771720174j),,(0.013544766938385203-0.00595382077171947j),-1578.2737381046304
10529,10529,11.05289375,0.0019562710518318,(-0.026412663736639384+0.020486980072227035j),,(-0.026412663736638465+0.02048698007222919j),-1577.473802099509
10530,10530,11.05299375,0.0023498409402426,(-0.010598263536324943+0.042916924922527244j),,(-0.010598263536324499+0.042916924922527945j),-1576.6738660943874
10531,10531,11.05309375,0.0021806262303031,(0.020840895961395413-0.05648967898149814j),,(0.020840895961397002-0.05648967898149533j),-1575.873930089266
10532,10532,11.05319375,0.0041223234643115,(-0.02386477119551698-0.0020573005571859378j),,(-0.023864771195517408-0.00205730055718591j),-1575.0739940841445
10533,10533,11.05329375,0.0059003101055218,(-0.10090703542365917+0.0870913042716142j),,(-0.10090703542365663+0.08709130427161624j),-1574.274058079023
10534,10534,11.05339375,0.0072054268255725,(0.044661682094560194+0.04001053316315678j),,(0.04466168209456212+0.04001053316315883j),-1573.4741220739015
10535,10535,11.05349375,0.0072813148931331,(-0.018755549051451152-0.05511871429875774j),,(-0.018755549051449494-0.05511871429875925j),-1572.67418606878
10536,10536,11.05359375,0.0090495850884453,(-0.02031781074282595-0.02160781296976093j),,(-0.02031781074282804-0.021607812969760297j),-1571.8742500636586
10537,10537,11.05369375,0.0067759669263527,(-0.039317755439001796-0.03134618694668421j),,(-0.03931775543900041-0.03134618694668563j),-1571.0743140585373
10538,10538,11.05379375,0.0081212576274026,(0.03174127851994405+0.04298728137127013j),,(0.03174127851994193+0.042987281371271426j),-1570.2743780534158
10539,10539,11.05389375,0.0069455121674098,(0.022013820630102002-0.04458773169266503j),,(0.02201382063010285-0.04458773169266433j),-1569.4744420482943
10540,10540,11.05399375,0.006199232597117,(-0.02729234823755197+0.018038197623403644j),,(-0.027292348237552236+0.018038197623402304j),-1568.6745060431729
10541,10541,11.05409375,0.0042782916288999,(0.023885986114813056-0.092586660008109j),,(0.023885986114812564-0.09258666000810807j),-1567.8745700380514
10542,10542,11.05419375,0.0035533548502668,(0.03590588227561763-0.04235399303253938j),,(0.03590588227561974-0.04235399303254768j),-1567.07463403293
10543,10543,11.05429375,0.0047924754859868,(0.009997293325926478-0.08169643647040381j),,(0.009997293325927505-0.08169643647040534j),-1566.2746980278084
10544,10544,11.05439375,0.0050754620215375,(-0.012124212711019933-0.0563676125352334j),,(-0.012124212711018767-0.05636761253523501j),-1565.474762022687
10545,10545,11.05449375,0.0042890032620104,(-0.01852895349509604+0.042221015023819114j),,(-0.018528953495094223+0.042221015023815624j),-1564.6748260175657
10546,10546,11.05459375,0.0050195867252767,(-0.1026043324911767-0.008626800370848273j),,(-0.10260433249117584-0.008626800370848009j),-1563.8748900124442
10547,10547,11.05469375,0.0083558441041592,(0.05945112328106293-0.03229117555690254j),,(0.05945112328106249-0.03229117555690135j),-1563.0749540073227
10548,10548,11.05479375,0.009222009679731,(0.01906012777879993+0.023512862494351104j),,(0.01906012777879571+0.023512862494348717j),-1562.2750180022013
10549,10549,11.05489375,0.0095047435119903,(0.0400260674822623-0.09157246677710862j),,(0.04002606748226195-0.0915724667771062j),-1561.4750819970798
10550,10550,11.05499375,0.0081504786619415,(-0.016029733850568287-0.08223005915521749j),,(-0.016029733850566587-0.08223005915521839j),-1560.6751459919583
10551,10551,11.05509375,0.0101945683034358,(-0.04350745951144763+0.020888913445495646j),,(-0.04350745951144834+0.020888913445499355j),-1559.8752099868368
10552,10552,11.05519375,0.0102841930586174,(0.019122464456756152+0.09322978359758692j),,(0.019122464456751434+0.09322978359758513j),-1559.0752739817153
10553,10553,11.05529375,0.0083668262898312,(0.013427325194071379-0.07362515440055638j),,(0.013427325194070618-0.07362515440055539j),-1558.2753379765938
10554,10554,11.05539375,0.0043612810669811,(-0.005310515197607257+0.03044970482694414j),,(-0.005310515197609859+0.030449704826944233j),-1557.4754019714726
10555,10555,11.05549375,0.0051980307373643,(-0.032925435600086435-0.01926039727241388j),,(-0.032925435600089654-0.019260397272416116j),-1556.675465966351
10556,10556,11.05559375,0.0060492593469144,(-0.013423486172095253+0.008775487760210244j),,(-0.013423486172091714+0.008775487760208804j),-1555.8755299612296
10557,10557,11.05569375,0.0063738966518889,(-0.008362393423507449-0.0125952891293132j),,(-0.008362393423508092-0.012595289129315337j),-1555.0755939561082
10558,10558,11.05579375,0.0059101436244934,(-0.03805808701394611-0.03574712490140317j),,(-0.0380580870139406-0.035747124901401965j),-1554.2756579509867
10559,10559,11.05589375,0.0074622851068688,(-0.009211079641147075+0.012958691739983227j),,(-0.009211079641144957+0.012958691739984615j),-1553.4757219458652
10560,10560,11.05599375,0.0099855059393862,(0.035470939989572924+0.03663547034109134j),,(0.03547093998957267+0.036635470341092324j),-1552.6757859407437
10561,10561,11.05609375,0.0087352190629803,(0.003661876160917699-0.0006278287889373604j),,(0.00366187616091902-0.0006278287889400545j),-1551.8758499356222
10562,10562,11.05619375,0.0083308332353436,(-0.042612390646350515-0.03590158952149841j),,(-0.04261239064635228-0.03590158952149189j),-1551.0759139305007
10563,10563,11.05629375,0.0091913842339056,(-0.009740741110252898-0.041472836789532896j),,(-0.009740741110249362-0.04147283678953376j),-1550.2759779253795
10564,10564,11.05639375,0.0095567890948127,(-0.06451365922891998+0.008071628199430483j),,(-0.06451365922891866+0.008071628199432447j),-1549.476041920258
10565,10565,11.05649375,0.0079030785696876,(-0.016594792835379978+0.05902422846309078j),,(-0.01659479283537865+0.059024228463094866j),-1548.6761059151365
10566,10566,11.05659375,0.008307795785113,(-0.06485948661982234+0.023376986300812627j),,(-0.06485948661982212+0.023376986300814584j),-1547.876169910015
10567,10567,11.05669375,0.0081103228889982,(-0.05700702094588878-0.04353323682588715j),,(-0.05700702094588886-0.04353323682588756j),-1547.0762339048936
10568,10568,11.05679375,0.0076456861349518,(-0.04035626249704033-0.036554694466281984j),,(-0.040356262497041835-0.036554694466286064j),-1546.276297899772
10569,10569,11.05689375,0.0059271795292067,(0.08352478901297195+0.010215424744486085j),,(0.0835247890129743+0.010215424744486556j),-1545.4763618946506
10570,10570,11.05699375,0.0065942801781492,(0.03495655339379118-0.043384587771970316j),,(0.03495655339378859-0.04338458777197217j),-1544.6764258895291
10571,10571,11.05709375,0.0077509507029027,(0.03467693810802287-0.09100521009747016j),,(0.03467693810802359-0.09100521009746883j),-1543.8764898844076
10572,10572,11.05719375,0.0077409918725301,(0.06603180768507916-0.08102124555683232j),,(0.06603180768507834-0.08102124555683005j),-1543.0765538792864
10573,10573,11.05729375,0.0077369255640673,(-0.024016024561909224-0.037111245288943495j),,(-0.02401602456191044-0.037111245288942836j),-1542.276617874165
10574,10574,11.05739375,0.0074296040496111,(0.0033741243559378712+0.007047719607523579j),,(0.0033741243559384628+0.007047719607524272j),-1541.4766818690434
10575,10575,11.05749375,0.007874390428083,(-0.06091076965565391+0.0069513118563181014j),,(-0.060910769655654985+0.006951311856317012j),-1540.676745863922
10576,10576,11.05759375,0.0080804243373716,(-0.028230365287966044-0.03260563556781529j),,(-0.02823036528796758-0.032605635567815004j),-1539.8768098588005
10577,10577,11.05769375,0.006039033267183,(0.025835968114039494+0.055188248725971355j),,(0.025835968114038495+0.05518824872596755j),-1539.076873853679
10578,10578,11.05779375,0.0044257454545688,(0.021052216797314068-0.027124378673193967j),,(0.021052216797313495-0.02712437867319687j),-1538.2769378485575
10579,10579,11.05789375,0.0049360840473875,(-0.023776748786676835-0.02758849478487459j),,(-0.023776748786681554-0.027588494784878813j),-1537.477001843436
10580,10580,11.05799375,0.0047836068715728,(0.015471278979735067-0.0073341614305738635j),,(0.015471278979733723-0.007334161430574939j),-1536.6770658383148
10581,10581,11.05809375,0.0040413332252039,(-0.06957348872783108-0.03254558644565141j),,(-0.06957348872782831-0.03254558644565271j),-1535.8771298331933
10582,10582,11.05819375,0.0036368848000334,(-0.0430129360848286-0.00919158696898935j),,(-0.0430129360848262-0.009191586968987062j),-1535.0771938280718
10583,10583,11.05829375,0.0062155238735394,(0.03690560505539347-0.05054481671407327j),,(0.03690560505538906-0.05054481671407365j),-1534.2772578229503
10584,10584,11.05839375,0.0058080151570414,(0.04012145151843688-0.016916572112650366j),,(0.040121451518435165-0.016916572112649166j),-1533.4773218178289
10585,10585,11.05849375,0.0050160186399125,(-0.06102192969786176+0.009491142078775956j),,(-0.061021929697862756+0.009491142078773784j),-1532.6773858127074
10586,10586,11.05859375,0.0040227473382242,(-0.047646839708235175-0.06055211864608035j),,(-0.04764683970823394-0.06055211864608186j),-1531.877449807586
10587,10587,11.05869375,0.0028133897084178,(-0.012509558120043982+0.03767659522926131j),,(-0.012509558120041172+0.03767659522925907j),-1531.0775138024644
10588,10588,11.05879375,0.0043460453496816,(-0.02977844031123806-0.10910889627880216j),,(-0.02977844031123695-0.1091088962787986j),-1530.277577797343
10589,10589,11.05889375,0.0014962975753025,(-0.0058814392297100605+0.025056437067140946j),,(-0.005881439229705705+0.025056437067140683j),-1529.4776417922217
10590,10590,11.05899375,0.0025824662967275,(-0.08551947932542034+0.03109906652452083j),,(-0.08551947932541822+0.031099066524523298j),-1528.6777057871002
10591,10591,11.05909375,0.0014552218021686,(-0.08014870343380825+0.006340246387875469j),,(-0.08014870343380745+0.006340246387876024j),-1527.8777697819787
10592,10592,11.05919375,0.0045633661259355,(-0.009473151377423421-0.00889125106809222j),,(-0.00947315137742681-0.008891251068091586j),-1527.0778337768572
10593,10593,11.05929375,0.0041525397583816,(-0.06651382399821734-0.07587015592974239j),,(-0.0665138239982185-0.07587015592973909j),-1526.2778977717358
10594,10594,11.05939375,0.0033773530111328,(-0.0016339598316034813-0.07471546905828774j),,(-0.001633959831599044-0.07471546905828845j),-1525.4779617666143
10595,10595,11.05949375,0.0019871242496464,(0.023451642434408542+0.025039996627569006j),,(0.02345164243440792+0.02503999662756605j),-1524.6780257614928
10596,10596,11.05959375,0.0033713672699763,(0.10495614473271804-0.023354907215215784j),,(0.10495614473271694-0.02335490721521505j),-1523.8780897563713
10597,10597,11.05969375,0.001382873149448,(-0.007203670982615318-0.004711871052219621j),,(-0.007203670982615193-0.004711871052218876j),-1523.0781537512498
10598,10598,11.05979375,0.003106608070726,(0.04376744624376973-0.026711927667129345j),,(0.04376744624376651-0.026711927667128373j),-1522.2782177461286
10599,10599,11.05989375,0.001993917346835,(-0.06175418943602871-0.11078098580539683j),,(-0.06175418943602834-0.11078098580539991j),-1521.478281741007
10600,10600,11.05999375,0.003168890685786,(0.014720938656134448-0.010181643079476985j),,(0.014720938656130349-0.010181643079478078j),-1520.6783457358856
10601,10601,11.06009375,0.0023724250602174,(0.012464487388000423+0.047472637862438424j),,(0.012464487388006092+0.047472637862438126j),-1519.8784097307641
10602,10602,11.06019375,0.0019822575639228,(-0.02811655850900601-0.05393605049418704j),,(-0.02811655850900297-0.053936050494182104j),-1519.0784737256427
10603,10603,11.06029375,0.0034602528492303,(-0.15414418791293302-0.0015387467545857764j),,(-0.15414418791293788-0.001538746754585138j),-1518.2785377205212
10604,10604,11.06039375,0.0038197284709671,(-0.11295012340456194+0.022145471959471502j),,(-0.11295012340456236+0.022145471959473133j),-1517.4786017153997
10605,10605,11.06049375,0.0036361380380677,(0.025899721862453748-0.022636306088039685j),,(0.025899721862454546-0.022636306088038953j),-1516.6786657102782
10606,10606,11.06059375,0.0026820746671574,(-0.0024544731499530903-0.02532992578964166j),,(-0.0024544731499531753-0.025329925789640627j),-1515.8787297051567
10607,10607,11.06069375,0.0036783650685109,(-0.002578178149821371-0.06917187825254938j),,(-0.002578178149818384-0.06917187825254874j),-1515.0787937000355
10608,10608,11.06079375,0.0032228192908415,(0.03520225696309493+0.001199116082893796j),,(0.035202256963096513+0.001199116082892495j),-1514.278857694914
10609,10609,11.06089375,0.0048024347677717,(-0.004592662706012492+0.046900904300766905j),,(-0.004592662706011327+0.046900904300763255j),-1513.4789216897925
10610,10610,11.06099375,0.0038274154193203,(-0.06909821922806769+0.009123070333214283j),,(-0.06909821922806494+0.009123070333216483j),-1512.678985684671
10611,10611,11.06109375,0.0056199463288275,(-0.13233406417465232-0.010540590529370765j),,(-0.13233406417464688-0.010540590529372763j),-1511.8790496795496
10612,10612,11.06119375,0.0038065368077008,(0.11372217838215856+0.09957958526387825j),,(0.11372217838215586+0.09957958526388147j),-1511.079113674428
10613,10613,11.06129375,0.0051069649931816,(-0.06305087722203095-0.0006951220792212852j),,(-0.06305087722202846-0.000695122079225171j),-1510.2791776693066
10614,10614,11.06139375,0.0035102356439053,(-0.049014594130673016-0.06211312140348774j),,(-0.049014594130666986-0.06211312140348493j),-1509.479241664185
10615,10615,11.06149375,0.0033986740350745,(0.05565989049254768+0.005903831402973601j),,(0.055659890492547895+0.005903831402975587j),-1508.6793056590639
10616,10616,11.06159375,0.0045915627135238,(-0.009387627529960503-0.009728313470223788j),,(-0.009387627529961848-0.009728313470220844j),-1507.8793696539424
10617,10617,11.06169375,0.0062247375384362,(0.10973558015827743+0.059379890126939686j),,(0.10973558015827714+0.05937989012694013j),-1507.079433648821
10618,10618,11.06179375,0.0044694835674187,(-0.003949709033743696+0.03959757233942064j),,(-0.003949709033742662+0.039597572339419226j),-1506.2794976436994
10619,10619,11.06189375,0.0045036587319698,(0.05183701925409347+0.00222713506275957j),,(0.051837019254093314+0.0022271350627599273j),-1505.479561638578
10620,10620,11.06199375,0.0057259889781266,(0.04884358158974291+0.012272199927319889j),,(0.048843581589743605+0.012272199927320933j),-1504.6796256334565
10621,10621,11.06209375,0.0071935170759641,(-0.006845798384489649-0.09182126729140483j),,(-0.006845798384487359-0.09182126729140364j),-1503.879689628335
10622,10622,11.06219375,0.0048505001363947,(-0.10520577139069662-0.040656879999242945j),,(-0.10520577139069426-0.04065687999924497j),-1503.0797536232135
10623,10623,11.06229375,0.0058615421800998,(0.05107472386078536+0.010496267014171775j),,(0.05107472386078802+0.010496267014173666j),-1502.279817618092
10624,10624,11.06239375,0.0062799463048033,(-0.05791897721026837-0.0020253714838494342j),,(-0.05791897721027027-0.0020253714838465928j),-1501.4798816129708
10625,10625,11.06249375,0.0068451400214385,(0.02339839669385955-0.03565119697982005j),,(0.023398396693861182-0.035651196979815954j),-1500.6799456078493
10626,10626,11.06259375,0.0062147256899739,(0.040186474344213546+0.028192793543869697j),,(0.04018647434421402+0.028192793543868885j),-1499.8800096027278
10627,10627,11.06269375,0.0069743170040149,(-0.01734945380902843-0.07407793452363642j),,(-0.01734945380902687-0.07407793452363774j),-1499.0800735976063
10628,10628,11.06279375,0.0077203130035954,(0.014039476860791676-0.06956247281641822j),,(0.014039476860791478-0.06956247281641938j),-1498.2801375924848
10629,10629,11.06289375,0.0072645274556928,(0.005083210809656659-0.04056191727600835j),,(0.005083210809655594-0.04056191727601075j),-1497.4802015873634
10630,10630,11.06299375,0.0062519599147661,(-0.05276802783391929+0.003943840173671003j),,(-0.052768027833915654+0.003943840173668196j),-1496.6802655822419
10631,10631,11.06309375,0.0050410615902075,(-0.08172668344257979+0.01268320308155517j),,(-0.08172668344258174+0.012683203081553629j),-1495.8803295771204
10632,10632,11.06319375,0.0062177618158725,(0.00340338163924907+0.019806735125134735j),,(0.003403381639245028+0.019806735125130735j),-1495.080393571999
10633,10633,11.06329375,0.0083214995425123,(0.005012125450075979+0.05773764165657137j),,(0.005012125450074106+0.05773764165656934j),-1494.2804575668777
10634,10634,11.06339375,0.0079032875778647,(0.009173797300602256+0.029825093736444208j),,(0.009173797300604292+0.02982509373644298j),-1493.4805215617562
10635,10635,11.06349375,0.0063449731167639,(0.01443955484549381-0.01852196646036381j),,(0.01443955484549163-0.018521966460362946j),-1492.6805855566347
10636,10636,11.06359375,0.0067897810687718,(-0.050922057043826845-0.029285862184327383j),,(-0.05092205704382412-0.029285862184330033j),-1491.8806495515132
10637,10637,11.06369375,0.0080240687944831,(-0.036693814421435995-0.023051767454956015j),,(-0.03669381442143571-0.0230517674549572j),-1491.0807135463917
10638,10638,11.06379375,0.0084182443092615,(0.06501328174044244-0.002764238032489749j),,(0.06501328174044402-0.002764238032488802j),-1490.2807775412703
10639,10639,11.06389375,0.0085677244970878,(-0.05993529514946606-0.08387012468684829j),,(-0.059935295149468604-0.0838701246868434j),-1489.4808415361488
10640,10640,11.06399375,0.0076815538933919,(0.04981239047869822-0.03478595812062007j),,(0.04981239047869719-0.0347859581206213j),-1488.6809055310273
10641,10641,11.06409375,0.0084275771239506,(0.05043939446743204-0.011330648431600338j),,(0.050439394467430974-0.011330648431599841j),-1487.8809695259058
10642,10642,11.06419375,0.0079852323623151,(-0.07232093190386726-0.06685527453725036j),,(-0.07232093190386374-0.06685527453725153j),-1487.0810335207846
10643,10643,11.06429375,0.0072597947152833,(0.12569114979154947+0.02156063308747544j),,(0.12569114979154766+0.02156063308747494j),-1486.281097515663
10644,10644,11.06439375,0.0080026631890344,(-0.05242591375410829-0.011332331630275546j),,(-0.05242591375410781-0.011332331630273166j),-1485.4811615105416
10645,10645,11.06449375,0.0075795986213846,(-0.016082909009970732-0.03950508749733977j),,(-0.01608290900997294-0.03950508749733892j),-1484.6812255054201
10646,10646,11.06459375,0.0070223503717232,(0.0031988158520490795-0.0004298833156469251j),,(0.0031988158520501455-0.0004298833156452318j),-1483.8812895002986
10647,10647,11.06469375,0.0074789688184478,(0.029612242341387797+0.021093475173172036j),,(0.02961224234138325+0.021093475173177816j),-1483.0813534951772
10648,10648,11.06479375,0.0087062459088733,(-0.03380066013769532-0.0343200118323008j),,(-0.03380066013769247-0.03432001183230123j),-1482.2814174900557
10649,10649,11.06489375,0.0082667361365752,(-0.06858701019807105-0.02371436195939353j),,(-0.06858701019807396-0.02371436195939187j),-1481.4814814849342
10650,10650,11.06499375,0.0087201481496249,(0.02545056968111846-0.03045899603592881j),,(0.02545056968112082-0.030458996035926108j),-1480.681545479813
10651,10651,11.06509375,0.0090915169663776,(-0.012972169107495459+0.02036907865376962j),,(-0.012972169107494588+0.020369078653767702j),-1479.8816094746915
10652,10652,11.06519375,0.0081998422570919,(0.08621487735733571-0.0619699265741021j),,(0.08621487735733394-0.06196992657410265j),-1479.08167346957
10653,10653,11.06529375,0.0065161463950954,(0.13622364153076236-0.032399219300332266j),,(0.13622364153076644-0.032399219300331475j),-1478.2817374644485
10654,10654,11.06539375,0.0081551230128483,(-0.09690179309464378+0.06673383069566262j),,(-0.09690179309464307+0.06673383069566162j),-1477.481801459327
10655,10655,11.06549375,0.0080336831218027,(0.04770305638401866+0.015860429159085334j),,(0.04770305638401946+0.01586042915908769j),-1476.6818654542055
10656,10656,11.06559375,0.0058896722819256,(0.03821639435823688-0.05491681092136634j),,(0.038216394358234526-0.05491681092136345j),-1475.881929449084
10657,10657,11.06569375,0.00601002508271,(-0.018131269546969548+0.021350106251830633j),,(-0.018131269546969524+0.02135010625183454j),-1475.0819934439626
10658,10658,11.06579375,0.0079757494869191,(0.06412853016830158-0.04557064291944891j),,(0.06412853016830272-0.045570642919449664j),-1474.282057438841
10659,10659,11.06589375,0.0061345691291321,(-0.09531253681548457+0.09760208149094367j),,(-0.0953125368154846+0.0976020814909435j),-1473.4821214337198
10660,10660,11.06599375,0.0039074104505369,(-0.0940203304308949-0.03034660874661691j),,(-0.09402033043089428-0.030346608746618972j),-1472.6821854285984
10661,10661,11.06609375,0.0045523930362162,(-0.046085661367338694-0.07587452234041078j),,(-0.04608566136733685-0.07587452234041313j),-1471.8822494234769
10662,10662,11.06619375,0.0055020308476598,(-0.02660219905146071-0.024771855858834218j),,(-0.02660219905146043-0.024771855858830513j),-1471.0823134183554
10663,10663,11.06629375,0.0046321848537307,(-0.07674004269056109+0.10697029466384875j),,(-0.07674004269055743+0.10697029466384836j),-1470.282377413234
10664,10664,11.06639375,0.0038194938188892,(-0.028721766436886675-0.049568391874615134j),,(-0.02872176643688416-0.049568391874615376j),-1469.4824414081124
10665,10665,11.06649375,0.0045385405040051,(0.08469533176244197-0.0030634063488440416j),,(0.08469533176244248-0.00306340634884561j),-1468.682505402991
10666,10666,11.06659375,0.0073028874429215,(0.1009015729890778-0.07524622105461734j),,(0.10090157298907715-0.07524622105461874j),-1467.8825693978695
10667,10667,11.06669375,0.007264507674466,(0.060091319115227186-0.09826939831193816j),,(0.06009131911522541-0.09826939831193952j),-1467.082633392748
10668,10668,11.06679375,0.005413274064586,(0.08831125105022433+0.03193997600498101j),,(0.08831125105022049+0.031939976004982454j),-1466.2826973876267
10669,10669,11.06689375,0.0050165745040328,(0.0515549658048876+0.07543446101769118j),,(0.05155496580488791+0.07543446101768826j),-1465.4827613825053
10670,10670,11.06699375,0.0055467874508906,(-0.007432421925789547+0.05168400901588378j),,(-0.007432421925787285+0.051684009015881126j),-1464.6828253773838
10671,10671,11.06709375,0.0037106600754203,(0.00010752875824944844-0.0716757556476253j),,(0.00010752875825302544-0.07167575564762638j),-1463.8828893722623
10672,10672,11.06719375,0.0008949368846439,(-0.046396467140593325-0.1234934239619817j),,(-0.04639646714059444-0.12349342396198006j),-1463.0829533671408
10673,10673,11.06729375,0.0020302963169419,(0.044246824740856346+0.004961961744209754j),,(0.044246824740854805+0.004961961744207464j),-1462.2830173620193
10674,10674,11.06739375,0.0021198362410389,(0.05049601162517371+0.0020771163381494355j),,(0.050496011625170534+0.0020771163381506533j),-1461.4830813568979
10675,10675,11.06749375,0.0001900762464245,(-0.06776725857716942+0.09784972945210077j),,(-0.06776725857717295+0.09784972945210009j),-1460.6831453517764
10676,10676,11.06759375,0.0021190059246865,(-0.13006969172432203+0.0299837977027929j),,(-0.13006969172431862+0.029983797702793295j),-1459.883209346655
10677,10677,11.06769375,0.0047312446754147,(-0.03430354762682312+0.012267166698971675j),,(-0.034303547626821335+0.012267166698974675j),-1459.0832733415336
10678,10678,11.06779375,0.0046971513781684,(-0.07403080333059997+0.052859194186860095j),,(-0.0740308033305999+0.052859194186859734j),-1458.2833373364122
10679,10679,11.06789375,0.0037519329812097,(-0.03322557324811296+0.0015257855077540098j),,(-0.03322557324811551+0.001525785507757671j),-1457.4834013312907
10680,10680,11.06799375,0.0053758944844721,(0.001828026579312532-0.1125560548934984j),,(0.001828026579309902-0.11255605489349722j),-1456.6834653261692
10681,10681,11.06809375,0.0077233506775544,(-0.03847332752188315-0.04899795974967837j),,(-0.038473327521884745-0.04899795974967578j),-1455.8835293210477
10682,10682,11.06819375,0.0043075184479735,(-0.033432339142232224-0.07882808930920408j),,(-0.03343233914223082-0.07882808930920752j),-1455.0835933159262
10683,10683,11.06829375,0.0024966627456604,(0.020720506905771978-0.01665080995089714j),,(0.02072050690577417-0.016650809950892423j),-1454.2836573108048
10684,10684,11.06839375,0.0015390581710571,(0.006699904624664969-0.10098846803646412j),,(0.006699904624663015-0.10098846803646412j),-1453.4837213056833
10685,10685,11.06849375,0.0029159471042224,(0.016538878103014167+0.03700165351213848j),,(0.016538878103013594+0.037001653512141894j),-1452.683785300562
10686,10686,11.06859375,0.0015198938515456,(0.04711771167290886-0.07474399722868441j),,(0.04711771167290786-0.07474399722868341j),-1451.8838492954405
10687,10687,11.06869375,0.0008531706833078,(0.05202880316300017-0.03241600017061626j),,(0.052028803162999376-0.03241600017061554j),-1451.083913290319
10688,10688,11.06879375,-0.0007436712039995,(-0.029993407166769365-0.023605933440301177j),,(-0.029993407166766302-0.02360593344029983j),-1450.2839772851976
10689,10689,11.06889375,0.0016105625479954,(0.00529993465542534-0.018412620417724467j),,(0.005299934655422411-0.018412620417726788j),-1449.484041280076
10690,10690,11.06899375,0.0029225385453884,(-0.047697894145073666+0.0014981250398745614j),,(-0.04769789414507659+0.0014981250398747661j),-1448.6841052749546
10691,10691,11.06909375,0.0043233057172663,(0.09397215089728521+0.0131114490744553j),,(0.09397215089728798+0.01311144907445674j),-1447.8841692698331
10692,10692,11.06919375,0.0045878035665359,(0.018994467999618618+0.014225204923743453j),,(0.018994467999620526+0.01422520492374633j),-1447.0842332647117
10693,10693,11.06929375,0.0041495346575208,(-0.014566740925621583-0.025843073293304607j),,(-0.014566740925615726-0.025843073293298782j),-1446.2842972595902
10694,10694,11.06939375,0.0062723689315009,(0.047343642974973246+0.00707116958484541j),,(0.047343642974977465+0.007071169584845306j),-1445.484361254469
10695,10695,11.06949375,0.006390472668319,(0.11579436675988193-0.06503321939273282j),,(0.11579436675988049-0.06503321939273433j),-1444.6844252493474
10696,10696,11.06959375,0.0053330131909002,(-0.02213945371436308+0.08147641537926495j),,(-0.02213945371436074+0.08147641537926632j),-1443.884489244226
10697,10697,11.06969375,0.0039698563863928,(-0.02139655329738833+0.03378186686818872j),,(-0.02139655329738731+0.033781866868190034j),-1443.0845532391045
10698,10698,11.06979375,0.0026249360062845,(-0.02242450451924123-0.05856242843791712j),,(-0.02242450451924514-0.058562428437918666j),-1442.284617233983
10699,10699,11.06989375,0.0021325688238999,(-0.06631485951453263-0.12010823996447487j),,(-0.06631485951453414-0.12010823996447349j),-1441.4846812288615
10700,10700,11.06999375,0.0038398931944481,(-0.06396638322698973+0.11138494786873987j),,(-0.06396638322699005+0.11138494786873943j),-1440.68474522374
10701,10701,11.07009375,0.0033287086993747,(0.001904758090792687-0.029953723519755518j),,(0.0019047580907958113-0.029953723519757808j),-1439.8848092186186
10702,10702,11.07019375,0.0034434900818922,(-0.05200378523174147-0.0540391544904536j),,(-0.05200378523173972-0.054039154490451644j),-1439.084873213497
10703,10703,11.07029375,0.0030665137395813,(0.1392730998742049-0.011704348018211706j),,(0.13927309987420192-0.011704348018210929j),-1438.2849372083758
10704,10704,11.07039375,0.0055316529236743,(-0.030185367364345475-0.02591356300091492j),,(-0.030185367364345364-0.025913563000916927j),-1437.4850012032543
10705,10705,11.07049375,0.0065140938959377,(0.029315335678121862-0.06890943375072908j),,(0.02931533567811903-0.06890943375073107j),-1436.6850651981329
10706,10706,11.07059375,0.0067061182546377,(0.07645504376794604+0.029699226314215642j),,(0.07645504376794368+0.029699226314214348j),-1435.8851291930114
10707,10707,11.07069375,0.0070617703193994,(0.05239575944284213-0.0077654643435314035j),,(0.0523957594428422-0.007765464343532417j),-1435.08519318789
10708,10708,11.07079375,0.0089089031892435,(-0.05884180514527765+0.019913095585998394j),,(-0.058841805145277835+0.019913095585999338j),-1434.2852571827684
10709,10709,11.07089375,0.0089211801166735,(0.07975640272323573+0.013158325075491067j),,(0.07975640272324183+0.013158325075493839j),-1433.485321177647
10710,10710,11.07099375,0.0090879729624347,(-0.014958404950827025-0.05262353076479944j),,(-0.014958404950826266-0.05262353076480054j),-1432.6853851725255
10711,10711,11.07109375,0.0050948184974997,(0.004941742145023274-0.06515990698222004j),,(0.00494174214502115-0.0651599069822216j),-1431.885449167404
10712,10712,11.07119375,0.006325389523811,(-0.006143937582691065-0.00775016007293847j),,(-0.00614393758268865-0.007750160072937608j),-1431.0855131622827
10713,10713,11.07129375,0.0075064497707458,(-0.09552935679518457+0.011433912544454902j),,(-0.09552935679518586+0.0114339125444562j),-1430.2855771571612
10714,10714,11.07139375,0.0069491417256683,(0.03561867516855113+0.004680761781592012j),,(0.03561867516855143+0.004680761781592624j),-1429.4856411520398
10715,10715,11.07149375,0.0039384430153988,(0.04831099705351+0.04031851321694553j),,(0.04831099705351081+0.04031851321694599j),-1428.6857051469183
10716,10716,11.07159375,0.0049975911350189,(-0.0453456453955898-0.02180998804157456j),,(-0.045345645395585055-0.02180998804157556j),-1427.8857691417968
10717,10717,11.07169375,0.0086535455355459,(-0.12023846920793058-0.029557479703643332j),,(-0.12023846920792707-0.029557479703645247j),-1427.0858331366753
10718,10718,11.07179375,0.0092272664484899,(0.025801219312929932+0.0364763634471303j),,(0.02580121931293152+0.03647636344713235j),-1426.2858971315538
10719,10719,11.07189375,0.0068761135252539,(-0.07927357159024619-0.017019405216910206j),,(-0.07927357159024721-0.017019405216913204j),-1425.4859611264324
10720,10720,11.07199375,0.008557188096906,(0.01757081026442976+0.026564402081677055j),,(0.017570810264430352+0.026564402081677426j),-1424.686025121311
10721,10721,11.07209375,0.0095167015654756,(0.0010027669847218479-0.10907550326998j),,(0.0010027669847230674-0.1090755032699818j),-1423.8860891161896
10722,10722,11.07219375,0.0115408611904083,(0.005553835765386091-0.028856101723810052j),,(0.005553835765384988-0.028856101723813046j),-1423.0861531110681
10723,10723,11.07229375,0.0089711089340371,(0.07090715692419942-0.0098706667031487j),,(0.07090715692420382-0.009870666703145094j),-1422.2862171059467
10724,10724,11.07239375,0.0080904362404141,(0.02328616848242653+0.018455132558292793j),,(0.023286168482427004+0.018455132558297276j),-1421.4862811008252
10725,10725,11.07249375,0.0078640504576478,(0.061034777729925584+0.035604833117292116j),,(0.0610347777299241+0.03560483311729441j),-1420.6863450957037
10726,10726,11.07259375,0.0071311975724936,(0.055610098431275415-0.026976937044151945j),,(0.05561009843127337-0.02697693704414883j),-1419.8864090905822
10727,10727,11.07269375,0.0064655750516769,(-0.02897397411125945+0.010111953265839423j),,(-0.02897397411125781+0.010111953265839687j),-1419.0864730854607
10728,10728,11.07279375,0.004094185389007,(0.04649668599088734+0.01440877723466238j),,(0.046496685990884135+0.014408777234666976j),-1418.2865370803393
10729,10729,11.07289375,0.005018591057199,(0.07375895992177264-0.0433254605560796j),,(0.07375895992176866-0.04332546055608186j),-1417.486601075218
10730,10730,11.07299375,0.0057225987093871,(0.03556400263475955+0.011948374314188742j),,(0.03556400263475916+0.01194837431418959j),-1416.6866650700965
10731,10731,11.07309375,0.0071379295431535,(-0.019618105129295214-0.02481186035816343j),,(-0.019618105129292483-0.024811860358161048j),-1415.886729064975
10732,10732,11.07319375,0.0082608175947736,(-0.037359945762000135-0.02224469699602663j),,(-0.03735994576200177-0.02224469699602901j),-1415.0867930598536
10733,10733,11.07329375,0.0079501418472669,(-0.031874334562017624+0.06894930259480476j),,(-0.03187433456201646+0.06894930259480567j),-1414.286857054732
10734,10734,11.07339375,0.0100093432481658,(0.011547407911955245+0.012623996558869803j),,(0.011547407911948554+0.012623996558871132j),-1413.4869210496106
10735,10735,11.07349375,0.0106374806274106,(-0.07281056188595465-0.019650009286386612j),,(-0.07281056188595379-0.01965000928638274j),-1412.6869850444891
10736,10736,11.07359375,0.0101150949512466,(0.010483892091201309-0.018060488595552468j),,(0.010483892091202469-0.018060488595553877j),-1411.8870490393676
10737,10737,11.07369375,0.0084848828860899,(0.09149864087358449+0.02857622621620028j),,(0.09149864087358654+0.028576226216199603j),-1411.0871130342462
10738,10738,11.07379375,0.0071024284671189,(-0.0163729753198518-0.026172900663343834j),,(-0.01637297531985432-0.026172900663345804j),-1410.287177029125
10739,10739,11.07389375,0.0066709866487572,(-0.026221917359544846-0.013704126274093809j),,(-0.02622191735954483-0.013704126274092667j),-1409.4872410240034
10740,10740,11.07399375,0.0043869507524078,(0.01474399447763425-0.02401361916598662j),,(0.014743994477640288-0.02401361916598404j),-1408.687305018882
10741,10741,11.07409375,0.0048952013616292,(0.007169808877010148-0.013795921142935891j),,(0.007169808877010722-0.013795921142937283j),-1407.8873690137605
10742,10742,11.07419375,0.0040840375390531,(-0.023156188919912453+0.04029167440977638j),,(-0.02315618891991283+0.04029167440977389j),-1407.087433008639
10743,10743,11.07429375,0.004629019305202,(0.02261062534082381-0.02583779004911037j),,(0.022610625340821727-0.025837790049114493j),-1406.2874970035175
10744,10744,11.07439375,0.0046526992484788,(0.09793177311014038-0.04434895861696139j),,(0.09793177311013622-0.04434895861695698j),-1405.487560998396
10745,10745,11.07449375,0.0062028158214178,(0.013486911094386888+0.004211577326250831j),,(0.013486911094387457+0.0042115773262468735j),-1404.6876249932745
10746,10746,11.07459375,0.0032829642932687,(0.04369275060523055+0.006136283786844984j),,(0.043692750605231305+0.0061362837868440805j),-1403.887688988153
10747,10747,11.07469375,0.0058165922801176,(0.07058652678063906-0.0023098445233109624j),,(0.07058652678063564-0.0023098445233101263j),-1403.0877529830318
10748,10748,11.07479375,0.006919659716805,(-0.0809064578099424-0.003916689790659976j),,(-0.0809064578099419-0.003916689790654737j),-1402.2878169779103
10749,10749,11.07489375,0.0087123469355512,(0.11706978660499663+0.007896974852717028j),,(0.11706978660499968+0.007896974852718917j),-1401.4878809727888
10750,10750,11.07499375,0.0061807634888209,(-0.10162893596649966+0.01540588258393278j),,(-0.10162893596649777+0.015405882583935986j),-1400.6879449676674
10751,10751,11.07509375,0.0068635655620775,(-0.04336441536338135-0.01621264283966878j),,(-0.04336441536337883-0.016212642839668136j),-1399.8880089625459
10752,10752,11.07519375,0.0067423101225712,(-0.08580159830039144-0.013043386190118494j),,(-0.08580159830038775-0.013043386190117301j),-1399.0880729574244
10753,10753,11.07529375,0.0052235279359846,(-0.031693647607812715-0.018171614698592263j),,(-0.03169364760781031-0.018171614698591465j),-1398.288136952303
10754,10754,11.07539375,0.0028535489045382,(-0.001976472261028723-0.028804264517993707j),,(-0.0019764722610274878-0.02880426451799311j),-1397.4882009471814
10755,10755,11.07549375,0.0014297774265902,(0.007141583304792048+0.023240969292652527j),,(0.007141583304791049+0.02324096929265484j),-1396.6882649420602
10756,10756,11.07559375,0.0003279091092627,(-0.05597739929072925-0.035670014840757644j),,(-0.055977399290728126-0.03567001484075731j),-1395.8883289369387
10757,10757,11.07569375,0.0023515552333845,(-0.0010692220199036862-0.029432191105094666j),,(-0.0010692220199000641-0.029432191105093337j),-1395.0883929318172
10758,10758,11.07579375,0.0015751710343531,(-0.06074202236967661+0.00954837164601668j),,(-0.0607420223696741+0.009548371646018235j),-1394.2884569266957
10759,10759,11.07589375,0.0015954224221867,(0.014245987993305145-0.017239166275409466j),,(0.014245987993305858-0.01723916627541371j),-1393.4885209215743
10760,10760,11.07599375,0.0027895309421849,(0.10427418057493398-0.010223367430085183j),,(0.10427418057493654-0.010223367430087598j),-1392.6885849164528
10761,10761,11.07609375,0.0041500053036642,(-0.010221730703666027-0.05215432772119191j),,(-0.010221730703665933-0.052154327721191246j),-1391.8886489113313
10762,10762,11.07619375,0.0056156779340417,(-0.09694981073028301+0.001626352658668239j),,(-0.09694981073028784+0.0016263526586679684j),-1391.0887129062098
10763,10763,11.07629375,0.0056473906045518,(0.06442095347580877-0.030373679999454395j),,(0.06442095347580844-0.03037367999945438j),-1390.2887769010883
10764,10764,11.07639375,0.0048040839861763,(-0.009516407095209756-0.02569320791448413j),,(-0.009516407095211071-0.02569320791448498j),-1389.488840895967
10765,10765,11.07649375,0.0054147708216913,(0.035717621922787254+0.05591287583938961j),,(0.03571762192279238+0.055912875839392764j),-1388.6889048908456
10766,10766,11.07659375,0.0031294213203835,(0.02818909704479982+0.02665218829827926j),,(0.028189097044802467+0.026652188298276366j),-1387.8889688857241
10767,10767,11.07669375,0.0027493215078324,(-0.04240514141545421+0.06766050880847047j),,(-0.042405141415451944+0.06766050880847094j),-1387.0890328806026
10768,10768,11.07679375,0.0005380956311221,(-0.016082569703393754-0.0232284812241162j),,(-0.016082569703394285-0.0232284812241124j),-1386.2890968754812
10769,10769,11.07689375,0.0004885471469304,(0.004590584663183399+0.020620727408755615j),,(0.004590584663185631+0.02062072740875229j),-1385.4891608703597
10770,10770,11.07699375,0.0007056065949584,(-0.08205110734962218-0.006635986000734992j),,(-0.08205110734962233-0.006635986000734347j),-1384.6892248652382
10771,10771,11.07709375,-0.0001388160721606,(-0.04517111867992258-0.03587409196990518j),,(-0.0451711186799246-0.035874091969905736j),-1383.8892888601167
10772,10772,11.07719375,0.0029612141519998,(-0.02387323057317694+0.09260834310527094j),,(-0.02387323057317355+0.09260834310527329j),-1383.0893528549952
10773,10773,11.07729375,0.0016430242803911,(-0.03873575196297471+0.05234557766084015j),,(-0.03873575196297578+0.0523455776608464j),-1382.289416849874
10774,10774,11.07739375,0.0044197461692091,(-0.11349494337963335-0.001181217786970213j),,(-0.11349494337963172-0.0011812177869677844j),-1381.4894808447525
10775,10775,11.07749375,0.004666763929152,(-0.027480664726590186-0.009889561208688655j),,(-0.027480664726593516-0.009889561208685456j),-1380.689544839631
10776,10776,11.07759375,0.007332790336969,(-0.010939209891428166+0.044922722632694666j),,(-0.010939209891431224+0.044922722632693576j),-1379.8896088345095
10777,10777,11.07769375,0.0060413233077323,(0.015912832436512148+0.032623005637064315j),,(0.01591283243651085+0.03262300563706332j),-1379.089672829388
10778,10778,11.07779375,0.0056138652869552,(0.02649943106103529-0.05650035531985534j),,(0.026499431061038296-0.056500355319856053j),-1378.2897368242666
10779,10779,11.07789375,0.0040936814693968,(-0.04493615063656883-0.02418737545501036j),,(-0.04493615063656921-0.024187375455013135j),-1377.489800819145
10780,10780,11.07799375,0.0043868300762394,(0.07954086408492471-0.09260244694529837j),,(0.07954086408492554-0.09260244694529655j),-1376.6898648140236
10781,10781,11.07809375,0.0038969460551533,(-0.046415604478444755+0.025109894919613185j),,(-0.04641560447844626+0.025109894919616415j),-1375.8899288089021
10782,10782,11.07819375,0.0043068849824493,(-0.038660725117882266+0.022274412682210393j),,(-0.03866072511788411+0.02227441268220894j),-1375.089992803781
10783,10783,11.07829375,0.0035164169806297,(0.008928055400879941+0.004056421610555049j),,(0.008928055400883228+0.004056421610552448j),-1374.2900567986594
10784,10784,11.07839375,0.0027098091701269,(-0.02086920882823365+0.044671442268397754j),,(-0.020869208828234346+0.044671442268400904j),-1373.490120793538
10785,10785,11.07849375,0.005134688544056,(-0.025602104963673482-0.027068362054092986j),,(-0.025602104963671546-0.027068362054091643j),-1372.6901847884164
10786,10786,11.07859375,0.0052684257218899,(-0.04254277899729984+0.0006848004766999843j),,(-0.04254277899730088+0.0006848004766989713j),-1371.890248783295
10787,10787,11.07869375,0.0059075508747312,(0.07809666769934276-0.013536589790530318j),,(0.0780966676993379-0.013536589790533208j),-1371.0903127781735
10788,10788,11.07879375,0.0045376833080462,(0.01180101714762815+0.018312652960125016j),,(0.011801017147623022+0.01831265296012676j),-1370.290376773052
10789,10789,11.07889375,0.0063298669762937,(-0.016591019810012014-0.007727983516628644j),,(-0.016591019810009912-0.007727983516625884j),-1369.4904407679305
10790,10790,11.07899375,0.0084832214259067,(-0.06160126889923901-0.07543796596910096j),,(-0.06160126889923894-0.07543796596910166j),-1368.6905047628093
10791,10791,11.07909375,0.007757978416007,(0.019649935702253124-0.0019208708389094652j),,(0.01964993570225268-0.001920870838912279j),-1367.8905687576878
10792,10792,11.07919375,0.0083486453358347,(-0.09286317363234883+0.01122171422493256j),,(-0.09286317363235011+0.011221714224927962j),-1367.0906327525663
10793,10793,11.07929375,0.0067495429416468,(0.009273609901764943+0.016413375033203028j),,(0.009273609901766691+0.01641337503320236j),-1366.2906967474448
10794,10794,11.07939375,0.0086302223622687,(0.05432451111760986-0.011568941693626105j),,(0.054324511117610684-0.011568941693628276j),-1365.4907607423233
10795,10795,11.07949375,0.0071597239884158,(-0.015780596404273407-0.01380398583709669j),,(-0.015780596404274268-0.013803985837092223j),-1364.6908247372019
10796,10796,11.07959375,0.0066171027910178,(-0.054496711584806144+0.02424871560889153j),,(-0.05449671158480362+0.024248715608891483j),-1363.8908887320804
10797,10797,11.07969375,0.0057436343408531,(0.023998239880373404-0.09521805544854431j),,(0.023998239880375527-0.09521805544854459j),-1363.090952726959
10798,10798,11.07979375,0.0071678466433433,(0.0036692812453590403-0.0761960645865762j),,(0.0036692812453600018-0.07619606458657947j),-1362.2910167218374
10799,10799,11.07989375,0.0071701515095401,(0.011022329564074899+0.02319594111407534j),,(0.011022329564074576+0.023195941114074706j),-1361.4910807167162
10800,10800,11.07999375,0.0068019948420195,(-0.04190863158001776+0.03656916147004621j),,(-0.04190863158001573+0.03656916147004504j),-1360.6911447115947
10801,10801,11.08009375,0.0067483917789819,(0.05010513036266885-0.012526602856193326j),,(0.050105130362670086-0.012526602856189997j),-1359.8912087064732
10802,10802,11.08019375,0.0078354645177139,(0.0024195765371248564+0.011290062166233196j),,(0.002419576537119988+0.011290062166232032j),-1359.0912727013517
10803,10803,11.08029375,0.0086422104616802,(-0.04424043442001659-0.03057571904935076j),,(-0.04424043442001813-0.030575719049349234j),-1358.2913366962302
10804,10804,11.08039375,0.0077041859746342,(-0.06016409946141365-0.0020207321723433452j),,(-0.060164099461411935-0.002020732172343463j),-1357.4914006911088
10805,10805,11.08049375,0.0092003263697538,(0.021461625284659287+0.0201652385371807j),,(0.0214616252846586+0.020165238537181673j),-1356.6914646859873
10806,10806,11.08059375,0.0073403579138053,(-0.03352026242558749-0.07453871835279474j),,(-0.03352026242559082-0.07453871835278889j),-1355.8915286808658
10807,10807,11.08069375,0.007632064282063,(0.023230387151845288-0.000925663068342018j),,(0.02323038715184538-0.0009256630683451982j),-1355.0915926757443
10808,10808,11.08079375,0.0077433228699051,(-0.012930848987959789+0.03031007786543144j),,(-0.012930848987955058+0.030310077865427568j),-1354.291656670623
10809,10809,11.08089375,0.0100110959405764,(-0.03318449655436441+0.006468148417842059j),,(-0.03318449655436502+0.006468148417840968j),-1353.4917206655016
10810,10810,11.08099375,0.0081576792995036,(-0.027203557107637704+0.03606854320621223j),,(-0.02720355710763759+0.036068543206213145j),-1352.69178466038
10811,10811,11.08109375,0.0065057333292375,(-0.019646485730656256-0.04915422329027391j),,(-0.01964648573065595-0.049154223290273864j),-1351.8918486552586
10812,10812,11.08119375,0.0057823491687322,(-0.04716595346664761+0.013802450700251033j),,(-0.04716595346665048+0.013802450700249852j),-1351.0919126501371
10813,10813,11.08129375,0.0067195914552936,(0.01761940289661023-0.05331423577910134j),,(0.01761940289661166-0.053314235779104206j),-1350.2919766450157
10814,10814,11.08139375,0.0065460874805129,(-0.007664375374030918+0.04494089295027779j),,(-0.007664375374034162+0.04494089295027784j),-1349.4920406398942
10815,10815,11.08149375,0.0055522734031967,(-0.002353553159858597-0.00747503802350464j),,(-0.002353553159859923-0.007475038023500833j),-1348.6921046347727
10816,10816,11.08159375,0.0065988688038494,(-0.016106313916255176-0.02707109731694183j),,(-0.016106313916252855-0.027071097316943675j),-1347.8921686296512
10817,10817,11.08169375,0.0081197940086391,(0.007922112765903476+0.025362108333321597j),,(0.007922112765902914+0.02536210833331865j),-1347.09223262453
10818,10818,11.08179375,0.009911087390364,(-0.11268340678710177-0.05939577388993876j),,(-0.11268340678710226-0.05939577388993893j),-1346.2922966194085
10819,10819,11.08189375,0.0085710697577263,(0.030019348000852444+0.019381744401392998j),,(0.03001934800085003+0.019381744401388318j),-1345.492360614287
10820,10820,11.08199375,0.0074477710344795,(0.019031974791284864-0.02804846903864719j),,(0.019031974791285967-0.028048469038646037j),-1344.6924246091655
10821,10821,11.08209375,0.0083793697222945,(-0.042702781159801174-0.07371114518437952j),,(-0.0427027811598014-0.07371114518437766j),-1343.892488604044
10822,10822,11.08219375,0.0075729617513292,(-0.024068853440595988-0.06925164602672469j),,(-0.0240688534405983-0.06925164602672061j),-1343.0925525989226
10823,10823,11.08229375,0.0060531392075251,(0.013893821734244402-0.020385619012778907j),,(0.013893821734244659-0.02038561901277894j),-1342.292616593801
10824,10824,11.08239375,0.0045223186818613,(0.024792275497931143-0.10566791809537494j),,(0.02479227549792945-0.10566791809537879j),-1341.4926805886796
10825,10825,11.08249375,0.0057989202571352,(-0.015454838586400382-0.0046007469769490305j),,(-0.015454838586401348-0.004600746976952241j),-1340.6927445835584
10826,10826,11.08259375,0.0052585112534453,(0.09778986948274526-0.010855292684455772j),,(0.09778986948274421-0.010855292684455346j),-1339.8928085784369
10827,10827,11.08269375,0.0044020773637126,(-0.006255888487143017+0.0021250017446536795j),,(-0.006255888487148834+0.0021250017446515865j),-1339.0928725733154
10828,10828,11.08279375,0.0038097556964481,(-0.04668018622432901+0.024030101053136646j),,(-0.04668018622432733+0.02403010105313475j),-1338.292936568194
10829,10829,11.08289375,0.0052361994292656,(0.0398086112055367+0.005211697332244563j),,(0.0398086112055352+0.005211697332245534j),-1337.4930005630724
10830,10830,11.08299375,0.0056903493084622,(-0.08397056277127181-0.013572658181546404j),,(-0.08397056277127168-0.013572658181546411j),-1336.693064557951
10831,10831,11.08309375,0.0065726136600535,(0.013351655090924158+0.026589257522798202j),,(0.01335165509092641+0.02658925752279937j),-1335.8931285528295
10832,10832,11.08319375,0.0037947782018333,(-0.039453674890384684+0.08808007669126684j),,(-0.03945367489038072+0.0880800766912667j),-1335.093192547708
10833,10833,11.08329375,0.004868582939832,(-0.04021516163861932-0.0057175191664621955j),,(-0.04021516163861723-0.005717519166461506j),-1334.2932565425865
10834,10834,11.08339375,0.0060738762239203,(0.036449950430415726-0.07544033332588194j),,(0.03644995043041563-0.07544033332588249j),-1333.4933205374653
10835,10835,11.08349375,0.0064221459240848,(0.0015829118315540893+0.036247009849432334j),,(0.001582911831553594+0.03624700984942947j),-1332.6933845323438
10836,10836,11.08359375,0.0039766223142063,(0.026661151550932394-0.02866872935910291j),,(0.02666115155093436-0.028668729359102377j),-1331.8934485272223
10837,10837,11.08369375,0.0045130403912436,(-0.016300979618077794-0.09259524115690906j),,(-0.016300979618079556-0.0925952411569107j),-1331.0935125221008
10838,10838,11.08379375,0.0045884881602457,(-0.024481526434938335+0.038304884986498276j),,(-0.024481526434938956+0.038304884986499706j),-1330.2935765169793
10839,10839,11.08389375,0.0050770496632758,(-0.03624535401179187+0.02423517155516846j),,(-0.036245354011790035+0.024235171555169285j),-1329.4936405118578
10840,10840,11.08399375,0.0026895323147058,(-0.0020934569017627587-0.03427767561347879j),,(-0.002093456901760613-0.0342776756134828j),-1328.6937045067364
10841,10841,11.08409375,0.0032884695064339,(-0.03044784129400093+0.021521760384330454j),,(-0.030447841293998933+0.021521760384330388j),-1327.8937685016149
10842,10842,11.08419375,0.003156353536345,(0.0187034867533426+0.04431824075137569j),,(0.018703486753346037+0.04431824075137842j),-1327.0938324964934
10843,10843,11.08429375,0.0037187623422828,(-0.043571723206298596-0.03361192846512277j),,(-0.04357172320629922-0.03361192846512684j),-1326.2938964913722
10844,10844,11.08439375,0.0022302416913515,(-0.020666143168425116-0.007999370231796686j),,(-0.020666143168423162-0.007999370231800907j),-1325.4939604862507
10845,10845,11.08449375,0.0023457173948389,(0.06337296016232812-0.028583098338276738j),,(0.06337296016232524-0.0285830983382758j),-1324.6940244811292
10846,10846,11.08459375,0.0020443719653983,(-0.0006096229039721564+0.03613073256576384j),,(-0.0006096229039724739+0.03613073256576285j),-1323.8940884760077
10847,10847,11.08469375,0.0037370005784999,(0.017937650983640672-0.016810351456454462j),,(0.017937650983640408-0.01681035145645333j),-1323.0941524708862
10848,10848,11.08479375,0.0037551594874318,(-0.03533547768757592-0.023789499740806477j),,(-0.0353354776875731-0.023789499740800794j),-1322.2942164657647
10849,10849,11.08489375,0.0036825220847617,(-0.01989721076272439+0.021648031447916702j),,(-0.01989721076272496+0.02164803144791842j),-1321.4942804606433
10850,10850,11.08499375,0.0024250586806043,(-0.04440732622205679+0.058463994195393484j),,(-0.044407326222059715+0.05846399419539956j),-1320.6943444555218
10851,10851,11.08509375,0.0036306873674361,(-0.005484057931123373-0.03671293174731315j),,(-0.005484057931127204-0.036712931747313146j),-1319.8944084504003
10852,10852,11.08519375,0.0042378584707421,(0.014149832643533394+0.0018753960670801675j),,(0.014149832643529444+0.0018753960670768815j),-1319.094472445279
10853,10853,11.08529375,0.0032694510006688,(-0.03356342840079218-0.10661175369339612j),,(-0.0335634284007963-0.10661175369339435j),-1318.2945364401576
10854,10854,11.08539375,0.002356570277293,(-0.06139934568810201+0.014111238165716055j),,(-0.061399345688100064+0.014111238165720361j),-1317.494600435036
10855,10855,11.08549375,0.0018712939601057,(-0.004957355171514464+0.022048892092493104j),,(-0.004957355171514606+0.022048892092494995j),-1316.6946644299146
10856,10856,11.08559375,0.0029702095390244,(0.021593571912145584+0.018039889082366818j),,(0.021593571912149227+0.018039889082368442j),-1315.8947284247931
10857,10857,11.08569375,0.004294697918632,(-0.010477610342433115-0.055789734719254545j),,(-0.010477610342432955-0.055789734719254226j),-1315.0947924196716
10858,10858,11.08579375,0.0043049329184772,(-0.013012108063718792-0.05868470267348565j),,(-0.013012108063718613-0.05868470267348368j),-1314.2948564145502
10859,10859,11.08589375,0.0046197099923743,(-0.04517288150752812+0.012197850203048415j),,(-0.04517288150752767+0.012197850203044347j),-1313.4949204094287
10860,10860,11.08599375,0.0037994406401714,(-0.06697226424019456+0.0048909160848510415j),,(-0.06697226424019717+0.004890916084852096j),-1312.6949844043074
10861,10861,11.08609375,0.0046510328212026,(0.056596816167961535-0.03941301884961227j),,(0.05659681616796306-0.03941301884960739j),-1311.895048399186
10862,10862,11.08619375,0.0053442117947908,(-0.0012912815175525824+0.05303408670354339j),,(-0.001291281517552298+0.0530340867035453j),-1311.0951123940645
10863,10863,11.08629375,0.0037841099556611,(-0.05121922690962841-0.020524719460337307j),,(-0.05121922690962606-0.020524719460339003j),-1310.295176388943
10864,10864,11.08639375,0.0021898748574176,(-0.06183627685881583-0.011914477595787072j),,(-0.061836276858817874-0.011914477595790517j),-1309.4952403838215
10865,10865,11.08649375,0.0024931473304306,(-0.07342815009470458-0.014343736753642145j),,(-0.07342815009470346-0.014343736753646152j),-1308.6953043787
10866,10866,11.08659375,0.0041625346128919,(-0.0018659010056696198+0.014857956810135372j),,(-0.0018659010056679562+0.01485795681013523j),-1307.8953683735785
10867,10867,11.08669375,0.0056694871865612,(-0.01780528338507137-0.0669752957492504j),,(-0.01780528338507372-0.06697529574925448j),-1307.095432368457
10868,10868,11.08679375,0.0041752616626146,(0.018951828703873463+0.03768999025840933j),,(0.018951828703870043+0.03768999025841202j),-1306.2954963633356
10869,10869,11.08689375,0.0060737641104772,(-0.02445898630366258-0.015471639208058318j),,(-0.024458986303659398-0.015471639208056552j),-1305.4955603582143
10870,10870,11.08699375,0.0065906048351961,(-0.06975170495013619+0.053011593250748654j),,(-0.06975170495013999+0.05301159325075201j),-1304.6956243530929
10871,10871,11.08709375,0.0077474514811065,(0.01890234326449477-0.022022272789838513j),,(0.018902343264490813-0.022022272789841944j),-1303.8956883479714
10872,10872,11.08719375,0.0066871881009001,(-0.012150215898888294-0.014233366449895622j),,(-0.012150215898885507-0.01423336644989513j),-1303.09575234285
10873,10873,11.08729375,0.0072934352268565,(0.03437228567494728-0.019171870220061893j),,(0.03437228567494384-0.0191718702200649j),-1302.2958163377284
10874,10874,11.08739375,0.0066983053420552,(-0.027183815523727763-0.050666133289417103j),,(-0.027183815523729574-0.05066613328941405j),-1301.495880332607
10875,10875,11.08749375,0.0063568605589326,(-0.04174458104174696+0.036917032449035284j),,(-0.041744581041745346+0.036917032449032786j),-1300.6959443274854
10876,10876,11.08759375,0.0062502250138004,(-0.026375978828569138-0.03387447444631545j),,(-0.02637597882856728-0.0338744744463123j),-1299.896008322364
10877,10877,11.08769375,0.0068762674452241,(-0.013091267596980816-0.06653642132520009j),,(-0.013091267596976236-0.06653642132519857j),-1299.0960723172425
10878,10878,11.08779375,0.0068354061266867,(0.009944700196674039-0.011886920692536308j),,(0.009944700196676995-0.0118869206925336j),-1298.2961363121212
10879,10879,11.08789375,0.0060625159119807,(0.0017118264150637092-0.013895163975998047j),,(0.0017118264150618621-0.013895163975997115j),-1297.4962003069998
10880,10880,11.08799375,0.0068551356189188,(0.011757434639910629+0.041035516225639335j),,(0.011757434639910816+0.04103551622564024j),-1296.6962643018783
10881,10881,11.08809375,0.0058704556734887,(0.0502284890632194-0.07276296485656304j),,(0.05022848906322076-0.07276296485656243j),-1295.8963282967568
10882,10882,11.08819375,0.0076148722791864,(-0.015657501824582684-0.0027508115169007216j),,(-0.015657501824581116-0.0027508115168971134j),-1295.0963922916353
10883,10883,11.08829375,0.0072283547187686,(-0.0783305136537693+0.0014603057975022017j),,(-0.07833051365376982+0.001460305797499832j),-1294.2964562865138
10884,10884,11.08839375,0.0098068426788489,(-0.09037914966066644+0.06655580829346779j),,(-0.09037914966066855+0.06655580829346847j),-1293.4965202813923
10885,10885,11.08849375,0.0084844539182492,(0.02799694691255379-0.035251600152865915j),,(0.02799694691255525-0.035251600152863084j),-1292.6965842762709
10886,10886,11.08859375,0.0088514065360411,(-0.06365469543588236+0.05022605437897193j),,(-0.06365469543588065+0.050226054378976426j),-1291.8966482711494
10887,10887,11.08869375,0.0079868588612614,(0.02981365165547879-0.05526614625973404j),,(0.029813651655479907-0.055266146259733216j),-1291.0967122660281
10888,10888,11.08879375,0.0077142861482378,(-0.056775131889084715+0.04407869813886451j),,(-0.056775131889087505+0.04407869813886678j),-1290.2967762609067
10889,10889,11.08889375,0.0089991272867476,(-0.01295215393593962-0.032661839430117065j),,(-0.0129521539359387-0.03266183943011848j),-1289.4968402557852
10890,10890,11.08899375,0.0070961196015038,(-0.023594325406296433-0.03520641862765971j),,(-0.02359432540629687-0.035206418627660885j),-1288.6969042506637
10891,10891,11.08909375,0.0077097286008644,(-0.029132669372544384-0.03665267268377856j),,(-0.029132669372544887-0.03665267268378071j),-1287.8969682455422
10892,10892,11.08919375,0.0061376328527136,(0.03554064872969122+0.027136961101533227j),,(0.03554064872969443+0.027136961101532037j),-1287.0970322404207
10893,10893,11.08929375,0.0070901954131298,(-0.01003821268565206-0.05360214511554881j),,(-0.010038212685647686-0.053602145115549275j),-1286.2970962352993
10894,10894,11.08939375,0.0071158630071933,(-0.019641453838958645-0.01717396389962214j),,(-0.019641453838959586-0.017173963899624764j),-1285.4971602301778
10895,10895,11.08949375,0.0071771549834287,(0.04202148922768015-0.02607161012003432j),,(0.04202148922768248-0.026071610120035435j),-1284.6972242250565
10896,10896,11.08959375,0.0059279496281134,(-0.08295077204033598-0.026941782453515827j),,(-0.08295077204033488-0.026941782453512787j),-1283.897288219935
10897,10897,11.08969375,0.00613466276896,(-0.08243696831357002+0.005408673475863622j),,(-0.0824369683135703+0.005408673475863074j),-1283.0973522148136
10898,10898,11.08979375,0.0079565389938398,(0.005770253556962556+1.9381971441823748e-05j),,(0.00577025355696508+1.9381971442262633e-05j),-1282.297416209692
10899,10899,11.08989375,0.0098684005283032,(-0.0388623886626929+0.022315965616062923j),,(-0.038862388662694765+0.02231596561606587j),-1281.4974802045706
10900,10900,11.08999375,0.0082086300658673,(0.030801571501723992-0.012439185617301073j),,(0.030801571501726212-0.012439185617305233j),-1280.697544199449
10901,10901,11.09009375,0.0090702698630808,(-0.0495857924414062-0.006039403933681884j),,(-0.049585792441406894-0.006039403933685402j),-1279.8976081943276
10902,10902,11.09019375,0.0094606840174598,(-0.05495037627723806-0.02467507077638994j),,(-0.05495037627724075-0.024675070776387656j),-1279.0976721892062
10903,10903,11.09029375,0.0089404630487669,(0.007589146386955209-0.03740199168424348j),,(0.007589146386954711-0.037401991684243546j),-1278.2977361840847
10904,10904,11.09039375,0.0080301746215065,(0.00542496249166073+0.00047538744032820523j),,(0.005424962491664283+0.0004753874403300231j),-1277.4978001789634
10905,10905,11.09049375,0.0064201014576983,(-0.07337402876516201+0.04931172098477332j),,(-0.0733740287651592+0.04931172098477138j),-1276.697864173842
10906,10906,11.09059375,0.0057990063184573,(0.025718278870972795-0.00354076116335058j),,(0.025718278870974196-0.0035407611633484367j),-1275.8979281687205
10907,10907,11.09069375,0.0050140361373453,(0.007461072848773102+0.0018042342362263896j),,(0.007461072848776781+0.0018042342362276126j),-1275.097992163599
10908,10908,11.09079375,0.0056366217296371,(0.003998278512244856-0.0052285844079463595j),,(0.003998278512247426-0.0052285844079475565j),-1274.2980561584775
10909,10909,11.09089375,0.0050825930287649,(-0.0031725712652727646-0.04715684430299313j),,(-0.0031725712652764977-0.04715684430299219j),-1273.498120153356
10910,10910,11.09099375,0.0037963328897026,(-0.11228699746363571-0.033825025590773466j),,(-0.11228699746363532-0.033825025590773036j),-1272.6981841482345
10911,10911,11.09109375,0.0051514897932897,(-0.05535118370652883+0.008253285277137236j),,(-0.05535118370652896+0.008253285277140827j),-1271.898248143113
10912,10912,11.09119375,0.0050998501356794,(-0.04189812259185101+0.05266638034095685j),,(-0.04189812259184996+0.052666380340959384j),-1271.0983121379916
10913,10913,11.09129375,0.0060886836521718,(-0.0751247665816448+0.00890115452141061j),,(-0.07512476658164563+0.008901154521414753j),-1270.2983761328703
10914,10914,11.09139375,0.0049423202543007,(0.07189346028068615-0.008153925633558977j),,(0.07189346028068211-0.008153925633561689j),-1269.4984401277488
10915,10915,11.09149375,0.0048792338861623,(0.07621055505398847-0.03670628524937458j),,(0.07621055505398916-0.03670628524937323j),-1268.6985041226274
10916,10916,11.09159375,0.005949314520676,(-0.04181573799951334-0.08604165794666664j),,(-0.04181573799951171-0.08604165794666842j),-1267.8985681175059
10917,10917,11.09169375,0.0058764857401476,(-0.02524242085484269+0.006003592670614042j),,(-0.025242420854844176+0.006003592670613374j),-1267.0986321123844
10918,10918,11.09179375,0.0059333489299195,(0.0438174130904979+0.027989687570453642j),,(0.04381741309049601+0.027989687570451838j),-1266.298696107263
10919,10919,11.09189375,0.0038402443037038,(-0.0007464017412880664-0.0787874768681303j),,(-0.0007464017412888505-0.07878747686813212j),-1265.4987601021414
10920,10920,11.09199375,0.0035613247927265,(-0.019258523692571708+0.03085657420227653j),,(-0.019258523692575143+0.030856574202273668j),-1264.69882409702
10921,10921,11.09209375,0.0044097203477816,(-0.09646687314608622-0.1013891028513764j),,(-0.09646687314608898-0.10138910285137334j),-1263.8988880918985
10922,10922,11.09219375,0.0031032558723756,(0.03359845161309851-0.020934080870717645j),,(0.033598451613094285-0.020934080870717846j),-1263.0989520867772
10923,10923,11.09229375,0.0035561309137949,(-0.034027389724155345+0.012083863324167648j),,(-0.03402738972415435+0.0120838633241684j),-1262.2990160816557
10924,10924,11.09239375,0.0020193821845427,(-0.05873685058669174-0.027137649095120134j),,(-0.05873685058669094-0.027137649095117372j),-1261.4990800765343
10925,10925,11.09249375,0.0028202324621786,(-0.03298453557048538-0.07028837369996788j),,(-0.03298453557048748-0.07028837369996485j),-1260.6991440714128
10926,10926,11.09259375,0.0038190895956959,(-0.024642188459254595-0.0433053536899815j),,(-0.02464218845925438-0.043305353689982715j),-1259.8992080662913
10927,10927,11.09269375,0.0065895758328701,(-0.022989372532633234-0.03283595664209753j),,(-0.02298937253263519-0.032835956642099j),-1259.0992720611698
10928,10928,11.09279375,0.0041252215733627,(-0.07973568519110523-0.008991033628320034j),,(-0.07973568519110584-0.008991033628320641j),-1258.2993360560483
10929,10929,11.09289375,0.0023139427452746,(0.054983354921357586+0.00789028807384868j),,(0.054983354921354366+0.007890288073848728j),-1257.4994000509269
10930,10930,11.09299375,0.0028935359030021,(0.07022987179791414-0.10499014615740378j),,(0.07022987179791243-0.10499014615740378j),-1256.6994640458056
10931,10931,11.09309375,0.0040361492885231,(-0.07199120036137853-0.0529750050045244j),,(-0.07199120036137742-0.052975005004523804j),-1255.8995280406841
10932,10932,11.09319375,0.0037381643347952,(0.03586659841740449+0.024632892223942625j),,(0.03586659841740452+0.024632892223945317j),-1255.0995920355626
10933,10933,11.09329375,0.0024949622981366,(-0.005490253332399945-0.0020218843481503643j),,(-0.005490253332399715-0.002021884348152j),-1254.2996560304412
10934,10934,11.09339375,0.0022373783940824,(0.028100977903544856-0.0075963268978297745j),,(0.028100977903547077-0.00759632689782843j),-1253.4997200253197
10935,10935,11.09349375,0.0036424371431647,(0.12384593968237803+0.03771569047465239j),,(0.12384593968237463+0.03771569047465164j),-1252.6997840201982
10936,10936,11.09359375,0.0033259272347034,(-0.052070235942163354+0.04154145205406831j),,(-0.05207023594215887+0.041541452054072364j),-1251.8998480150767
10937,10937,11.09369375,0.0034483158675624,(-0.0009295705716945782-0.04227558100534848j),,(-0.0009295705716945921-0.04227558100534591j),-1251.0999120099552
10938,10938,11.09379375,0.0014762562412885,(-0.02885787694335566-0.013819078855390396j),,(-0.028857876943358826-0.013819078855389116j),-1250.2999760048338
10939,10939,11.09389375,-0.0001558917860421,(-0.052457399644290664+0.013302605853607308j),,(-0.05245739964428979+0.013302605853606155j),-1249.5000399997125
10940,10940,11.09399375,0.0027854789651519,(0.03161084569390182-0.016528240274495797j),,(0.031610845693905806-0.01652824027449717j),-1248.700103994591
10941,10941,11.09409375,0.0033193847388631,(-0.016215681969146467-0.0091451790348414j),,(-0.016215681969147803-0.009145179034843584j),-1247.9001679894695
10942,10942,11.09419375,0.0045762539214168,(-0.06149439835814145-0.06820784920117368j),,(-0.06149439835814435-0.06820784920117708j),-1247.100231984348
10943,10943,11.09429375,0.0031378692613829,(-0.052256826634057424+0.03128195061087687j),,(-0.052256826634055155+0.031281950610874285j),-1246.3002959792266
10944,10944,11.09439375,0.0042766155934291,(0.003473293968977916-0.022967626904354388j),,(0.00347329396898011-0.022967626904352893j),-1245.500359974105
10945,10945,11.09449375,0.0057419553828338,(0.09718991423712255-0.08249396586320037j),,(0.09718991423712042-0.08249396586320118j),-1244.7004239689836
10946,10946,11.09459375,0.0073310208984283,(-0.07323114870489104+0.04065338782736541j),,(-0.07323114870489275+0.04065338782736724j),-1243.9004879638621
10947,10947,11.09469375,0.005516807498604,(-0.12511449684303882-0.03510935649426725j),,(-0.1251144968430382-0.03510935649426789j),-1243.1005519587407
10948,10948,11.09479375,0.0048898147328219,(-0.0574738591941934-0.156187241591425j),,(-0.057473859194194496-0.15618724159142428j),-1242.3006159536194
10949,10949,11.09489375,0.0041524365836482,(-0.021967403853617493-0.0027067587798070367j),,(-0.02196740385361897-0.002706758779807115j),-1241.500679948498
10950,10950,11.09499375,0.0045166960599431,(-0.08334115602621679-0.028257897813261077j),,(-0.08334115602621732-0.02825789781326114j),-1240.7007439433764
10951,10951,11.09509375,0.0055107899023562,(-0.032217716329060925-0.0017767144397357465j),,(-0.03221771632906138-0.0017767144397388222j),-1239.900807938255
10952,10952,11.09519375,0.0049496883628591,(0.044843193627468046-0.022751592752237756j),,(0.04484319362746998-0.022751592752239463j),-1239.1008719331335
10953,10953,11.09529375,0.0045788396480176,(0.011020956091958644-0.05759333545098534j),,(0.011020956091956673-0.05759333545098427j),-1238.300935928012
10954,10954,11.09539375,0.0035731978860941,(-0.12126342026350947+0.0008165587521583827j),,(-0.12126342026350993+0.000816558752156072j),-1237.5009999228905
10955,10955,11.09549375,0.006932228000814,(-0.06320026455216707-0.0808354833136154j),,(-0.06320026455216364-0.08083548331361251j),-1236.701063917769
10956,10956,11.09559375,0.0064576658738482,(0.012829194684314028-0.06202783072228727j),,(0.01282919468431358-0.06202783072228808j),-1235.9011279126476
10957,10957,11.09569375,0.0052569792980746,(0.02918532479149753-0.07329734021056833j),,(0.029185324791500933-0.0732973402105703j),-1235.1011919075263
10958,10958,11.09579375,0.0058247860544372,(-0.047302297879154166-0.07218797997845572j),,(-0.04730229787915469-0.07218797997845655j),-1234.3012559024048
10959,10959,11.09589375,0.0078752394646487,(-0.014756130576944256+0.08081118249213756j),,(-0.014756130576946795+0.08081118249213567j),-1233.5013198972833
10960,10960,11.09599375,0.0085114218820058,(-0.08352823754241898-0.04103907720817878j),,(-0.0835282375424193-0.041039077208176025j),-1232.7013838921619
10961,10961,11.09609375,0.0095463840737239,(0.06855348419347596-0.014511366045564515j),,(0.06855348419347743-0.014511366045567214j),-1231.9014478870404
10962,10962,11.09619375,0.0074124683231097,(0.0005930292558761856-0.007461218256007169j),,(0.0005930292558783522-0.007461218256005021j),-1231.101511881919
10963,10963,11.09629375,0.0061678432287971,(-0.03745226638440004+0.04005534667067113j),,(-0.03745226638440198+0.04005534667067585j),-1230.3015758767974
10964,10964,11.09639375,0.0082686196370859,(0.09816648579093018+0.05803647459267583j),,(0.09816648579092593+0.058036474592674435j),-1229.501639871676
10965,10965,11.09649375,0.0071042883579801,(-0.12055247659544235-0.06245020053001039j),,(-0.12055247659544174-0.06245020053001018j),-1228.7017038665545
10966,10966,11.09659375,0.0088208512557329,(0.06191952373651026-0.08577052959690201j),,(0.06191952373651019-0.08577052959690175j),-1227.9017678614332
10967,10967,11.09669375,0.0039915131238135,(0.024268480196490128-0.07822953525566723j),,(0.02426848019649121-0.07822953525566904j),-1227.1018318563117
10968,10968,11.09679375,0.0079988239274093,(-0.04020085709955531-0.07456835987639751j),,(-0.04020085709955681-0.07456835987639543j),-1226.3018958511902
10969,10969,11.09689375,0.0060092241450746,(-0.005629609207016391+0.0398666502458645j),,(-0.0056296092070168904+0.039866650245863694j),-1225.5019598460688
10970,10970,11.09699375,0.0099413210782589,(-0.008728236881924192-0.006456595778371139j),,(-0.008728236881925895-0.006456595778367125j),-1224.7020238409473
10971,10971,11.09709375,0.0061003990020297,(0.05222136017707428+0.060462021580735j),,(0.052221360177075175+0.06046202158073729j),-1223.9020878358258
10972,10972,11.09719375,0.0055122176140318,(-0.09773614290473831+0.021953830603435476j),,(-0.09773614290473892+0.021953830603436145j),-1223.1021518307043
10973,10973,11.09729375,0.0071561016518965,(-0.08033898141927526-0.002526254190240468j),,(-0.08033898141927318-0.0025262541902384j),-1222.3022158255828
10974,10974,11.09739375,0.0080060826074107,(0.025391166017197504-0.0022305458476570457j),,(0.02539116601719598-0.0022305458476578697j),-1221.5022798204616
10975,10975,11.09749375,0.0081878780000661,(0.006995896469812229-0.053371481783465874j),,(0.006995896469812989-0.05337148178346248j),-1220.70234381534
10976,10976,11.09759375,0.0085468569069109,(-0.007079744962518351-0.024121838088524198j),,(-0.007079744962520394-0.024121838088530096j),-1219.9024078102186
10977,10977,11.09769375,0.0085216508036367,(-0.10547916986144028-0.02943406984159727j),,(-0.10547916986144237-0.029434069841599707j),-1219.1024718050971
10978,10978,11.09779375,0.0089457734498818,(-0.04892538559069329+0.08564107907470056j),,(-0.0489253855906945+0.08564107907469867j),-1218.3025357999757
10979,10979,11.09789375,0.0069162962681025,(-0.05769048601536188-0.005896845490154609j),,(-0.057690486015357804-0.0058968454901539916j),-1217.5025997948542
10980,10980,11.09799375,0.0076992202352186,(-0.005575309422836794-0.11436045231013456j),,(-0.005575309422835576-0.11436045231013578j),-1216.7026637897327
10981,10981,11.09809375,0.0089539001439705,(0.046604361170132697+0.037426564590622644j),,(0.046604361170135264+0.03742656459062299j),-1215.9027277846112
10982,10982,11.09819375,0.0056634055639328,(0.06906790578372739+0.10282420687094948j),,(0.0690679057837254+0.1028242068709527j),-1215.1027917794897
10983,10983,11.09829375,0.0073494529414218,(-0.06046958164096734-0.043835609049598295j),,(-0.060469581640967975-0.0438356090495984j),-1214.3028557743685
10984,10984,11.09839375,0.0057300045080282,(0.09292914144920396-0.13441116257014973j),,(0.09292914144920444-0.1344111625701454j),-1213.502919769247
10985,10985,11.09849375,0.007971819851195,(-0.06221559263474739-0.027120588255938365j),,(-0.06221559263474748-0.027120588255941824j),-1212.7029837641255
10986,10986,11.09859375,0.0064620526246489,(0.04108469732563788+0.052584540810088704j),,(0.04108469732563738+0.05258454081008784j),-1211.903047759004
10987,10987,11.09869375,0.0058687044835446,(0.05300167765799681+0.07124575499849485j),,(0.05300167765799734+0.07124575499849667j),-1211.1031117538826
10988,10988,11.09879375,0.0077950018787124,(-0.04466095084173647-0.11217357694852086j),,(-0.044660950841737095-0.11217357694852192j),-1210.303175748761
10989,10989,11.09889375,0.0074144018429966,(-0.0076970358957909775+0.08416924869357462j),,(-0.007697035895787588+0.08416924869357552j),-1209.5032397436396
10990,10990,11.09899375,0.0089062446420586,(-0.027803084449079304+0.08720208948294472j),,(-0.02780308444908094+0.08720208948294417j),-1208.7033037385181
10991,10991,11.09909375,0.0070836511547766,(-0.08712984115772908-0.056780937630915476j),,(-0.08712984115773185-0.056780937630917856j),-1207.9033677333966
10992,10992,11.09919375,0.0079584648245145,(-0.1276121492471999+0.011662097534896644j),,(-0.1276121492471982+0.011662097534898129j),-1207.1034317282754
10993,10993,11.09929375,0.0072456906592093,(-0.053510900537931436+0.02767871455868001j),,(-0.053510900537933406+0.027678714558683773j),-1206.303495723154
10994,10994,11.09939375,0.0067710362851385,(-0.007011717687853394+0.019829543733227636j),,(-0.007011717687854584+0.01982954373322575j),-1205.5035597180324
10995,10995,11.09949375,0.005283344173889,(-0.18251875518053878-0.045957866302162136j),,(-0.18251875518054334-0.04595786630216368j),-1204.703623712911
10996,10996,11.09959375,0.0054189685448552,(-0.16476568335775982+0.07700635072052957j),,(-0.16476568335776268+0.07700635072052936j),-1203.9036877077895
10997,10997,11.09969375,0.0050842795721984,(0.007527158556354552+0.06041933382405993j),,(0.007527158556358299+0.06041933382405838j),-1203.103751702668
10998,10998,11.09979375,0.003869301690102,(-0.12857501067762428-0.28627500252214205j),,(-0.1285750106776262-0.28627500252214294j),-1202.3038156975465
10999,10999,11.09989375,0.0031549765152324,(0.024830824259578815+0.009703691256535587j),,(0.02483082425957952+0.009703691256532148j),-1201.503879692425
11000,11000,11.09999375,0.0021763830748129,(0.05321942810188892-0.11052429472419617j),,(0.053219428101886346-0.11052429472419778j),-1200.7039436873035
11001,11001,11.10009375,0.0052590533850474,(0.15871613606028798-0.07576556395345602j),,(0.15871613606028814-0.07576556395345171j),-1199.9040076821823
11002,11002,11.10019375,0.0045088498515631,(0.16517291232098083+0.027070928077127368j),,(0.16517291232098108+0.02707092807712648j),-1199.1040716770608
11003,11003,11.10029375,0.0056876386435819,(0.3535724639444955+0.2352130375082726j),,(0.35357246394449493+0.23521303750827285j),-1198.3041356719393
11004,11004,11.10039375,0.0021828115408984,(0.426038330464773-0.30874124838642314j),,(0.4260383304647732-0.3087412483864222j),-1197.5041996668178
11005,11005,11.10049375,0.0041601696259719,(-0.4192824840318127-0.3374628928653046j),,(-0.41928248403181073-0.3374628928653056j),-1196.7042636616964
11006,11006,11.10059375,0.0041187451344194,(0.2931250992983495-0.5422233103524351j),,(0.2931250992983502-0.5422233103524351j),-1195.9043276565749
11007,11007,11.10069375,0.0049810465400795,(0.21118961057231583+0.28949215241002096j),,(0.21118961057231544+0.2894921524100229j),-1195.1043916514534
11008,11008,11.10079375,0.0040507731683053,(0.2019684507792288+0.1408494065997965j),,(0.201968450779228+0.14084940659979622j),-1194.304455646332
11009,11009,11.10089375,0.0039708138186859,(0.03996712464248493-0.05120081414943267j),,(0.039967124642488985-0.051200814149433733j),-1193.5045196412107
11010,11010,11.10099375,0.0034683565753966,(0.14376636360684467-0.03493215525129812j),,(0.14376636360684525-0.034932155251299106j),-1192.7045836360892
11011,11011,11.10109375,0.0032971425827506,(-0.0221543591984046+0.11146643808102127j),,(-0.022154359198404108+0.11146643808102014j),-1191.9046476309677
11012,11012,11.10119375,0.0025604004607743,(-0.19463829276032515-0.06829885412911166j),,(-0.19463829276032207-0.06829885412911085j),-1191.1047116258462
11013,11013,11.10129375,0.001610148121325,(-0.028089701412895046-0.2040411446998238j),,(-0.028089701412894102-0.2040411446998233j),-1190.3047756207247
11014,11014,11.10139375,0.0015975735903345,(0.05429712538729385+0.042028069177814514j),,(0.05429712538729226+0.04202806917781408j),-1189.5048396156033
11015,11015,11.10149375,0.0009156612354372,(0.12339324934678653-0.011695417778504018j),,(0.1233932493467856-0.01169541777850465j),-1188.7049036104818
11016,11016,11.10159375,0.0015489331336785,(-0.08843556594597224-0.04980752072822438j),,(-0.08843556594596948-0.04980752072822721j),-1187.9049676053603
11017,11017,11.10169375,0.0016324271705961,(-0.06546337979848454-0.14037480127290092j),,(-0.06546337979848742-0.14037480127290136j),-1187.1050316002388
11018,11018,11.10179375,0.0038157731363416,(-0.053803034886066615+0.06739729984166716j),,(-0.053803034886062084+0.06739729984166705j),-1186.3050955951176
11019,11019,11.10189375,0.0035758794581987,(-0.10935023747237604+0.0234295197550606j),,(-0.10935023747237534+0.023429519755062952j),-1185.505159589996
11020,11020,11.10199375,0.0043513966187767,(-0.006992533949776037-0.009375434424118041j),,(-0.006992533949777282-0.009375434424117986j),-1184.7052235848746
11021,11021,11.10209375,0.0050363428965412,(-0.002488246907182338+0.005110471064280227j),,(-0.0024882469071819376+0.005110471064279488j),-1183.9052875797531
11022,11022,11.10219375,0.0039852256016251,(0.1240401392671743+0.0660190301410473j),,(0.12404013926717479+0.06601903014104799j),-1183.1053515746316
11023,11023,11.10229375,0.0028541170593037,(-0.05273806981030307-0.11782375394209002j),,(-0.05273806981030149-0.11782375394209064j),-1182.3054155695102
11024,11024,11.10239375,0.0026723571205819,(0.007826276014149317-0.011990977444983878j),,(0.007826276014150462-0.011990977444982424j),-1181.5054795643887
11025,11025,11.10249375,0.0027716915940819,(0.07000173359984802-0.0015369826519762361j),,(0.0700017335998472-0.0015369826519775129j),-1180.7055435592672
11026,11026,11.10259375,0.0029718859826353,(0.07573183477011293+0.022674279123068762j),,(0.07573183477011487+0.022674279123070854j),-1179.9056075541457
11027,11027,11.10269375,0.0018963871759125,(0.030042513292987606-0.03363411877926121j),,(0.03004251329298639-0.03363411877926122j),-1179.1056715490245
11028,11028,11.10279375,0.001740732228856,(-0.055207608136647594-0.09906070821946684j),,(-0.055207608136645984-0.0990607082194659j),-1178.305735543903
11029,11029,11.10289375,0.0040298336873815,(0.08644530168997241-0.06410063233847932j),,(0.0864453016899685-0.06410063233847514j),-1177.5057995387815
11030,11030,11.10299375,0.003746733882217,(-0.017223723873043773-0.08801019259842252j),,(-0.017223723873044557-0.0880101925984173j),-1176.70586353366
11031,11031,11.10309375,0.0051942775903296,(-0.24986781904549446+0.0420252318517773j),,(-0.24986781904549749+0.04202523185177927j),-1175.9059275285385
11032,11032,11.10319375,0.0061489060852948,(0.19251993539246462-0.053632817059046815j),,(0.19251993539246315-0.05363281705904893j),-1175.105991523417
11033,11033,11.10329375,0.0069928497297773,(0.07268583934777495+0.10634845011250316j),,(0.07268583934777109+0.10634845011250033j),-1174.3060555182956
11034,11034,11.10339375,0.0056970589245235,(0.015067257546330568+0.04718493729466508j),,(0.015067257546329392+0.04718493729466684j),-1173.506119513174
11035,11035,11.10349375,0.0062192552756218,(-0.0020310995573732046-0.027728660807646424j),,(-0.002031099557370215-0.027728660807642493j),-1172.7061835080526
11036,11036,11.10359375,0.0065865340649864,(0.0356319626119823-0.044086442115770376j),,(0.03563196261198264-0.044086442115772354j),-1171.9062475029314
11037,11037,11.10369375,0.0061163810032258,(-0.0017471044276397701-0.017430263478126175j),,(-0.0017471044276379855-0.017430263478128004j),-1171.1063114978099
11038,11038,11.10379375,0.0044464651441352,(-0.03160201735723007+0.017444606485985854j),,(-0.03160201735723035+0.0174446064859858j),-1170.3063754926884
11039,11039,11.10389375,0.0054709251476351,(-0.04755087201079902+0.008951445704290443j),,(-0.04755087201079848+0.008951445704290725j),-1169.506439487567
11040,11040,11.10399375,0.0052921141520676,(0.1427096159783619+0.0038463698050775763j),,(0.1427096159783655+0.0038463698050806017j),-1168.7065034824454
11041,11041,11.10409375,0.0053322838752398,(-0.12711490642087236+0.05277390118588368j),,(-0.1271149064208727+0.0527739011858861j),-1167.906567477324
11042,11042,11.10419375,0.0058147909203515,(-0.07527596337894135-0.0016182316523799811j),,(-0.0752759633789413-0.0016182316523763313j),-1167.1066314722025
11043,11043,11.10429375,0.0063425970403343,(0.046047094762462014-0.05373722323019943j),,(0.046047094762456206-0.05373722323019902j),-1166.306695467081
11044,11044,11.10439375,0.0059125836402042,(-0.004166658379195614-0.024522888632600257j),,(-0.0041666583791968755-0.024522888632602366j),-1165.5067594619597
11045,11045,11.10449375,0.0069492476448066,(-0.023125505427444612-0.09148368706525688j),,(-0.02312550542744858-0.09148368706525953j),-1164.7068234568383
11046,11046,11.10459375,0.0089078705824769,(0.014912578237545132-0.050263433211424575j),,(0.014912578237543734-0.05026343321142028j),-1163.9068874517168
11047,11047,11.10469375,0.0083340745077918,(0.03608686003216669+0.10520942253213349j),,(0.036086860032168176+0.10520942253213403j),-1163.1069514465953
11048,11048,11.10479375,0.0070440906194687,(0.08409119564819825+0.049833960501758j),,(0.08409119564819932+0.049833960501758284j),-1162.3070154414738
11049,11049,11.10489375,0.0085746035633898,(0.0725549069419008-0.06382134214513532j),,(0.07255490694189642-0.06382134214513427j),-1161.5070794363523
11050,11050,11.10499375,0.0105605667221865,(0.009970373826834621-0.09674710568067493j),,(0.009970373826833578-0.09674710568067106j),-1160.7071434312309
11051,11051,11.10509375,0.0098984661599139,(-0.0006851354825178155-0.026551274155697614j),,(-0.000685135482515524-0.026551274155699554j),-1159.9072074261094
11052,11052,11.10519375,0.0063971600975128,(0.029017268734799775+0.0251633796750085j),,(0.029017268734796105+0.025163379675008188j),-1159.107271420988
11053,11053,11.10529375,0.0064422323104872,(0.015855001748548803-0.041196919191832014j),,(0.015855001748546586-0.04119691919182897j),-1158.3073354158666
11054,11054,11.10539375,0.0077341003772886,(-0.032384280316722906-9.484860763492558e-05j),,(-0.03238428031672355-9.484860763623432e-05j),-1157.5073994107452
11055,11055,11.10549375,0.0085966757137147,(-0.05235570206080636-0.0422453371638916j),,(-0.05235570206080509-0.042245337163892074j),-1156.7074634056237
11056,11056,11.10559375,0.0058275425941001,(-0.056226451292787714+0.042034710317860075j),,(-0.056226451292791045+0.04203471031785718j),-1155.9075274005022
11057,11057,11.10569375,0.0053505536360233,(0.03925997933412184+0.03264989377529283j),,(0.03925997933412253+0.032649893775292115j),-1155.1075913953807
11058,11058,11.10579375,0.0065959144988734,(0.012543217321704388-0.0821705364902709j),,(0.012543217321703853-0.08217053649027489j),-1154.3076553902592
11059,11059,11.10589375,0.0073046142036287,(-0.04667862807437351-0.03175387464857755j),,(-0.04667862807437249-0.03175387464857565j),-1153.5077193851378
11060,11060,11.10599375,0.0067891210454646,(0.06938723561449399-0.0036997260262929405j),,(0.06938723561449255-0.0036997260262956536j),-1152.7077833800163
11061,11061,11.10609375,0.007877125629457,(-0.1794374204682117-0.08405398137779455j),,(-0.17943742046820885-0.08405398137779545j),-1151.9078473748948
11062,11062,11.10619375,0.0092307096895294,(-0.042176395070986646+0.03688295822764891j),,(-0.04217639507098653+0.036882958227653j),-1151.1079113697735
11063,11063,11.10629375,0.0085834989805638,(0.030680051443876512-0.042798980065295616j),,(0.03068005144387978-0.042798980065296775j),-1150.307975364652
11064,11064,11.10639375,0.0083216145549995,(0.021353515765584113-0.025067987670779095j),,(0.0213535157655843-0.025067987670780334j),-1149.5080393595306
11065,11065,11.10649375,0.0096252536755143,(-0.052769031129084897+0.06183749854465362j),,(-0.05276903112908586+0.06183749854465379j),-1148.708103354409
11066,11066,11.10659375,0.0080199987834477,(0.031255576778838466+0.0541674470370975j),,(0.03125557677883792+0.054167447037096986j),-1147.9081673492876
11067,11067,11.10669375,0.0072810890017976,(0.054814732619120884+0.015569732053323975j),,(0.05481473261911808+0.015569732053326691j),-1147.1082313441661
11068,11068,11.10679375,0.0071899937910511,(-0.03520368911243213-0.0453894850473705j),,(-0.035203689112432435-0.045389485047372356j),-1146.3082953390447
11069,11069,11.10689375,0.0071973637381811,(0.04869884436574453-0.014489892859491111j),,(0.04869884436574382-0.014489892859491848j),-1145.5083593339232
11070,11070,11.10699375,0.0050867238477219,(-0.03711280185087967+0.026010156962831668j),,(-0.03711280185087995+0.02601015696283058j),-1144.7084233288017
11071,11071,11.10709375,0.0055160523454164,(-0.03520514287037464+0.084114867193703j),,(-0.03520514287037377+0.08411486719370129j),-1143.9084873236804
11072,11072,11.10719375,0.0046748441301917,(0.04507559519691175+0.03582719547741063j),,(0.0450755951969135+0.03582719547741263j),-1143.108551318559
11073,11073,11.10729375,0.0064745482182801,(0.03569466663524766+0.00426364018966922j),,(0.03569466663524613+0.004263640189667982j),-1142.3086153134375
11074,11074,11.10739375,0.0058361778615158,(-0.026336099444705482-0.1364533403945728j),,(-0.026336099444706433-0.13645334039457305j),-1141.508679308316
11075,11075,11.10749375,0.0088061064575519,(-0.041219665609184546+0.11947734033914087j),,(-0.041219665609181264+0.11947734033914192j),-1140.7087433031945
11076,11076,11.10759375,0.0071633523467256,(0.05468156464729249+0.036287476299497815j),,(0.054681564647293734+0.03628747629949934j),-1139.908807298073
11077,11077,11.10769375,0.0081903712558851,(-0.0743075102516129-0.08565536104461854j),,(-0.0743075102516131-0.08565536104462072j),-1139.1088712929516
11078,11078,11.10779375,0.0060734956365315,(0.1203938722298303+0.011820914679887355j),,(0.12039387222983018+0.011820914679885783j),-1138.30893528783
11079,11079,11.10789375,0.0058673237655963,(0.06894667765336901+0.005901973063464266j),,(0.06894667765337216+0.0059019730634628925j),-1137.5089992827088
11080,11080,11.10799375,0.0060178571257539,(0.07847769781809405-0.033290800515394646j),,(0.07847769781808785-0.03329080051539189j),-1136.7090632775873
11081,11081,11.10809375,0.0045043309734766,(-0.10357332630687037+0.01840812736758418j),,(-0.10357332630686528+0.01840812736758192j),-1135.9091272724659
11082,11082,11.10819375,0.0040953578576186,(0.12026642693086961+0.12064452451993696j),,(0.12026642693087361+0.12064452451993626j),-1135.1091912673444
11083,11083,11.10829375,0.0025932799598528,(0.05495221146801714+0.0291614303805359j),,(0.054952211468015176+0.029161430380531615j),-1134.309255262223
11084,11084,11.10839375,0.0047289405917956,(-0.07513174365703452-0.060072670502799505j),,(-0.07513174365703447-0.06007267050279869j),-1133.5093192571014
11085,11085,11.10849375,0.0033472860723068,(-0.051058412193841295-0.01708314834648422j),,(-0.05105841219384228-0.017083148346485413j),-1132.70938325198
11086,11086,11.10859375,0.0037238033040983,(0.006283860517529152+0.006857987595226587j),,(0.006283860517529993+0.006857987595227641j),-1131.9094472468585
11087,11087,11.10869375,0.0023350145283843,(0.08397266122345218-0.014334190574825928j),,(0.08397266122345194-0.014334190574830121j),-1131.109511241737
11088,11088,11.10879375,0.0030847599061875,(-0.08919645353255286+0.08244594984020245j),,(-0.08919645353255332+0.08244594984020724j),-1130.3095752366157
11089,11089,11.10889375,0.0033242190993221,(0.06059847045296192+0.10145047451091246j),,(0.060598470452961614+0.10145047451090945j),-1129.5096392314942
11090,11090,11.10899375,0.0049291369206927,(0.04551466689198068+0.011643766027079571j),,(0.04551466689197845+0.011643766027082555j),-1128.7097032263728
11091,11091,11.10909375,0.0046791654289667,(0.08891285196159146-0.12933973573265276j),,(0.08891285196159374-0.1293397357326532j),-1127.9097672212513
11092,11092,11.10919375,0.0036618440576045,(-0.13279056551062057-0.1706476597583878j),,(-0.13279056551062557-0.17064765975838833j),-1127.1098312161298
11093,11093,11.10929375,0.0036219120748716,(-0.017654893495972213+0.09497897034755994j),,(-0.017654893495972143+0.09497897034755864j),-1126.3098952110083
11094,11094,11.10939375,0.0050598588594955,(-0.09209856235049847-0.06544564415754914j),,(-0.0920985623504992-0.06544564415754585j),-1125.5099592058868
11095,11095,11.10949375,0.0061126518624792,(-0.0583839428246363-0.04951206161372997j),,(-0.05838394282463708-0.04951206161373299j),-1124.7100232007654
11096,11096,11.10959375,0.003171027042913,(0.03286414754768943-0.13566877118771983j),,(0.0328641475476918-0.1356687711877187j),-1123.9100871956439
11097,11097,11.10969375,0.0019677436931806,(0.03804359736374067-0.11704835514176586j),,(0.03804359736374076-0.11704835514176698j),-1123.1101511905226
11098,11098,11.10979375,1.7162091270075844e-05,(-0.09652192956850274-0.01939878595918896j),,(-0.096521929568508-0.019398785959188147j),-1122.3102151854011
11099,11099,11.10989375,0.0016234926775368,(0.04310578383537134-0.02313681430396819j),,(0.04310578383537136-0.023136814303964637j),-1121.5102791802797
11100,11100,11.10999375,7.167770452871024e-05,(0.08243494379791155-0.014002035991871555j),,(0.0824349437979124-0.014002035991872726j),-1120.7103431751582
11101,11101,11.11009375,-0.0008023970322921,(-0.030580113594485054-0.058590843703028264j),,(-0.030580113594486237-0.05859084370302779j),-1119.9104071700367
11102,11102,11.11019375,-7.129371845649297e-05,(-0.003938120143092546-0.07625088823363427j),,(-0.003938120143090518-0.07625088823362873j),-1119.1104711649152
11103,11103,11.11029375,0.0042164261856521,(-0.10064523805677293-0.030978220411977692j),,(-0.10064523805677722-0.030978220411975343j),-1118.3105351597937
11104,11104,11.11039375,0.0064615632777349,(-0.02750837639466495-0.06617628677538714j),,(-0.02750837639466543-0.06617628677538659j),-1117.5105991546723
11105,11105,11.11049375,0.0039592093364565,(0.07882414332994662+0.08037370837329025j),,(0.0788241433299467+0.08037370837329069j),-1116.7106631495508
11106,11106,11.11059375,0.0055711776805112,(-0.07785666814712358+0.028660135104107275j),,(-0.07785666814712401+0.028660135104108517j),-1115.9107271444295
11107,11107,11.11069375,0.0053512210579693,(-0.13207646554389407-0.11473909179691638j),,(-0.13207646554389157-0.11473909179691542j),-1115.110791139308
11108,11108,11.11079375,0.0082525885277039,(-0.007263717882917216-0.03841385592540317j),,(-0.007263717882912702-0.03841385592540437j),-1114.3108551341866
11109,11109,11.11089375,0.0036480488996173,(0.09074091576906272-0.001558445452176564j),,(0.09074091576906107-0.0015584454521774208j),-1113.510919129065
11110,11110,11.11099375,0.0022085846660044,(-0.004309209872586244-0.017964557710550225j),,(-0.004309209872584213-0.01796455771054848j),-1112.7109831239436
11111,11111,11.11109375,0.0007143055830744,(0.042342607143703484-0.006137692166371009j),,(0.04234260714370577-0.006137692166373835j),-1111.9110471188221
11112,11112,11.11119375,0.0030419361898955,(0.0194984926433283+0.03575285259783095j),,(0.01949849264332658+0.03575285259783079j),-1111.1111111137006
11113,11113,11.11129375,0.0025235456246545,(0.11793209403275554-0.10484218615072942j),,(0.11793209403275487-0.1048421861507323j),-1110.3111751085792
11114,11114,11.11139375,0.0017208886880606,(-0.11208209025928395+0.15533062049381816j),,(-0.11208209025928462+0.15533062049381804j),-1109.511239103458
11115,11115,11.11149375,0.0016370558527808,(0.10427958206775532-0.043477273790595086j),,(0.10427958206775537-0.043477273790595336j),-1108.7113030983364
11116,11116,11.11159375,0.0030176145710287,(0.10733886897636918-0.14359476742995883j),,(0.10733886897636938-0.14359476742995805j),-1107.911367093215
11117,11117,11.11169375,0.0051419854793603,(-0.12163075163815712-0.07815810997991418j),,(-0.12163075163816053-0.07815810997991261j),-1107.1114310880935
11118,11118,11.11179375,0.0055388955775431,(-0.0729872773494488+0.07922815155572253j),,(-0.07298727734944656+0.07922815155572513j),-1106.311495082972
11119,11119,11.11189375,0.007468367557009,(0.055515908780142516-0.040479303122876766j),,(0.05551590878014103-0.0404793031228767j),-1105.5115590778505
11120,11120,11.11199375,0.00786679913396,(0.0009854037248260492-0.024367762781202326j),,(0.0009854037248300147-0.024367762781204432j),-1104.711623072729
11121,11121,11.11209375,0.0064289806842863,(-0.008698539332299905-0.023238061004848008j),,(-0.008698539332299283-0.023238061004851415j),-1103.9116870676075
11122,11122,11.11219375,0.0072019389866962,(-0.059251486211066656-0.1158729403246305j),,(-0.0592514862110671-0.11587294032463223j),-1103.111751062486
11123,11123,11.11229375,0.0073876321376276,(-0.1707425747116096+0.09134621546360608j),,(-0.17074257471160936+0.09134621546360544j),-1102.3118150573648
11124,11124,11.11239375,0.0075609112517549,(-0.0057222875754226995+0.002742433766772422j),,(-0.0057222875754231375+0.0027424337667691302j),-1101.5118790522433
11125,11125,11.11249375,0.0052494995715393,(0.0025253257410740824+0.14408265523409328j),,(0.002525325741076185+0.1440826552340943j),-1100.7119430471218
11126,11126,11.11259375,0.0041468642579678,(0.052381281301940474-0.10521326957010953j),,(0.05238128130194111-0.10521326957010813j),-1099.9120070420004
11127,11127,11.11269375,0.005628350967116,(-0.17623187611785987-0.09669550759848546j),,(-0.17623187611786195-0.09669550759848755j),-1099.112071036879
11128,11128,11.11279375,0.0060759927596373,(-0.01858875193451079-0.05337869457142483j),,(-0.01858875193450943-0.05337869457142636j),-1098.3121350317574
11129,11129,11.11289375,0.0063471630344708,(0.013304774169215177-0.009264482427578699j),,(0.013304774169215317-0.009264482427582293j),-1097.512199026636
11130,11130,11.11299375,0.0071381181564368,(-0.1319994492709048-0.03898857461259472j),,(-0.1319994492709026-0.03898857461259276j),-1096.7122630215144
11131,11131,11.11309375,0.0073060139994673,(0.06273740368374234-0.008706466644862812j),,(0.0627374036837436-0.008706466644862847j),-1095.912327016393
11132,11132,11.11319375,0.0083650254151237,(-0.05581539017325316-0.1101001529304808j),,(-0.05581539017325261-0.1101001529304815j),-1095.1123910112717
11133,11133,11.11329375,0.0087802265302646,(-0.05125363388200665+0.03851465437742034j),,(-0.051253633882003866+0.03851465437742258j),-1094.3124550061502
11134,11134,11.11339375,0.0098312858603833,(0.044346166984783976+0.11017811134246042j),,(0.04434616698478573+0.1101781113424563j),-1093.5125190010287
11135,11135,11.11349375,0.0099769391027567,(0.1116511272646995-0.091899690862541j),,(0.1116511272646992-0.09189969086254308j),-1092.7125829959073
11136,11136,11.11359375,0.0092236533149771,(-0.09247557232398566-0.04236412678128974j),,(-0.0924755723239852-0.04236412678128638j),-1091.9126469907858
11137,11137,11.11369375,0.0087320765167528,(-0.08241977170728759-0.04200975443742106j),,(-0.08241977170728583-0.04200975443741937j),-1091.1127109856643
11138,11138,11.11379375,0.0083748884943651,(-0.10576007688589088-0.060204876192370284j),,(-0.10576007688589133-0.06020487619237099j),-1090.3127749805428
11139,11139,11.11389375,0.0073267976395936,(0.03833072702284393+0.000878226667639025j),,(0.03833072702284243+0.0008782266676389643j),-1089.5128389754213
11140,11140,11.11399375,0.0065550550644835,(0.05610740781196959+0.05544309406345553j),,(0.056107407811968615+0.055443094063453116j),-1088.7129029702999
11141,11141,11.11409375,0.0067383101105189,(-0.02599207156614724-0.030819397065110672j),,(-0.025992071566146645-0.030819397065108372j),-1087.9129669651786
11142,11142,11.11419375,0.0059409517672197,(-0.1120988576917378-0.10353487978262942j),,(-0.11209885769173661-0.10353487978263048j),-1087.1130309600571
11143,11143,11.11429375,0.0067757112905475,(-0.10201644435263141-0.01349692603232429j),,(-0.10201644435263406-0.013496926032323223j),-1086.3130949549357
11144,11144,11.11439375,0.0066456016735386,(-0.06055131074300536+0.011295605854533809j),,(-0.0605513107430041+0.011295605854535967j),-1085.5131589498142
11145,11145,11.11449375,0.0081571942426604,(-0.024970719266404907+0.2343113237788601j),,(-0.024970719266406836+0.2343113237788568j),-1084.7132229446927
11146,11146,11.11459375,0.0065109145805524,(-0.09148885212567372-0.19007263961897675j),,(-0.0914888521256754-0.1900726396189725j),-1083.9132869395712
11147,11147,11.11469375,0.0099758085773885,(0.12574614208502988-0.018599861800035887j),,(0.1257461420850317-0.018599861800034527j),-1083.1133509344497
11148,11148,11.11479375,0.008515597408297,(-0.07532134940047072+0.05806275208736384j),,(-0.07532134940046947+0.05806275208736418j),-1082.3134149293282
11149,11149,11.11489375,0.0108882278492652,(-0.06898585006486678-0.036164467350762175j),,(-0.06898585006486405-0.03616446735076599j),-1081.513478924207
11150,11150,11.11499375,0.0078758735766314,(0.07724347333059597-0.054215595245792884j),,(0.0772434733305907-0.05421559524579463j),-1080.7135429190855
11151,11151,11.11509375,0.0104531179054374,(0.041004814052727774-0.007730085312790357j),,(0.04100481405272566-0.007730085312791634j),-1079.913606913964
11152,11152,11.11519375,0.0087731244949594,(-0.07399430632205924+0.006171875135215428j),,(-0.07399430632205863+0.006171875135215724j),-1079.1136709088426
11153,11153,11.11529375,0.0091239757252618,(0.15650650961939722+0.00728403467371027j),,(0.15650650961939602+0.007284034673706731j),-1078.313734903721
11154,11154,11.11539375,0.0063584824903296,(-0.11110361370849539-0.1306886843987063j),,(-0.11110361370848817-0.13068868439870618j),-1077.5137988985996
11155,11155,11.11549375,0.005756464673608,(-0.12372386403035225-0.08452303630308619j),,(-0.12372386403035358-0.08452303630308491j),-1076.713862893478
11156,11156,11.11559375,0.004389294053857,(-0.0369441305071578-0.061852574309571216j),,(-0.03694413050715691-0.06185257430957478j),-1075.9139268883566
11157,11157,11.11569375,0.0040027051297869,(0.08041018918919006-0.15212468774289634j),,(0.0804101891891866-0.15212468774289523j),-1075.1139908832351
11158,11158,11.11579375,0.0044907003973018,(0.06943650153270227-0.118208814223362j),,(0.06943650153270514-0.11820881422336346j),-1074.314054878114
11159,11159,11.11589375,0.0035073917450463,(-0.07726987930427145-0.11015397716008618j),,(-0.07726987930427262-0.1101539771600891j),-1073.5141188729924
11160,11160,11.11599375,0.0062774144361298,(-0.1430860089184329+0.14623589682738897j),,(-0.14308600891843576+0.1462358968273935j),-1072.714182867871
11161,11161,11.11609375,0.0042931096975453,(-0.0558074902787873+0.0467970437526192j),,(-0.05580749027878627+0.04679704375261516j),-1071.9142468627495
11162,11162,11.11619375,0.0067746330990442,(-0.09475522327074769-0.06969475472968995j),,(-0.0947552232707483-0.06969475472969086j),-1071.114310857628
11163,11163,11.11629375,0.0053896689765292,(0.023692860070463336-0.012881308714693935j),,(0.023692860070462535-0.012881308714693134j),-1070.3143748525065
11164,11164,11.11639375,0.0079720804335831,(0.08771221921454148+0.055814935107105335j),,(0.08771221921453956+0.05581493510710828j),-1069.514438847385
11165,11165,11.11649375,0.0047591111482342,(-0.10071834186773757-0.0086118078759269j),,(-0.10071834186773737-0.008611807875926816j),-1068.7145028422635
11166,11166,11.11659375,0.0054044077289761,(-0.06785638303596646-0.03894596929460483j),,(-0.06785638303596415-0.03894596929460247j),-1067.914566837142
11167,11167,11.11669375,0.0037018425168818,(0.023604475586923735+0.03597236453588516j),,(0.023604475586922517+0.03597236453588361j),-1067.1146308320208
11168,11168,11.11679375,0.0053586240034507,(-0.0029966279593967252-0.027298783732533312j),,(-0.0029966279593972266-0.02729878373253226j),-1066.3146948268993
11169,11169,11.11689375,0.0028853733564,(-0.049241691107482076-0.08430037895518813j),,(-0.0492416911074812-0.0843003789551878j),-1065.5147588217778
11170,11170,11.11699375,0.0024748194880175,(-0.04892925427387306+0.014399400875362072j),,(-0.04892925427386955+0.01439940087536349j),-1064.7148228166564
11171,11171,11.11709375,0.0033729242309918,(0.04166392830007768+0.03854761289650561j),,(0.04166392830007892+0.03854761289650391j),-1063.9148868115349
11172,11172,11.11719375,0.0015463681248361,(-0.016142099394651985-0.08250669125068036j),,(-0.016142099394654018-0.0825066912506831j),-1063.1149508064134
11173,11173,11.11729375,0.0032471653931977,(-0.03698851794192977-0.02708340211828393j),,(-0.03698851794192912-0.027083402118287858j),-1062.315014801292
11174,11174,11.11739375,0.0020776130858935,(-0.0289535661022663+0.10545447135878841j),,(-0.028953566102264326+0.10545447135879095j),-1061.5150787961704
11175,11175,11.11749375,0.0044044206569523,(0.10084363962977194+0.03373779171178815j),,(0.10084363962977258+0.03373779171178673j),-1060.715142791049
11176,11176,11.11759375,0.0032047552080354,(0.08716021952484883-0.1410187843707943j),,(0.08716021952484859-0.14101878437079868j),-1059.9152067859277
11177,11177,11.11769375,0.0043294930035575,(-0.1800338084370438-0.16774901103856613j),,(-0.18003380843704717-0.16774901103856438j),-1059.1152707808062
11178,11178,11.11779375,0.0040799945500319,(-0.1464125715809788-0.029955854395634435j),,(-0.14641257158097765-0.029955854395630817j),-1058.3153347756847
11179,11179,11.11789375,0.0058728576466911,(-0.10055286055973806-0.04926811002076885j),,(-0.10055286055973846-0.04926811002076849j),-1057.5153987705633
11180,11180,11.11799375,0.0047472730654344,(-0.4287005439726924+0.15951473849057685j),,(-0.4287005439726892+0.1595147384905783j),-1056.7154627654418
11181,11181,11.11809375,0.003162593434598,(0.1674461798253459+0.6149134091440513j),,(0.16744617982534338+0.6149134091440515j),-1055.9155267603203
11182,11182,11.11819375,0.0024051432517765,(0.09470341290845657-0.6875126047756379j),,(0.09470341290845569-0.6875126047756343j),-1055.1155907551988
11183,11183,11.11829375,0.0009509450910105,(0.4182323390481651-0.18281013607657648j),,(0.41823233904816465-0.18281013607657753j),-1054.3156547500773
11184,11184,11.11839375,0.0021089989795601,(0.263520736952247+0.02366287774908825j),,(0.2635207369522448+0.023662877749089914j),-1053.515718744956
11185,11185,11.11849375,-0.0003959818052751,(0.31280545792025094+0.03980310623271755j),,(0.3128054579202481+0.03980310623271728j),-1052.7157827398346
11186,11186,11.11859375,0.0019409673241721,(0.1070985295437317-0.04025783413003443j),,(0.10709852954373456-0.040257834130037175j),-1051.915846734713
11187,11187,11.11869375,0.00196152641343,(-0.14171079362561784-0.0841744863908575j),,(-0.14171079362561545-0.0841744863908567j),-1051.1159107295916
11188,11188,11.11879375,0.0049952357171614,(0.050257572926041175+0.21364034427031034j),,(0.05025757292604341+0.21364034427030662j),-1050.3159747244702
11189,11189,11.11889375,0.0034127601497863,(0.043756635351027605+0.007428391927336856j),,(0.043756635351026536+0.007428391927334271j),-1049.5160387193487
11190,11190,11.11899375,0.002864916141299,(0.0800347135152216-0.05796314259009301j),,(0.08003471351522333-0.05796314259009359j),-1048.7161027142272
11191,11191,11.11909375,0.0044089456322782,(0.05612375085474057-0.01861830628740704j),,(0.056123750854735595-0.01861830628740541j),-1047.9161667091057
11192,11192,11.11919375,0.0057308992412524,(-0.0967419958361574-0.029101230560720635j),,(-0.09674199583615592-0.029101230560717187j),-1047.1162307039842
11193,11193,11.11929375,0.0056297729590234,(-0.04580004213797187-0.04803066980484816j),,(-0.045800042137974964-0.04803066980485152j),-1046.316294698863
11194,11194,11.11939375,0.0041846281971406,(0.11316841916395558-0.030058954825115045j),,(0.11316841916395433-0.030058954825117837j),-1045.5163586937415
11195,11195,11.11949375,0.0035463843877843,(0.029534532084874363-0.11372319815344974j),,(0.02953453208487392-0.11372319815344976j),-1044.71642268862
11196,11196,11.11959375,0.0042833406571185,(-0.07734725857724903-0.11994690964160683j),,(-0.07734725857724875-0.11994690964160945j),-1043.9164866834985
11197,11197,11.11969375,0.0038134005501512,(-0.03142858008494613+0.060072034840107466j),,(-0.03142858008494775+0.06007203484010712j),-1043.116550678377
11198,11198,11.11979375,0.0047244233846696,(0.09873069835416541+0.06447835928118088j),,(0.09873069835416697+0.06447835928118534j),-1042.3166146732556
11199,11199,11.11989375,0.0048685095717359,(0.1059611410864184-0.000442031722216317j),,(0.10596114108642034-0.00044203172221855824j),-1041.516678668134
11200,11200,11.11999375,0.0055775509259724,(0.05223547967609798-0.1885217206810277j),,(0.052235479676095244-0.18852172068102366j),-1040.7167426630126
11201,11201,11.12009375,0.0054773592341167,(0.07493502327242756-0.08320113502746398j),,(0.07493502327242389-0.0832011350274615j),-1039.9168066578911
11202,11202,11.12019375,0.0069874541511576,(0.04270096858820166+0.04756952499451768j),,(0.042700968588204394+0.04756952499451782j),-1039.1168706527699
11203,11203,11.12029375,0.0053819900035391,(0.12262004601194779+0.0004131271584661353j),,(0.12262004601194655+0.00041312715847102027j),-1038.3169346476484
11204,11204,11.12039375,0.0060058744378208,(0.015257463571991377-0.288261754168089j),,(0.015257463571992654-0.2882617541680858j),-1037.516998642527
11205,11205,11.12049375,0.0044768555892278,(-0.33589239916597124+0.09328042103769925j),,(-0.33589239916596986+0.09328042103769639j),-1036.7170626374054
11206,11206,11.12059375,0.0062811071169519,(0.22025125808305962+0.021457424201549252j),,(0.22025125808305346+0.021457424201548295j),-1035.917126632284
11207,11207,11.12069375,0.0058009990058319,(0.011114033576505991+0.18388265274009039j),,(0.011114033576508316+0.18388265274009286j),-1035.1171906271625
11208,11208,11.12079375,0.0050903589115524,(0.04968601385601788+0.08587053859033504j),,(0.0496860138560167+0.08587053859033783j),-1034.317254622041
11209,11209,11.12089375,0.0071828070797283,(0.0024530928154379485-0.07013394102304771j),,(0.0024530928154362502-0.07013394102305082j),-1033.5173186169195
11210,11210,11.12099375,0.0073843070365022,(-0.03967448122847697-0.10425853894864555j),,(-0.03967448122847697-0.10425853894864603j),-1032.717382611798
11211,11211,11.12109375,0.0083657770629034,(-0.059911671365455346+0.0014307052910553265j),,(-0.059911671365456554+0.0014307052910569641j),-1031.9174466066768
11212,11212,11.12119375,0.0082437836698556,(0.04208578679310829+0.03975544551038648j),,(0.0420857867931123+0.03975544551038474j),-1031.1175106015553
11213,11213,11.12129375,0.0092629653477484,(0.07011299804617255-0.1443792753919037j),,(0.07011299804617109-0.1443792753919068j),-1030.3175745964338
11214,11214,11.12139375,0.0097414150583344,(0.056297670336055476+0.07246261789125462j),,(0.056297670336055754+0.07246261789125928j),-1029.5176385913123
11215,11215,11.12149375,0.0090057562803889,(0.010406647317307102+0.049654668030282956j),,(0.010406647317309795+0.04965466803027971j),-1028.7177025861909
11216,11216,11.12159375,0.0077923822492183,(0.07659665673047342+0.09519902611061044j),,(0.07659665673047458+0.09519902611061214j),-1027.9177665810694
11217,11217,11.12169375,0.0064439519370796,(0.054318363974839086-0.12462670224672738j),,(0.054318363974832924-0.12462670224673128j),-1027.117830575948
11218,11218,11.12179375,0.0061920272118646,(0.03788294978768983+0.0623940217843562j),,(0.037882949787688865+0.06239402178435562j),-1026.3178945708264
11219,11219,11.12189375,0.0062789541826109,(0.07016573930340111-0.031078426298759655j),,(0.07016573930339964-0.031078426298760797j),-1025.5179585657052
11220,11220,11.12199375,0.0050633391879595,(-0.05710404865243564-0.14781848117296403j),,(-0.05710404865243487-0.14781848117296637j),-1024.7180225605837
11221,11221,11.12209375,0.0060967803817003,(-0.04190032380112063-0.006480478232455195j),,(-0.04190032380112079-0.006480478232457235j),-1023.9180865554622
11222,11222,11.12219375,0.0071813732992557,(-0.1683939438942608+0.052138320796673965j),,(-0.16839394389425938+0.05213832079666908j),-1023.1181505503407
11223,11223,11.12229375,0.006735518855997,(0.018568704311536538-0.017974780975072473j),,(0.0185687043115348-0.01797478097506782j),-1022.3182145452192
11224,11224,11.12239375,0.0074777772233415,(0.018179069231485007-0.0007365919948944988j),,(0.01817906923148731-0.0007365919948938019j),-1021.5182785400978
11225,11225,11.12249375,0.007737532062227,(-0.08346350504500216-0.05431076238431431j),,(-0.0834635050450023-0.05431076238431283j),-1020.7183425349763
11226,11226,11.12259375,0.0111280034301561,(-0.10542986554989926-0.036075438004726235j),,(-0.10542986554989695-0.03607543800472379j),-1019.9184065298549
11227,11227,11.12269375,0.0091096276207898,(-0.05590289611398818-0.004574654824212505j),,(-0.05590289611399016-0.004574654824211814j),-1019.1184705247334
11228,11228,11.12279375,0.0089519703262725,(-0.027683566926596966-0.014583090059141613j),,(-0.027683566926595543-0.014583090059144698j),-1018.318534519612
11229,11229,11.12289375,0.0059515359035844,(-0.015450168660067307-0.02464010135225842j),,(-0.015450168660067832-0.024640101352259365j),-1017.5185985144905
11230,11230,11.12299375,0.0068361508182639,(-0.09949138243500888-0.021398965299686275j),,(-0.09949138243500649-0.021398965299686296j),-1016.7186625093691
11231,11231,11.12309375,0.0072249971271208,(-0.036173255869680974+0.05245818007868225j),,(-0.03617325586967802+0.05245818007868318j),-1015.9187265042476
11232,11232,11.12319375,0.0065152008101498,(-0.06321599127034319+0.047466853312588375j),,(-0.0632159912703426+0.0474668533125893j),-1015.1187904991261
11233,11233,11.12329375,0.0056909538324081,(-0.03396947302412359-0.02948575869006316j),,(-0.033969473024123675-0.02948575869006003j),-1014.3188544940047
11234,11234,11.12339375,0.0049495064260001,(-0.01017423837283091-0.017245368729352728j),,(-0.010174238372832-0.017245368729356936j),-1013.5189184888832
11235,11235,11.12349375,0.0082023546308153,(0.0021538625626343327-0.014390898933369832j),,(0.002153862562634741-0.014390898933364104j),-1012.7189824837618
11236,11236,11.12359375,0.007217554341796,(0.03609732437911079-0.034452578094327085j),,(0.036097324379115885-0.0344525780943264j),-1011.9190464786403
11237,11237,11.12369375,0.008046334386899,(0.02060931054620995-0.028837531259861417j),,(0.020609310546210763-0.028837531259859713j),-1011.1191104735188
11238,11238,11.12379375,0.0067672522682405,(-0.01193588235075286+0.12197733409828165j),,(-0.01193588235075508+0.12197733409828104j),-1010.3191744683974
11239,11239,11.12389375,0.0069081878173055,(0.0038021144530002104+0.005358184902340199j),,(0.003802114453005302+0.005358184902338817j),-1009.519238463276
11240,11240,11.12399375,0.0074626525139687,(-0.10494870691787013-0.11095510581247513j),,(-0.10494870691786967-0.11095510581247449j),-1008.7193024581545
11241,11241,11.12409375,0.0075910474771577,(-0.050378150340186494-0.07302739574128743j),,(-0.05037815034018848-0.07302739574129022j),-1007.919366453033
11242,11242,11.12419375,0.006675624127396,(-0.08164608987243399+0.10850880645615789j),,(-0.08164608987243602+0.10850880645615815j),-1007.1194304479116
11243,11243,11.12429375,0.0061613115885758,(0.0626957958772445+0.016329085827483793j),,(0.06269579587724157+0.01632908582748533j),-1006.3194944427902
11244,11244,11.12439375,0.0060871580437915,(0.05459261949752526-0.006290117231876346j),,(0.05459261949752216-0.006290117231874195j),-1005.5195584376687
11245,11245,11.12449375,0.0073222422262245,(0.06046958322931198-0.0980351116972338j),,(0.06046958322931388-0.09803511169723464j),-1004.7196224325472
11246,11246,11.12459375,0.004654700325938,(-0.08568952499574205-0.008619034167128125j),,(-0.0856895249957424-0.00861903416712878j),-1003.9196864274257
11247,11247,11.12469375,0.0045124669255248,(0.0804396655330681+0.10239326627397202j),,(0.0804396655330654+0.10239326627396847j),-1003.1197504223043
11248,11248,11.12479375,0.0035000036978506,(0.052061573919613906+0.03964757731574689j),,(0.052061573919610395+0.039647577315743435j),-1002.3198144171829
11249,11249,11.12489375,0.0048220256870139,(-0.025620368760250062-0.03225434433650512j),,(-0.025620368760244705-0.03225434433650787j),-1001.5198784120614
11250,11250,11.12499375,0.0035284346276149,(-0.006073910164350656+0.053034223547011844j),,(-0.00607391016434769+0.05303422354700865j),-1000.7199424069399
11251,11251,11.12509375,0.002322910021083,(-0.05573394760534616-0.0688007595786047j),,(-0.05573394760534682-0.06880075957860574j),-999.9200064018185
11252,11252,11.12519375,0.0038180835006276,(-0.12500373409113505-0.020219828444226033j),,(-0.12500373409113122-0.020219828444227636j),-999.1200703966971
11253,11253,11.12529375,0.0046302105684053,(-0.10147071616270044+0.042088409830361155j),,(-0.10147071616269904+0.042088409830359545j),-998.3201343915756
11254,11254,11.12539375,0.0076697291528275,(0.05135502500482699-0.022369820382421537j),,(0.05135502500482621-0.02236982038241988j),-997.5201983864541
11255,11255,11.12549375,0.0053791377172743,(-0.010407983623130244-0.1197424011278421j),,(-0.01040798362313003-0.11974240112784396j),-996.7202623813326
11256,11256,11.12559375,0.005605477548282,(-0.18397265604280724-0.03280410708171111j),,(-0.18397265604280685-0.032804107081710804j),-995.9203263762112
11257,11257,11.12569375,0.0048583925987307,(-0.01098644273366247+0.018579066938955887j),,(-0.010986442733667504+0.018579066938956626j),-995.1203903710898
11258,11258,11.12579375,0.0058236075579891,(0.1473269483671044-0.11688672086662416j),,(0.14732694836710453-0.11688672086662243j),-994.3204543659683
11259,11259,11.12589375,0.0033840320955944,(-0.036414723297219606-0.027941535435172693j),,(-0.03641472329722129-0.02794153543517118j),-993.5205183608468
11260,11260,11.12599375,5.0404219795076285e-05,(-0.0704773419960289+0.02024422358967328j),,(-0.07047734199602848+0.020244223589675942j),-992.7205823557254
11261,11261,11.12609375,0.0013835735163054,(-0.07782381279952026+0.046003438366306416j),,(-0.07782381279952139+0.04600343836630472j),-991.920646350604
11262,11262,11.12619375,0.0011362942846027,(-0.006960330057441559-0.11124353207443227j),,(-0.006960330057441573-0.11124353207443224j),-991.1207103454825
11263,11263,11.12629375,0.0020516923096423,(-0.11345917298268551+0.19817692114667854j),,(-0.11345917298268501+0.19817692114667784j),-990.320774340361
11264,11264,11.12639375,-0.000324766732778,(0.09561977298880348-0.024097957395727797j),,(0.09561977298880314-0.024097957395731034j),-989.5208383352395
11265,11265,11.12649375,0.0022767928158116,(0.06523253764020846-0.13388567977330032j),,(0.06523253764020953-0.13388567977329877j),-988.7209023301182
11266,11266,11.12659375,0.0021266500164331,(-0.010852887275300292+0.003049969070648524j),,(-0.010852887275299348+0.0030499690706490604j),-987.9209663249967
11267,11267,11.12669375,0.0057559497559603,(-0.019120054146075798+0.09057348086858824j),,(-0.019120054146074896+0.09057348086859142j),-987.1210303198752
11268,11268,11.12679375,0.0055130579475666,(-0.024180844697855485+0.0797430167367841j),,(-0.024180844697856863+0.07974301673678347j),-986.3210943147537
11269,11269,11.12689375,0.005714734825001,(-0.009335220908934329-0.06246285067461129j),,(-0.009335220908933342-0.06246285067461506j),-985.5211583096323
11270,11270,11.12699375,0.0039787101052038,(-0.07988844424695857+0.01806652054230864j),,(-0.0798884442469581+0.018066520542307826j),-984.7212223045109
11271,11271,11.12709375,0.0053753304733654,(-0.07203207985194154-0.06155386240718324j),,(-0.07203207985194003-0.061553862407183906j),-983.9212862993894
11272,11272,11.12719375,0.003273558761231,(-0.13260389867562944-0.17706709120746644j),,(-0.13260389867563274-0.1770670912074667j),-983.1213502942679
11273,11273,11.12729375,0.0024957050026093,(-0.10747329534526082+0.06665569291116816j),,(-0.10747329534526048+0.0666556929111668j),-982.3214142891464
11274,11274,11.12739375,0.0025291880845637,(-0.04081385539952784+0.04410999894196895j),,(-0.04081385539952881+0.04410999894197216j),-981.5214782840251
11275,11275,11.12749375,0.002835833863545,(0.10187951558577654+0.035138227219239336j),,(0.10187951558577693+0.035138227219238954j),-980.7215422789036
11276,11276,11.12759375,0.0027646040609341,(0.023757069029297855-0.15711703973531552j),,(0.023757069029293174-0.15711703973531246j),-979.9216062737821
11277,11277,11.12769375,0.0022412732917009,(-0.07529869086304315-0.0689603710870622j),,(-0.07529869086304158-0.06896037108706143j),-979.1216702686606
11278,11278,11.12779375,0.0051236071310268,(0.023286775642510908-0.10534583759089101j),,(0.023286775642512948-0.10534583759088963j),-978.3217342635393
11279,11279,11.12789375,0.0038553929184313,(0.024325289016925745+0.06785776820960535j),,(0.024325289016925933+0.06785776820960274j),-977.5217982584178
11280,11280,11.12799375,0.0061848972820421,(-0.09018332011805458-0.022673376555723358j),,(-0.09018332011805545-0.022673376555723088j),-976.7218622532963
11281,11281,11.12809375,0.004082957403167,(0.10760036802738115+0.1361187117576366j),,(0.1076003680273811+0.13611871175763673j),-975.9219262481748
11282,11282,11.12819375,0.0057497587100961,(-0.00891491131678266-0.0950623118407414j),,(-0.008914911316785602-0.0950623118407406j),-975.1219902430533
11283,11283,11.12829375,0.0065105379845886,(0.08627291541023473-0.20898577366892282j),,(0.08627291541023271-0.20898577366892301j),-974.322054237932
11284,11284,11.12839375,0.0076524171942538,(-0.07378305822640253+0.13100657757317208j),,(-0.07378305822640457+0.1310065775731692j),-973.5221182328105
11285,11285,11.12849375,0.0057995722337034,(0.10355419354295196+0.17428126187298681j),,(0.10355419354295026+0.17428126187298448j),-972.722182227689
11286,11286,11.12859375,0.0060287144707919,(0.03198190780348978-0.07049006860867678j),,(0.03198190780349589-0.07049006860867495j),-971.9222462225675
11287,11287,11.12869375,0.0059286400837032,(0.025816122903918652-0.11835606684982684j),,(0.025816122903920005-0.11835606684982956j),-971.1223102174462
11288,11288,11.12879375,0.0050962436151086,(-0.06950173148871144-0.016932753125790307j),,(-0.06950173148870936-0.016932753125793048j),-970.3223742123247
11289,11289,11.12889375,0.0042771978128849,(-0.003326278790459013-0.05173963290904983j),,(-0.0033262787904627493-0.05173963290904455j),-969.5224382072032
11290,11290,11.12899375,0.0053248149716984,(0.047590197391447826-0.15049793377756004j),,(0.04759019739144929-0.15049793377755927j),-968.7225022020817
11291,11291,11.12909375,0.0055707296549024,(-0.017965844269276776-0.24749909558638483j),,(-0.017965844269278664-0.2474990955863825j),-967.9225661969602
11292,11292,11.12919375,0.0045152186686957,(-0.3035022833936792+0.12296672205577167j),,(-0.3035022833936788+0.12296672205576856j),-967.1226301918389
11293,11293,11.12929375,0.0060140654866376,(0.06749537548745965+0.03183795955642181j),,(0.06749537548746397+0.03183795955642567j),-966.3226941867174
11294,11294,11.12939375,0.0072808225832085,(-0.19551241298900998-0.1272079332988897j),,(-0.1955124129890087-0.12720793329888724j),-965.5227581815959
11295,11295,11.12949375,0.0088214400382599,(-0.132466387339235+0.14466635491349158j),,(-0.13246638733923252+0.14466635491349483j),-964.7228221764744
11296,11296,11.12959375,0.0089248880630442,(-0.08410974477702302+0.0577238962968877j),,(-0.08410974477702558+0.05772389629688864j),-963.9228861713531
11297,11297,11.12969375,0.0097072696822671,(0.037106587720041016+0.08075466651188526j),,(0.037106587720040884+0.08075466651188505j),-963.1229501662316
11298,11298,11.12979375,0.0088175010749916,(-0.17553913637963445+0.004373421737616942j),,(-0.175539136379637+0.004373421737614819j),-962.3230141611101
11299,11299,11.12989375,0.0102673955827586,(-0.04720991526974221+0.20599189178083313j),,(-0.04720991526973693+0.20599189178083066j),-961.5230781559886
11300,11300,11.12999375,0.0060878684764884,(0.16332392917145971+0.11802325883147124j),,(0.16332392917146438+0.11802325883147313j),-960.7231421508673
11301,11301,11.13009375,0.0054954989407192,(0.08179706463915437-0.17020670379398095j),,(0.08179706463915717-0.17020670379398503j),-959.9232061457458
11302,11302,11.13019375,0.0064012231900866,(-0.15963711201363412+0.16523947067682201j),,(-0.15963711201363814+0.16523947067682324j),-959.1232701406243
11303,11303,11.13029375,0.007114899023408,(0.14799146428131002+0.10489992865253173j),,(0.1479914642813109+0.1048999286525318j),-958.3233341355028
11304,11304,11.13039375,0.0056063474855192,(0.145883948322631-0.10206874677992903j),,(0.14588394832263343-0.10206874677993029j),-957.5233981303813
11305,11305,11.13049375,0.003833970289548,(0.0988303657686557-0.15069785074493455j),,(0.09883036576865739-0.15069785074493608j),-956.72346212526
11306,11306,11.13059375,0.006604002418767,(-0.019544057270264606+0.09856516450407299j),,(-0.019544057270264793+0.09856516450407304j),-955.9235261201385
11307,11307,11.13069375,0.0076667187426491,(0.3091681728996025-0.0024663102910314136j),,(0.309168172899602-0.0024663102910308723j),-955.123590115017
11308,11308,11.13079375,0.0057170171483867,(0.2333911834627781-0.3508004783565653j),,(0.23339118346277793-0.35080047835656525j),-954.3236541098955
11309,11309,11.13089375,0.0086648638991594,(-0.3766197538617041-0.3630965100024681j),,(-0.3766197538617037-0.3630965100024684j),-953.5237181047742
11310,11310,11.13099375,0.0062945445309853,(-0.05880802642030515+0.2536100068975955j),,(-0.05880802642030235+0.2536100068975976j),-952.7237820996527
11311,11311,11.13109375,0.0098896611624799,(0.007919946223432867-0.07365007304702548j),,(0.007919946223431402-0.07365007304702592j),-951.9238460945312
11312,11312,11.13119375,0.0077972949562043,(-0.21717627095680403-0.160680032585459j),,(-0.2171762709568026-0.16068003258546193j),-951.1239100894097
11313,11313,11.13129375,0.0086824009313494,(0.013855668706457793-0.08261294299137346j),,(0.013855668706462227-0.08261294299137245j),-950.3239740842884
11314,11314,11.13139375,0.0084490665482048,(-0.18445144876918657+0.025751751910397164j),,(-0.184451448769187+0.02575175191039264j),-949.5240380791669
11315,11315,11.13149375,0.008565007654351,(-0.15160318924184424+0.09116178965689944j),,(-0.1516031892418392+0.09116178965689989j),-948.7241020740454
11316,11316,11.13159375,0.0080771568237337,(-0.05768708582683496-0.10534145392368238j),,(-0.05768708582683603-0.10534145392367936j),-947.9241660689239
11317,11317,11.13169375,0.0071059400435416,(-0.11269076869125658-0.01654851121141905j),,(-0.11269076869125577-0.016548511211419967j),-947.1242300638024
11318,11318,11.13179375,0.005111978828863,(-0.14148725828126124-0.054738777531890846j),,(-0.14148725828126243-0.05473877753188952j),-946.3242940586811
11319,11319,11.13189375,0.0085500842219687,(-0.1825855950739169-0.007450044469558256j),,(-0.18258559507392097-0.007450044469556272j),-945.5243580535596
11320,11320,11.13199375,0.0063576725041384,(-0.122222139840089+0.24760775360038867j),,(-0.12222213984008867+0.24760775360038687j),-944.7244220484381
11321,11321,11.13209375,0.0080152396495146,(-0.06161078426361191+0.05371078505200267j),,(-0.061610784263613105+0.053710785052005425j),-943.9244860433166
11322,11322,11.13219375,0.0066031875510878,(-0.13165724975033175+0.024075068612015284j),,(-0.13165724975033244+0.02407506861200772j),-943.1245500381953
11323,11323,11.13229375,0.0086673190464066,(-0.0524455166324135-0.042781350861736574j),,(-0.052445516632415506-0.04278135086173654j),-942.3246140330738
11324,11324,11.13239375,0.0063822084123674,(-0.14862047691049426+0.0724048887763021j),,(-0.14862047691048969+0.07240488877630369j),-941.5246780279523
11325,11325,11.13249375,0.0075567724779092,(-0.07452025730228332+0.16648717371330168j),,(-0.07452025730228432+0.16648717371330382j),-940.7247420228308
11326,11326,11.13259375,0.0058943360584296,(-0.05601908763679484-0.13061323944872794j),,(-0.056019087636795244-0.1306132394487351j),-939.9248060177093
11327,11327,11.13269375,0.0072006179026194,(0.031181156643701066-0.026340528392774554j),,(0.031181156643700577-0.02634052839277425j),-939.124870012588
11328,11328,11.13279375,0.0058039322620305,(-0.11603611170507272-0.043353740937321056j),,(-0.11603611170507182-0.04335374093731917j),-938.3249340074665
11329,11329,11.13289375,0.0029252738506434,(-0.5497225183161801+0.0780396337236624j),,(-0.549722518316178+0.07803963372366352j),-937.524998002345
11330,11330,11.13299375,0.004835122473347,(-0.510930268984572+0.5977964186064048j),,(-0.5109302689845716+0.5977964186064015j),-936.7250619972235
11331,11331,11.13309375,0.0049838165777813,(0.5860536127502066+1.2663259858391602j),,(0.5860536127502062+1.26632598583916j),-935.9251259921022
11332,11332,11.13319375,0.0067978841185253,(-0.3457269307285775-1.2203729457767258j),,(-0.3457269307285798-1.2203729457767252j),-935.1251899869807
11333,11333,11.13329375,0.0035771847752187,(0.5994038851557701-0.2149129520848305j),,(0.5994038851557741-0.21491295208483177j),-934.3252539818592
11334,11334,11.13339375,0.0041603820071507,(0.7168596102759387+0.15802174463773616j),,(0.7168596102759411+0.15802174463773486j),-933.5253179767377
11335,11335,11.13349375,0.0045504560122079,(0.7886028030863643-0.21755015347861983j),,(0.7886028030863645-0.21755015347861933j),-932.7253819716163
11336,11336,11.13359375,0.004305079106448,(0.010473494699879501-0.32181373918616657j),,(0.010473494699881583-0.32181373918616896j),-931.9254459664949
11337,11337,11.13369375,0.0036997940336928,(0.13543894027256997-0.03994438272995655j),,(0.13543894027257092-0.03994438272995514j),-931.1255099613734
11338,11338,11.13379375,0.0037141836620611,(0.3585490542541588+0.28790901058062296j),,(0.3585490542541586+0.2879090105806224j),-930.3255739562519
11339,11339,11.13389375,0.0043118866623683,(0.2070007886230713-0.002178389759058194j),,(0.20700078862307364-0.0021783897590553648j),-929.5256379511304
11340,11340,11.13399375,0.0050013502627714,(0.10544091706513808-0.04789869993777697j),,(0.10544091706513956-0.04789869993777772j),-928.725701946009
11341,11341,11.13409375,0.0040738941608673,(0.10936091688321409-0.026218263106429184j),,(0.10936091688321391-0.026218263106428524j),-927.9257659408876
11342,11342,11.13419375,0.0035924070100162,(-0.03521001243858182+0.031074260775212314j),,(-0.03521001243858007+0.031074260775211367j),-927.1258299357661
11343,11343,11.13429375,0.0046514345523129,(0.13898067953176227+0.020778590623674258j),,(0.1389806795317663+0.020778590623673973j),-926.3258939306446
11344,11344,11.13439375,0.0035495368978486,(-0.09415597331364534-0.1347900780471141j),,(-0.09415597331364328-0.13479007804711463j),-925.5259579255232
11345,11345,11.13449375,0.0024966527307793,(0.19270272699184993+0.052046871689443754j),,(0.19270272699185326+0.05204687168944497j),-924.7260219204018
11346,11346,11.13459375,0.0018499722393199,(0.05577900272148664-0.22551309326284397j),,(0.055779002721484575-0.22551309326284003j),-923.9260859152803
11347,11347,11.13469375,0.0032388547772418,(-0.11317369733811405-0.1919339050700284j),,(-0.11317369733811523-0.1919339050700257j),-923.1261499101588
11348,11348,11.13479375,0.0022423835210587,(-0.09804634114757571+0.06680227021902302j),,(-0.0980463411475721+0.06680227021901838j),-922.3262139050374
11349,11349,11.13489375,8.540298602959252e-05,(0.1361991000062152+0.10854030050472471j),,(0.13619910000621455+0.10854030050472467j),-921.526277899916
11350,11350,11.13499375,0.0012433555162295,(-0.0052322320004892595-0.13713040053434716j),,(-0.005232232000488012-0.13713040053434833j),-920.7263418947945
11351,11351,11.13509375,0.0045961656593054,(-0.14862376996098026-0.265238249622056j),,(-0.1486237699609828-0.2652382496220598j),-919.926405889673
11352,11352,11.13519375,0.0047578590572539,(-0.33861496018911685+0.09899970737824913j),,(-0.3386149601891179+0.0989997073782537j),-919.1264698845515
11353,11353,11.13529375,0.0022692466696752,(0.2023008680317866+0.4092690823223066j),,(0.20230086803178238+0.40926908232230624j),-918.3265338794301
11354,11354,11.13539375,0.0034499604699279,(0.12378679439046614-0.22460849577743652j),,(0.12378679439046837-0.22460849577743844j),-917.5265978743087
11355,11355,11.13549375,0.0034389518001964,(-0.15487637407062926+0.17895732570378525j),,(-0.15487637407063098+0.1789573257037843j),-916.7266618691872
11356,11356,11.13559375,0.003830087454697,(0.1710795606392168+0.06288696146366878j),,(0.17107956063921417+0.06288696146367105j),-915.9267258640657
11357,11357,11.13569375,0.0026492146935875,(-0.10554305643055813-0.03250040221820038j),,(-0.10554305643055711-0.03250040221819905j),-915.1267898589443
11358,11358,11.13579375,0.0038854857807658,(0.03916706913413086+0.09970294461980335j),,(0.03916706913413091+0.09970294461980438j),-914.3268538538229
11359,11359,11.13589375,0.0041654704473835,(-0.010128059756830616+0.03098655077048808j),,(-0.010128059756830905+0.03098655077048836j),-913.5269178487014
11360,11360,11.13599375,0.0054902899107265,(0.06946358242650882+0.06700040158716972j),,(0.06946358242650563+0.06700040158716913j),-912.7269818435799
11361,11361,11.13609375,0.0049615277334004,(0.041022786978094784+0.09480895783985185j),,(0.04102278697809706+0.09480895783985198j),-911.9270458384584
11362,11362,11.13619375,0.0034668259006272,(0.010174045102454565-0.17109243559526682j),,(0.010174045102459311-0.1710924355952691j),-911.127109833337
11363,11363,11.13629375,0.0038117359938083,(-0.02427587013216244+0.07416169903934648j),,(-0.024275870132160607+0.07416169903934745j),-910.3271738282156
11364,11364,11.13639375,0.0054474392877731,(0.1632838778927012+0.07449676217085448j),,(0.16328387789270196+0.07449676217085392j),-909.5272378230941
11365,11365,11.13649375,0.0056614754390426,(0.08404748494360481-0.18973513327077657j),,(0.08404748494360328-0.18973513327077973j),-908.7273018179726
11366,11366,11.13659375,0.0036257179591693,(-0.03377114958265152-0.1956192170951032j),,(-0.03377114958265107-0.19561921709510083j),-907.9273658128512
11367,11367,11.13669375,0.0029663050637669,(-0.10543748053508947-0.14834181362297238j),,(-0.10543748053508546-0.14834181362297305j),-907.1274298077298
11368,11368,11.13679375,0.0027787939204201,(-0.03642564718026208+0.10611603954351972j),,(-0.03642564718025908+0.10611603954352136j),-906.3274938026083
11369,11369,11.13689375,0.005247054062157,(0.027679471609518384+0.15464652341383922j),,(0.027679471609514596+0.1546465234138404j),-905.5275577974868
11370,11370,11.13699375,0.0052901502960947,(-0.002206621026468923+0.06696461884542683j),,(-0.002206621026474169+0.06696461884542776j),-904.7276217923654
11371,11371,11.13709375,0.0059741742915751,(-0.168333755113452-0.15673681843299309j),,(-0.16833375511345494-0.1567368184329951j),-903.927685787244
11372,11372,11.13719375,0.0055803886138792,(0.16646084223718674+0.060596702463106375j),,(0.1664608422371871+0.06059670246310317j),-903.1277497821225
11373,11373,11.13729375,0.0067848977319503,(0.08776702657802188-0.03130525048167185j),,(0.08776702657802099-0.03130525048167332j),-902.327813777001
11374,11374,11.13739375,0.0092238105677226,(-0.0030340896559377397+0.01385765841488425j),,(-0.0030340896559410057+0.013857658414883962j),-901.5278777718795
11375,11375,11.13749375,0.0097586264102026,(-0.19473232433942964-0.005921085103007859j),,(-0.1947323243394293-0.0059210851030072065j),-900.7279417667581
11376,11376,11.13759375,0.0083812033191886,(0.18992784147997707+0.06716960535430311j),,(0.189927841479973+0.06716960535430705j),-899.9280057616367
11377,11377,11.13769375,0.0074952213221076,(0.19345380317761002-0.014077360793803739j),,(0.19345380317760655-0.014077360793803808j),-899.1280697565152
11378,11378,11.13779375,0.0073596039321304,(-0.04515665045746974-0.1581402978892601j),,(-0.04515665045746756-0.15814029788925965j),-898.3281337513937
11379,11379,11.13789375,0.0075723486316874,(-0.05723441763771116-0.02497243689337588j),,(-0.05723441763770967-0.02497243689337756j),-897.5281977462723
11380,11380,11.13799375,0.006911975384585,(0.07693629857942635-0.033561144843837244j),,(0.07693629857942608-0.03356114484383577j),-896.7282617411508
11381,11381,11.13809375,0.0060453456772093,(0.13994450058224642+0.04583048973017717j),,(0.1399445005822483+0.0458304897301774j),-895.9283257360294
11382,11382,11.13819375,0.0053594716011805,(-0.02070393062293253+0.07655533282139214j),,(-0.02070393062293376+0.07655533282139508j),-895.1283897309079
11383,11383,11.13829375,0.0061495270369956,(0.16272850024970592-0.17407910102524038j),,(0.16272850024970553-0.17407910102523672j),-894.3284537257865
11384,11384,11.13839375,0.0070486166764307,(0.10595590668127118-0.19359276086592206j),,(0.10595590668126895-0.19359276086592472j),-893.528517720665
11385,11385,11.13849375,0.0069446985020716,(-0.0313280765620054-0.14465902288998025j),,(-0.03132807656200403-0.1446590228899807j),-892.7285817155436
11386,11386,11.13859375,0.0066647386427081,(0.12876499022252436+0.04787782929865998j),,(0.1287649902225277+0.04787782929865944j),-891.9286457104221
11387,11387,11.13869375,0.007590809986074,(0.13311011801746914-0.1550969891396888j),,(0.13311011801746553-0.15509698913968972j),-891.1287097053006
11388,11388,11.13879375,0.0090020790536839,(-0.06472620331330353-0.26202161099679844j),,(-0.06472620331330432-0.2620216109968015j),-890.3287737001792
11389,11389,11.13889375,0.0096190727625527,(-0.05520328211141652-0.10794294786828064j),,(-0.05520328211141653-0.10794294786827978j),-889.5288376950577
11390,11390,11.13899375,0.0077869206247107,(-0.26577615072636646+0.0812445655416706j),,(-0.26577615072636723+0.08124456554166944j),-888.7289016899363
11391,11391,11.13909375,0.0100343424902819,(-0.012820719564329267-0.07490548478227223j),,(-0.012820719564329914-0.07490548478227166j),-887.9289656848148
11392,11392,11.13919375,0.0077953257548211,(-0.02020238762292026-0.1622938313153197j),,(-0.020202387622925172-0.16229383131531935j),-887.1290296796934
11393,11393,11.13929375,0.0086139035198898,(0.076156279913214-0.17210023150472556j),,(0.07615627991320884-0.17210023150472414j),-886.3290936745719
11394,11394,11.13939375,0.0071058606950589,(0.014353356690507624-0.07756478646659705j),,(0.014353356690507583-0.07756478646659506j),-885.5291576694505
11395,11395,11.13949375,0.008133940856669,(-0.2128797779897077-0.011181915151015243j),,(-0.21287977798970886-0.011181915151013272j),-884.729221664329
11396,11396,11.13959375,0.0051378856150095,(0.04411495615946949+0.34353116401371714j),,(0.044114956159472044+0.343531164013717j),-883.9292856592075
11397,11397,11.13969375,0.0049478641288239,(0.24022566037071078+0.013829863656951887j),,(0.24022566037071175+0.013829863656947786j),-883.1293496540861
11398,11398,11.13979375,0.0071535982429249,(0.19424044529290324-0.03159420861199025j),,(0.19424044529290702-0.031594208611991026j),-882.3294136489646
11399,11399,11.13989375,0.0073567508166087,(0.21489879748332807+0.06510336104014375j),,(0.21489879748333032+0.06510336104014665j),-881.5294776438432
11400,11400,11.13999375,0.0066701047546312,(-0.028199667119218293-0.03675501040914835j),,(-0.02819966711921904-0.03675501040914494j),-880.7295416387217
11401,11401,11.14009375,0.0069150203202146,(0.14687484358432878-0.0875781152853683j),,(0.14687484358432656-0.08757811528536932j),-879.9296056336003
11402,11402,11.14019375,0.0072982791590819,(-0.03087099748970689+0.1178297358303626j),,(-0.0308709974897088+0.11782973583035578j),-879.1296696284788
11403,11403,11.14029375,0.0099413792689613,(0.04600948342288026-0.1970080657060746j),,(0.046009483422879895-0.19700806570607263j),-878.3297336233574
11404,11404,11.14039375,0.0111011851884521,(-0.238154055531417-0.30132345618519046j),,(-0.23815405553141866-0.30132345618519196j),-877.5297976182359
11405,11405,11.14049375,0.0093678197476705,(-0.2591039398101427+0.3195469000575069j),,(-0.25910393981014185+0.31954690005750436j),-876.7298616131145
11406,11406,11.14059375,0.0084879447465555,(0.23849296418740973+0.20792736864167566j),,(0.23849296418740934+0.2079273686416762j),-875.929925607993
11407,11407,11.14069375,0.0077483243138974,(-0.1280167435549351+0.12261697619667603j),,(-0.1280167435549351+0.12261697619667833j),-875.1299896028715
11408,11408,11.14079375,0.0075105644941581,(0.0004455548622519581+0.09852125188810296j),,(0.00044555486225325916+0.09852125188810316j),-874.3300535977501
11409,11409,11.14089375,0.004971847859855,(-0.04345477128324288-0.056914283967596443j),,(-0.04345477128324069-0.05691428396759762j),-873.5301175926286
11410,11410,11.14099375,0.0025486905294369,(-0.13553015259279155+0.10861472465108823j),,(-0.13553015259278947+0.1086147246510942j),-872.7301815875072
11411,11411,11.14109375,0.0028053403576199,(0.12722656147147726-0.1403656908069138j),,(0.1272265614714795-0.14036569080691305j),-871.9302455823857
11412,11412,11.14119375,0.0027622258472536,(0.10921672650519354+0.21276768368046636j),,(0.10921672650519196+0.2127676836804684j),-871.1303095772643
11413,11413,11.14129375,0.0037478096989028,(0.2771339766887811-0.043093814548318066j),,(0.2771339766887778-0.04309381454831969j),-870.3303735721428
11414,11414,11.14139375,0.0030446204154449,(-0.012584018972808463-0.42202492437817585j),,(-0.012584018972808033-0.4220249243781744j),-869.5304375670214
11415,11415,11.14149375,0.0036485504486937,(0.2900623535190729+0.22288249497330584j),,(0.2900623535190709+0.22288249497330723j),-868.7305015618999
11416,11416,11.14159375,0.0039223297128354,(0.11893581302907306-0.04862771340159907j),,(0.11893581302907406-0.04862771340159669j),-867.9305655567784
11417,11417,11.14169375,0.0075649428865055,(0.011716620970116174-0.03216395095607153j),,(0.011716620970112203-0.03216395095607053j),-867.130629551657
11418,11418,11.14179375,0.0078935492245031,(-0.006411673403424134+0.16675985691094478j),,(-0.006411673403424675+0.16675985691094075j),-866.3306935465356
11419,11419,11.14189375,0.0077476976534777,(0.08309102680812794+0.24867617955801183j),,(0.0830910268081293+0.24867617955801374j),-865.5307575414141
11420,11420,11.14199375,0.0059136229365218,(0.13542943356855375-0.16251154835635667j),,(0.13542943356855422-0.16251154835635723j),-864.7308215362926
11421,11421,11.14209375,0.0047040454557785,(-0.19494835990006942-0.006204009401069105j),,(-0.1949483599000686-0.0062040094010682445j),-863.9308855311712
11422,11422,11.14219375,0.0046309906059062,(-0.14642387079160013+0.08226706630676041j),,(-0.14642387079159883+0.08226706630675958j),-863.1309495260497
11423,11423,11.14229375,0.0031331438223686,(0.4301377967990937+0.31183328943858313j),,(0.43013779679909364+0.31183328943858657j),-862.3310135209283
11424,11424,11.14239375,0.001730715208391,(0.1605952110308707-0.20451051197118367j),,(0.16059521103086824-0.20451051197118614j),-861.5310775158068
11425,11425,11.14249375,0.0008806232724003,(0.032023531809327266+0.041581691335064445j),,(0.03202353180933051+0.04158169133506807j),-860.7311415106853
11426,11426,11.14259375,5.7070615193615526e-05,(-0.06345388706351279+0.02221923568103027j),,(-0.06345388706351256+0.022219235681028814j),-859.9312055055639
11427,11427,11.14269375,0.0007594645800326,(-0.009758418982605068+0.06310410591137369j),,(-0.009758418982605571+0.06310410591136809j),-859.1312695004425
11428,11428,11.14279375,0.0019354641759667,(0.06615016501916202+0.1409586763973548j),,(0.06615016501915981+0.1409586763973559j),-858.331333495321
11429,11429,11.14289375,0.0028398631378933,(0.18066835522517308-0.07833951793562091j),,(0.18066835522516722-0.0783395179356244j),-857.5313974901995
11430,11430,11.14299375,0.0027133425822948,(0.15317940219875975-0.03066091426891776j),,(0.15317940219875587-0.030660914268913993j),-856.7314614850781
11431,11431,11.14309375,0.0021831157360782,(0.046564074372921496+0.039380348072080476j),,(0.04656407437292161+0.03938034807208102j),-855.9315254799566
11432,11432,11.14319375,0.0056230934581721,(0.15725297642051483+0.044154938083520924j),,(0.15725297642051625+0.0441549380835185j),-855.1315894748352
11433,11433,11.14329375,0.0060792247412684,(0.04947344889858232+0.008966186819056646j),,(0.04947344889858639+0.008966186819055495j),-854.3316534697137
11434,11434,11.14339375,0.0051718989629449,(-0.0958669946294364+0.14168978495171355j),,(-0.09586699462944305+0.14168978495171303j),-853.5317174645922
11435,11435,11.14349375,0.0031711195022196,(0.08461340299514161+0.21975243787932863j),,(0.08461340299514275+0.21975243787932947j),-852.7317814594708
11436,11436,11.14359375,0.0044515859171093,(0.006380676825714915+0.082565680026986j),,(0.006380676825711182+0.08256568002698417j),-851.9318454543494
11437,11437,11.14369375,0.004522109760174,(0.08454513388478321+0.22390987579974397j),,(0.08454513388478473+0.22390987579974034j),-851.1319094492279
11438,11438,11.14379375,0.0030521645139519,(0.05999914617130003+0.061054756069999265j),,(0.05999914617130055+0.06105475606999758j),-850.3319734441064
11439,11439,11.14389375,0.0014451573542411,(-0.09420962428621293+0.10967836352836297j),,(-0.09420962428621285+0.10967836352836546j),-849.532037438985
11440,11440,11.14399375,-2.1428811483825884e-05,(-0.11417120862932796-0.13760017197534832j),,(-0.11417120862932595-0.13760017197535104j),-848.7321014338636
11441,11441,11.14409375,0.0008022411916721,(-0.17249736200406443-0.05407158345640914j),,(-0.17249736200406476-0.05407158345641097j),-847.9321654287421
11442,11442,11.14419375,0.0011477850872431,(0.20740433975788275-0.08722172370709949j),,(0.207404339757886-0.08722172370709824j),-847.1322294236206
11443,11443,11.14429375,0.0026547816236124,(0.08544475874979864+0.0946057402454123j),,(0.08544475874979707+0.09460574024541067j),-846.3322934184991
11444,11444,11.14439375,0.002120181222137,(0.09167140940906651-0.059139075099838234j),,(0.09167140940906554-0.05913907509983893j),-845.5323574133777
11445,11445,11.14449375,0.0050518126424923,(0.13375900183260303-0.012430134808668197j),,(0.13375900183261058-0.012430134808668947j),-844.7324214082563
11446,11446,11.14459375,0.0061851604518356,(0.008635626353177071-0.0032035732883693552j),,(0.00863562635317459-0.0032035732883656997j),-843.9324854031348
11447,11447,11.14469375,0.0092131535884283,(-0.0934722026908393+0.15382484493331972j),,(-0.0934722026908437+0.15382484493331897j),-843.1325493980133
11448,11448,11.14479375,0.007619562204496,(0.11993794524067716-0.19844833141991347j),,(0.11993794524067475-0.19844833141990767j),-842.3326133928919
11449,11449,11.14489375,0.0067293167469077,(-0.6995534208642579+0.01424890113078954j),,(-0.6995534208642576+0.01424890113078739j),-841.5326773877705
11450,11450,11.14499375,0.0065002167544393,(0.11243967544865799-0.05070861150835475j),,(0.11243967544865495-0.05070861150835438j),-840.732741382649
11451,11451,11.14509375,0.0070945134772965,(-0.1110438219474924+0.19719653580902463j),,(-0.11104382194749132+0.1971965358090231j),-839.9328053775275
11452,11452,11.14519375,0.0050449343745152,(-0.017265705594733404+0.2816203737512832j),,(-0.017265705594736287+0.28162037375128246j),-839.132869372406
11453,11453,11.14529375,0.0024904031871531,(0.054453596131136664+0.2890642026919628j),,(0.05445359613113403+0.28906420269196464j),-838.3329333672847
11454,11454,11.14539375,0.0017118522576207,(-0.0895040733172495-0.1253295569166697j),,(-0.08950407331724942-0.12532955691667266j),-837.5329973621632
11455,11455,11.14549375,0.0026387908209517,(-0.19193731271047454+0.1658471349251914j),,(-0.19193731271047482+0.16584713492518777j),-836.7330613570417
11456,11456,11.14559375,0.0044541043640384,(0.11801067825451013+0.25165125814221095j),,(0.11801067825450737+0.2516512581422129j),-835.9331253519202
11457,11457,11.14569375,0.0052630677887652,(0.22244379623524335-0.45195643592629986j),,(0.2224437962352398-0.4519564359263023j),-835.1331893467988
11458,11458,11.14579375,0.0066134907541237,(-0.03956351595962667+0.09718954233026778j),,(-0.03956351595962914+0.09718954233026814j),-834.3332533416774
11459,11459,11.14589375,0.0067116908643248,(-0.12316863147113497-0.15889979385791403j),,(-0.12316863147113724-0.15889979385791336j),-833.5333173365559
11460,11460,11.14599375,0.0092239359063846,(-0.06064983576311435-0.11948732014021277j),,(-0.06064983576311074-0.11948732014021299j),-832.7333813314344
11461,11461,11.14609375,0.0093208256439782,(-0.057914606399152586-0.2003644876363282j),,(-0.05791460639915086-0.20036448763633194j),-831.933445326313
11462,11462,11.14619375,0.0106731220112508,(0.4071994092595704-0.10857644084750687j),,(0.4071994092595733-0.10857644084751145j),-831.1335093211916
11463,11463,11.14629375,0.0084180791550078,(-0.22026612943509272-0.14399733008860946j),,(-0.22026612943509066-0.14399733008861315j),-830.3335733160701
11464,11464,11.14639375,0.0090333247051476,(-0.08588356272292451-0.08584825465480991j),,(-0.08588356272292468-0.08584825465480932j),-829.5336373109486
11465,11465,11.14649375,0.0092449869868354,(0.03749629051544359+0.30243283051027914j),,(0.03749629051544755+0.30243283051028264j),-828.7337013058271
11466,11466,11.14659375,0.0076325097508581,(0.209062698470424-0.12477231978770897j),,(0.20906269847042777-0.12477231978770956j),-827.9337653007057
11467,11467,11.14669375,0.0061266050230755,(-0.15771091167672835+0.04454912763034345j),,(-0.15771091167672752+0.04454912763034455j),-827.1338292955843
11468,11468,11.14679375,0.0047844971304945,(-0.1567252140033073+0.15296727891970724j),,(-0.15672521400330547+0.1529672789197084j),-826.3338932904628
11469,11469,11.14689375,0.0047112074545404,(-0.028947617450521088-0.1275838074344235j),,(-0.028947617450516973-0.12758380743442338j),-825.5339572853413
11470,11470,11.14699375,0.0056510051729687,(0.24242275929698415+0.06271744449111182j),,(0.242422759296986+0.06271744449111391j),-824.7340212802198
11471,11471,11.14709375,0.0059557803418372,(-0.05083293429148571+0.0037501531990663077j),,(-0.05083293429148414+0.0037501531990708735j),-823.9340852750985
11472,11472,11.14719375,0.0080628432614284,(0.17301899872394277-0.19445130786789705j),,(0.17301899872394236-0.1944513078678953j),-823.134149269977
11473,11473,11.14729375,0.0083917544029862,(-0.062364289965553946+0.262134133568232j),,(-0.06236428996555618+0.2621341335682362j),-822.3342132648555
11474,11474,11.14739375,0.0082883826187873,(0.39271255341111766+0.16719793878870895j),,(0.39271255341111516+0.16719793878870726j),-821.534277259734
11475,11475,11.14749375,0.0099215807993991,(-0.518282897345366-0.5583818419587119j),,(-0.5182828973453689-0.5583818419587067j),-820.7343412546127
11476,11476,11.14759375,0.0098967427386287,(-0.0413021232956792-0.10712369842163591j),,(-0.041302123295676535-0.10712369842162991j),-819.9344052494912
11477,11477,11.14769375,0.0105548076312227,(-0.07444652321851956-0.09448355792416327j),,(-0.07444652321851898-0.09448355792416094j),-819.1344692443697
11478,11478,11.14779375,0.0092702039806665,(-0.055030241431228366+0.2798000927668648j),,(-0.05503024143122666+0.2798000927668605j),-818.3345332392482
11479,11479,11.14789375,0.0075340957768162,(0.06855256679989043+0.16543878105380883j),,(0.06855256679988606+0.16543878105380652j),-817.5345972341267
11480,11480,11.14799375,0.006778694167068,(-0.07189945540616115-0.0092246027493691j),,(-0.07189945540617232-0.009224602749373511j),-816.7346612290054
11481,11481,11.14809375,0.0059567271383101,(-0.9134039264541687+0.5773263083667497j),,(-0.9134039264541656+0.5773263083667506j),-815.9347252238839
11482,11482,11.14819375,0.0060019709169612,(0.6600926183603057+0.04270765617751139j),,(0.6600926183603019+0.042707656177511696j),-815.1347892187624
11483,11483,11.14829375,0.0060083524334569,(0.44154930845374585+1.10104008278981j),,(0.4415493084537478+1.1010400827898055j),-814.3348532136409
11484,11484,11.14839375,0.0043080769229218,(0.012743471625530864-0.03691301538903869j),,(0.012743471625532543-0.036913015389038066j),-813.5349172085196
11485,11485,11.14849375,0.0063223000827606,(0.07951881944791539+0.3883046104153602j),,(0.07951881944791582+0.38830461041535924j),-812.7349812033981
11486,11486,11.14859375,0.0058431273798517,(0.0592844078157491-0.41726495655518075j),,(0.059284407815752435-0.41726495655518275j),-811.9350451982766
11487,11487,11.14869375,0.0071118946465677,(0.18854722628073325-0.13545653191069243j),,(0.1885472262807312-0.13545653191069199j),-811.1351091931551
11488,11488,11.14879375,0.0067717414332903,(0.07852057657869768+0.16905025432951315j),,(0.07852057657870207+0.169050254329514j),-810.3351731880338
11489,11489,11.14889375,0.0083760947057703,(0.06270092103175916+0.030152930029095013j),,(0.06270092103176048+0.030152930029094242j),-809.5352371829123
11490,11490,11.14899375,0.0099584228176592,(-0.03333629603326828-0.004805863934761035j),,(-0.03333629603327223-0.004805863934761434j),-808.7353011777908
11491,11491,11.14909375,0.0095324065541798,(-0.0906814854677225+0.09645331311453886j),,(-0.09068148546772004+0.09645331311453842j),-807.9353651726693
11492,11492,11.14919375,0.0074505889162891,(0.11785599672491606-0.7111115877068772j),,(0.11785599672491753-0.7111115877068738j),-807.1354291675478
11493,11493,11.14929375,0.006954766246007,(-0.14617820505871745+0.024452457546207895j),,(-0.14617820505871634+0.02445245754620748j),-806.3354931624265
11494,11494,11.14939375,0.0073439174053459,(0.11630495943696675+0.17437612464544427j),,(0.11630495943696209+0.17437612464544633j),-805.535557157305
11495,11495,11.14949375,0.0061344853133542,(-0.4892853191093429-0.17701134362880955j),,(-0.4892853191093448-0.1770113436288076j),-804.7356211521835
11496,11496,11.14959375,0.0034126891181405,(-0.0869391601507828-0.30777783560245336j),,(-0.0869391601507842-0.3077778356024513j),-803.935685147062
11497,11497,11.14969375,0.0010842951670221,(0.12755595165320366-0.23033277722190004j),,(0.127555951653202-0.23033277722189854j),-803.1357491419407
11498,11498,11.14979375,0.0016641601733965,(-0.014379812468570492-0.14371102182950027j),,(-0.014379812468575203-0.1437110218295007j),-802.3358131368192
11499,11499,11.14989375,0.0031473445466151,(-0.11891401692364559-0.03157950245745755j),,(-0.118914016923643-0.03157950245745672j),-801.5358771316977
11500,11500,11.14999375,0.0030312881553591,(-0.28416177229732975-0.38041063238385897j),,(-0.28416177229733025-0.38041063238386014j),-800.7359411265762
11501,11501,11.15009375,0.0028845277700536,(-0.48053974435194685+0.14144617631466963j),,(-0.4805397443519488+0.1414461763146659j),-799.9360051214547
11502,11502,11.15019375,0.0031427158574869,(0.010081648808248134-0.20820273934117345j),,(0.010081648808250243-0.20820273934117411j),-799.1360691163334
11503,11503,11.15029375,0.0054550761214176,(-0.1368220539155415+0.06957370248415425j),,(-0.13682205391554203+0.06957370248415073j),-798.3361331112119
11504,11504,11.15039375,0.0068934766649607,(0.05824536670642821+0.03178407786581314j),,(0.05824536670642336+0.031784077865814636j),-797.5361971060904
11505,11505,11.15049375,0.0072684151635051,(0.054984777506090377+0.1650200766125863j),,(0.0549847775060902+0.16502007661258583j),-796.7362611009689
11506,11506,11.15059375,0.0051864710966704,(-0.24242484630925493+0.08004537995183189j),,(-0.2424248463092566+0.0800453799518338j),-795.9363250958476
11507,11507,11.15069375,0.0033344857458956,(-0.11671890367227748+0.31875907802923964j),,(-0.11671890367227628+0.31875907802924086j),-795.1363890907261
11508,11508,11.150793749999998,0.0021648658708554,(-0.07171577409589949+0.17183722730903578j),,(-0.07171577409589666+0.1718372273090326j),-794.3364530856046
11509,11509,11.15089375,0.0038879279282333,(-0.050908984794374446-0.27035572073892566j),,(-0.05090898479437202-0.27035572073892467j),-793.5365170804831
11510,11510,11.15099375,0.0021861353334154,(0.45924397351829127+0.09815833414686873j),,(0.45924397351828994+0.09815833414686788j),-792.7365810753618
11511,11511,11.15109375,0.0001309956953808,(-0.04108508828693373+0.4074869822596282j),,(-0.04108508828693519+0.4074869822596301j),-791.9366450702403
11512,11512,11.15119375,-0.0005892854704125,(-0.1688416262709982-0.026730473324539275j),,(-0.16884162627099591-0.02673047332453843j),-791.1367090651188
11513,11513,11.15129375,0.0011132929455304,(-0.03308879013101092-0.48529082860379874j),,(-0.0330887901310096-0.4852908286037968j),-790.3367730599973
11514,11514,11.15139375,0.0035913528863286,(0.0935185339405253-0.30412188319417083j),,(0.09351853394052662-0.3041218831941694j),-789.5368370548758
11515,11515,11.151493749999998,0.0020031468878103,(-0.03375499898722534-0.2975890302851094j),,(-0.033754998987225865-0.2975890302851053j),-788.7369010497545
11516,11516,11.151593749999998,0.0016866821537143,(-0.2402750257229288+0.08000794120805702j),,(-0.2402750257229279+0.08000794120805675j),-787.936965044633
11517,11517,11.15169375,0.0025609726723308,(0.06467719893735327-0.31217507679167683j),,(0.06467719893734972-0.31217507679167233j),-787.1370290395115
11518,11518,11.15179375,0.0052524508902311,(-0.026975413990222713+0.3272035126431577j),,(-0.026975413990222963+0.32720351264315795j),-786.33709303439
11519,11519,11.15189375,0.0051160266147396,(0.18977428179176287+0.11536964606318023j),,(0.18977428179176628+0.11536964606317734j),-785.5371570292687
11520,11520,11.15199375,0.0056318626310195,(0.06195631841648536+0.25240788089673866j),,(0.0619563184164857+0.2524078808967421j),-784.7372210241472
11521,11521,11.15209375,0.0031895395281615,(0.03260647166956271-0.08149348779735202j),,(0.032606471669561606-0.08149348779734962j),-783.9372850190257
11522,11522,11.15219375,0.0058249226176675,(0.2262377321057-0.3647309330356061j),,(0.2262377321057003-0.3647309330356054j),-783.1373490139042
11523,11523,11.152293749999998,0.0042807807555247,(0.14783289234493743+0.15388832508162523j),,(0.14783289234493685+0.15388832508162495j),-782.3374130087828
11524,11524,11.15239375,0.0034110531846242,(-0.15055165467492587+0.47369422904902614j),,(-0.15055165467492435+0.4736942290490242j),-781.5374770036614
11525,11525,11.15249375,0.0007270047356779,(-0.3184299255347772-0.12480643365981105j),,(-0.3184299255347799-0.12480643365981162j),-780.7375409985399
11526,11526,11.15259375,0.001102073799992,(0.18724645331157078-0.09896952136935797j),,(0.1872464533115686-0.0989695213693567j),-779.9376049934184
11527,11527,11.15269375,0.0027150292608261,(0.1713770394950845-0.3252737919358758j),,(0.1713770394950854-0.32527379193587846j),-779.1376689882969
11528,11528,11.15279375,0.0017861123431166,(0.0024088907870703884+0.040277361333391326j),,(0.002408890787070704+0.040277361333391326j),-778.3377329831756
11529,11529,11.15289375,0.0008195934320066,(-0.06960183462848418-0.10631531622239973j),,(-0.06960183462847987-0.10631531622239819j),-777.5377969780541
11530,11530,11.152993749999998,0.0054442291591582,(-0.13639473719092038+0.06654492577962533j),,(-0.13639473719092038+0.06654492577962118j),-776.7378609729326
11531,11531,11.153093749999998,0.005083824427885,(0.16915166826819558-0.2060725175122364j),,(0.16915166826819447-0.20607251751223712j),-775.9379249678111
11532,11532,11.15319375,0.007691744694219,(0.013015824401025944-0.3361269221296568j),,(0.013015824401029455-0.33612692212965456j),-775.1379889626897
11533,11533,11.15329375,0.006077216000598,(-0.5219504378874201+0.14243851567244759j),,(-0.5219504378874213+0.14243851567244611j),-774.3380529575683
11534,11534,11.15339375,0.007168705537158,(-0.3765461650786184+0.1872261351384411j),,(-0.37654616507861804+0.18722613513843894j),-773.5381169524468
11535,11535,11.15349375,0.0080294017923073,(-0.08245824348972797+0.9378762627497337j),,(-0.08245824348972625+0.9378762627497343j),-772.7381809473253
11536,11536,11.15359375,0.0070962561317239,(0.1492756522216852+0.06387025951359464j),,(0.14927565222168102+0.0638702595135947j),-771.9382449422038
11537,11537,11.15369375,0.0059496898919876,(0.3153047631905808+0.20319233294184613j),,(0.31530476319057943+0.20319233294184597j),-771.1383089370825
11538,11538,11.153793749999998,0.005299635811742,(0.1350156325920709+0.4067900458845354j),,(0.13501563259206995+0.4067900458845375j),-770.338372931961
11539,11539,11.15389375,0.0041804793986083,(-0.09372286890699295-0.05328851470586621j),,(-0.0937228689069905-0.053288514705868165j),-769.5384369268395
11540,11540,11.15399375,0.0050847302305498,(0.2693516607536438-0.41205075207840514j),,(0.26935166075364775-0.4120507520784047j),-768.738500921718
11541,11541,11.15409375,0.0046953480318406,(-0.24891649301718755-0.19995935391527564j),,(-0.24891649301718963-0.19995935391527642j),-767.9385649165966
11542,11542,11.15419375,0.0044916685021468,(-0.07024453664562362+0.1385164154520501j),,(-0.070244536645625+0.1385164154520521j),-767.1386289114752
11543,11543,11.15429375,0.005243140210854,(-0.25897615372409993+0.1021921831019107j),,(-0.25897615372410054+0.10219218310191489j),-766.3386929063537
11544,11544,11.15439375,0.0078254259626431,(-0.13859523680123842-0.3671976612231963j),,(-0.13859523680123492-0.36719766122319275j),-765.5387569012322
11545,11545,11.15449375,0.0081202361632176,(-0.5290738599686042-0.33985979617960027j),,(-0.5290738599686088-0.3398597961795988j),-764.7388208961108
11546,11546,11.154593749999998,0.0075592720528234,(0.2133237615527135-0.5428376870374229j),,(0.21332376155271085-0.542837687037425j),-763.9388848909894
11547,11547,11.15469375,0.0096922095501566,(-0.04219989663163899+0.24447921064643638j),,(-0.04219989663164224+0.2444792106464407j),-763.1389488858679
11548,11548,11.15479375,0.009804978887024,(0.32671120207984833+0.10453100684079511j),,(0.3267112020798464+0.10453100684079536j),-762.3390128807464
11549,11549,11.15489375,0.0100206792739773,(-0.003707820698146364+0.381270581782453j),,(-0.0037078206981460663+0.3812705817824537j),-761.5390768756249
11550,11550,11.15499375,0.0063535133438988,(-0.24329105603535778-0.15871454963941228j),,(-0.24329105603535853-0.15871454963941314j),-760.7391408705035
11551,11551,11.15509375,0.0059801096079277,(0.12318805976881643-0.3245920095858534j),,(0.1231880597688152-0.3245920095858505j),-759.9392048653821
11552,11552,11.15519375,0.0077707089348532,(-0.06745731728494556-0.6030616077513608j),,(-0.0674573172849447-0.60306160775136j),-759.1392688602606
11553,11553,11.155293749999998,0.007972855889113,(-0.5108346090066108+0.29526902776165187j),,(-0.510834609006615+0.295269027761648j),-758.3393328551391
11554,11554,11.155393749999998,0.0067618609745191,(0.03396378011198797+0.03308644956697725j),,(0.033963780111987786+0.03308644956697788j),-757.5393968500177
11555,11555,11.15549375,0.0031920830962062,(-0.34113539402094095-0.1823850150588845j),,(-0.34113539402094123-0.18238501505888804j),-756.7394608448963
11556,11556,11.15559375,0.0064092773189426,(-0.23000806610843988+0.09197273647596133j),,(-0.23000806610843422+0.09197273647596352j),-755.9395248397748
11557,11557,11.15569375,0.0081926201126103,(-0.4764651966758775-0.17338192961070895j),,(-0.47646519667587617-0.17338192961071275j),-755.1395888346533
11558,11558,11.15579375,0.0084007040792399,(-0.16204246681524545-0.4180067883051556j),,(-0.16204246681524612-0.41800678830515314j),-754.3396528295319
11559,11559,11.15589375,0.0070115584840914,(-0.20470001556236744+0.09302535412913401j),,(-0.20470001556236425+0.09302535412912885j),-753.5397168244104
11560,11560,11.15599375,0.0099455248904053,(0.262673623684372+0.2547726673675242j),,(0.262673623684375+0.25477266736752324j),-752.739780819289
11561,11561,11.156093749999998,0.0085966699893906,(-0.1356950611141327+0.35134049633202025j),,(-0.13569506111413246+0.35134049633202025j),-751.9398448141675
11562,11562,11.15619375,0.0106850470859718,(0.14920020677691573+0.49795858238711754j),,(0.14920020677691537+0.49795858238711993j),-751.139908809046
11563,11563,11.15629375,0.0081376933208199,(-0.35526588552199007-0.18206007647278394j),,(-0.3552658855219906-0.18206007647278544j),-750.3399728039246
11564,11564,11.15639375,0.0086654608809991,(0.3640553791233877-0.29287115925668594j),,(0.3640553791233892-0.2928711592566851j),-749.5400367988032
11565,11565,11.15649375,0.0074143397665462,(0.2423542870510651-0.5794473534738527j),,(0.24235428705106685-0.5794473534738518j),-748.7401007936817
11566,11566,11.15659375,0.0075863430816687,(0.40094928154611403+0.15172733138286795j),,(0.400949281546109+0.1517273313828694j),-747.9401647885602
11567,11567,11.15669375,0.0089305847286907,(0.08411895355764912+0.3040260878887251j),,(0.08411895355764634+0.3040260878887266j),-747.1402287834388
11568,11568,11.15679375,0.0067220363447517,(0.48038924200516914+0.015269648253615209j),,(0.48038924200517125+0.015269648253613821j),-746.3402927783173
11569,11569,11.156893749999998,0.0062630686661001,(-0.2479530977384464+0.05892829410986998j),,(-0.24795309773844557+0.058928294109871895j),-745.5403567731959
11570,11570,11.15699375,0.0063687123093774,(-0.12890470570248497-0.3657049776871128j),,(-0.12890470570248594-0.3657049776871107j),-744.7404207680744
11571,11571,11.15709375,0.0064555296549605,(-0.3935293407547991-0.33334515808477483j),,(-0.3935293407547983-0.3333451580847716j),-743.9404847629529
11572,11572,11.15719375,0.0065998653855546,(0.027159205893812585+0.1312596199157866j),,(0.027159205893814042+0.1312596199157855j),-743.1405487578315
11573,11573,11.15729375,0.0060929316313992,(0.2055278719372235-0.35566839397952754j),,(0.20552787193722188-0.355668393979529j),-742.3406127527101
11574,11574,11.15739375,0.0060084588993856,(0.2576034660642912+0.21511088321786423j),,(0.25760346606428985+0.21511088321785896j),-741.5406767475886
11575,11575,11.15749375,0.0079534577600649,(-0.1257682738628132+0.06976514677885645j),,(-0.12576827386281264+0.06976514677885948j),-740.7407407424671
11576,11576,11.157593749999998,0.0072337449488061,(-0.09417955829943321-0.39347523776209636j),,(-0.09417955829943574-0.3934752377620993j),-739.9408047373457
11577,11577,11.15769375,0.0077208758873851,(0.005171126889586826-0.08240816761691615j),,(0.005171126889587922-0.08240816761691415j),-739.1408687322242
11578,11578,11.15779375,0.0061759794009051,(0.09688562119324394-0.04191715606153399j),,(0.09688562119324645-0.04191715606153268j),-738.3409327271028
11579,11579,11.15789375,0.0063822519895832,(0.379069170183848+0.30911101565643684j),,(0.37906917018384756+0.30911101565643784j),-737.5409967219813
11580,11580,11.15799375,0.006891184021941,(0.3440967379291276+0.20237241428375713j),,(0.34409673792912815+0.20237241428375444j),-736.7410607168599
11581,11581,11.15809375,0.0049759024223449,(-0.020133348957338038+0.4271777921847083j),,(-0.02013334895733801+0.42717779218470575j),-735.9411247117384
11582,11582,11.15819375,0.0038534445930949,(-0.49202535042204426-0.09609080448812861j),,(-0.4920253504220473-0.09609080448812556j),-735.141188706617
11583,11583,11.15829375,0.0011614787592292,(-0.10121347674901598-0.24786438919941683j),,(-0.10121347674901573-0.24786438919941892j),-734.3412527014955
11584,11584,11.158393749999998,0.0036270370299741,(-0.04129871020765934-0.18583367209729007j),,(-0.04129871020765495-0.18583367209728496j),-733.541316696374
11585,11585,11.15849375,0.0030866178746575,(0.17674879873491278-0.23297331256717266j),,(0.1767487987349126-0.23297331256717302j),-732.7413806912526
11586,11586,11.15859375,0.003491839844162,(0.36935904491600935-0.5663769734286743j),,(0.36935904491600985-0.5663769734286764j),-731.9414446861311
11587,11587,11.15869375,0.0030122260884611,(0.37450985791324914+0.03619043883370787j),,(0.3745098579132459+0.03619043883370618j),-731.1415086810097
11588,11588,11.15879375,0.0032753332544949,(0.5388479139046332+0.006680020674737441j),,(0.5388479139046316+0.006680020674739051j),-730.3415726758882
11589,11589,11.15889375,0.0048557159811275,(-0.15317481104265207+0.1488338909829671j),,(-0.153174811042655+0.14883389098296337j),-729.5416366707668
11590,11590,11.15899375,0.0047264028386157,(0.35787799105270013+0.28164641668501883j),,(0.35787799105269824+0.28164641668501755j),-728.7417006656453
11591,11591,11.159093749999998,0.0040585681211788,(-0.35917363751361187+0.18743255307670373j),,(-0.3591736375136108+0.1874325530766993j),-727.9417646605239
11592,11592,11.159193749999998,0.0039850899624396,(-0.32920229524451083-0.17877749090804956j),,(-0.3292022952445145-0.17877749090804937j),-727.1418286554024
11593,11593,11.15929375,0.0021253939171101,(-0.2252731441214522-0.032442942165243786j),,(-0.22527314412145194-0.032442942165238915j),-726.341892650281
11594,11594,11.15939375,0.0027174054308615,(-0.23401412186037723+0.09058472315012997j),,(-0.23401412186037607+0.09058472315012965j),-725.5419566451595
11595,11595,11.15949375,0.0017182141102436,(-0.33288914023557087+0.02405502978373493j),,(-0.3328891402355697+0.024055029783731585j),-724.742020640038
11596,11596,11.15959375,0.0034462336939784,(0.04414864763927871+0.9372600464025562j),,(0.04414864763927889+0.9372600464025599j),-723.9420846349166
11597,11597,11.15969375,0.0008692937563855,(0.8313457068449132+0.39114803674732257j),,(0.8313457068449098+0.3911480367473165j),-723.1421486297951
11598,11598,11.15979375,0.0008501516547636,(0.14616018258197355+0.722002195175416j),,(0.1461601825819766+0.7220021951754148j),-722.3422126246737
11599,11599,11.159893749999998,0.0020941474799535,(0.5151847721889181-0.8862370027152952j),,(0.5151847721889202-0.8862370027152983j),-721.5422766195522
11600,11600,11.15999375,0.0024490688058099,(-0.4729147564972337-0.015049064170758991j),,(-0.4729147564972335-0.01504906417076042j),-720.7423406144308
11601,11601,11.16009375,0.0025162105113716,(-0.009083138712575392-0.17279162395304826j),,(-0.009083138712574199-0.1727916239530513j),-719.9424046093093
11602,11602,11.16019375,0.0014154556016882,(0.09135313927876579-0.5742872296122696j),,(0.09135313927876765-0.57428722961227j),-719.1424686041879
11603,11603,11.16029375,0.0028089026963293,(0.22792897748377242-0.657659760558205j),,(0.2279289774837709-0.6576597605582044j),-718.3425325990664
11604,11604,11.16039375,0.0027683594335331,(0.9391297162790709+0.13451280532680626j),,(0.939129716279069+0.13451280532680615j),-717.542596593945
11605,11605,11.16049375,0.0037446599729162,(0.15797986959205557-0.7987225694534164j),,(0.15797986959205534-0.7987225694534139j),-716.7426605888235
11606,11606,11.16059375,0.0052404629640975,(0.8275240043346259-1.475386466251696j),,(0.8275240043346226-1.4753864662516933j),-715.942724583702
11607,11607,11.160693749999998,0.0068107292005115,(-0.038201403509898896-1.0810910530838804j),,(-0.03820140350989937-1.0810910530838787j),-715.1427885785806
11608,11608,11.16079375,0.0059294582348086,(0.5806472527450455-0.21058893035207463j),,(0.5806472527450441-0.21058893035207848j),-714.3428525734591
11609,11609,11.16089375,0.0055823517077415,(0.43711830810281316+0.28597170715383846j),,(0.4371183081028086+0.2859717071538328j),-713.5429165683377
11610,11610,11.16099375,0.0037619273074182,(1.4259715380237377+0.36128660199911444j),,(1.4259715380237314+0.3612866019991147j),-712.7429805632162
11611,11611,11.16109375,0.0041999944309441,(0.5440983082900135+0.7289533309957116j),,(0.5440983082900129+0.7289533309957097j),-711.9430445580948
11612,11612,11.16119375,0.0035227785719829,(-0.3036756048635672+1.207529545895267j),,(-0.30367560486356654+1.2075295458952633j),-711.1431085529733
11613,11613,11.16129375,0.0031310555292638,(0.41843805618509644+1.2508515022407793j),,(0.41843805618509444+1.250851502240775j),-710.3431725478519
11614,11614,11.161393749999998,0.0015099849744824,(-0.07151676851701444+1.0076739975232702j),,(-0.07151676851701347+1.0076739975232702j),-709.5432365427304
11615,11615,11.161493749999998,0.0021122689127153,(0.05850331135752175+0.09287977035393524j),,(0.058503311357522556+0.0928797703539328j),-708.743300537609
11616,11616,11.16159375,0.0042158205385857,(-0.2550931857399594+0.6219628564956499j),,(-0.25509318573995976+0.6219628564956468j),-707.9433645324875
11617,11617,11.16169375,0.0045819346877992,(-0.5389763324344141+0.7965380414361392j),,(-0.5389763324344128+0.7965380414361398j),-707.143428527366
11618,11618,11.16179375,0.003715672025887,(-0.9045710663987222+0.8962289680023928j),,(-0.9045710663987214+0.8962289680023945j),-706.3434925222446
11619,11619,11.16189375,0.0055219122838058,(-1.4953981247821302+0.005041610279921005j),,(-1.4953981247821302+0.005041610279920006j),-705.5435565171231
11620,11620,11.16199375,0.0081921905789057,(-1.580945570201071-1.1248411909094849j),,(-1.5809455702010702-1.1248411909094833j),-704.7436205120017
11621,11621,11.16209375,0.0088186673996954,(-0.20255470517905932-0.14625502800995802j),,(-0.20255470517906235-0.1462550280099594j),-703.9436845068802
11622,11622,11.162193749999998,0.0083706966274861,(0.006400826202076722+0.09916457308390761j),,(0.006400826202077027+0.09916457308390861j),-703.1437485017588
11623,11623,11.16229375,0.0063776073712628,(-0.3855156325319734-0.4475294169467103j),,(-0.3855156325319729-0.44752941694670717j),-702.3438124966373
11624,11624,11.16239375,0.0091346660578712,(0.011303100785373884+0.26739499644137044j),,(0.011303100785376415+0.2673949964413721j),-701.5438764915159
11625,11625,11.16249375,0.0060832360829766,(-0.2280725712864049-0.07025554600458694j),,(-0.22807257128640135-0.07025554600458475j),-700.7439404863944
11626,11626,11.16259375,0.0078570044060813,(-0.43513211078391845-0.21078464308765488j),,(-0.43513211078391867-0.21078464308765626j),-699.9440044812729
11627,11627,11.16269375,0.005114067223669,(-0.14651383487103092-1.0238305194450823j),,(-0.14651383487102831-1.0238305194450772j),-699.1440684761515
11628,11628,11.16279375,0.005914895767754,(0.2000300877252088-0.1742940476363337j),,(0.2000300877252065-0.17429404763632791j),-698.3441324710301
11629,11629,11.16289375,0.0039129910223584,(0.8744986899332594-1.1837525015476216j),,(0.8744986899332557-1.1837525015476236j),-697.5441964659086
11630,11630,11.162993749999998,0.006620207346701,(-0.1122026513115995+0.012060806247265535j),,(-0.11220265131160173+0.012060806247268213j),-696.7442604607871
11631,11631,11.16309375,0.0060779757602896,(0.5362451131945682-1.6618215244246273j),,(0.5362451131945629-1.66182152442463j),-695.9443244556657
11632,11632,11.16319375,0.0080208267416994,(-1.0804787479922209-0.6302420884619097j),,(-1.0804787479922204-0.630242088461912j),-695.1443884505442
11633,11633,11.16329375,0.0079466258957899,(0.4392474205649888+0.1351534131336354j),,(0.4392474205649859+0.13515341313363335j),-694.3444524454228
11634,11634,11.16339375,0.0083474754282628,(1.0411640623069194+0.8488359388056913j),,(1.0411640623069185+0.8488359388056893j),-693.5445164403013
11635,11635,11.16349375,0.008833608446143,(-0.4219996081828298+0.9345209414102382j),,(-0.42199960818283055+0.934520941410236j),-692.7445804351798
11636,11636,11.16359375,0.0094821966584768,(-0.6946032998060185-0.7888795802950618j),,(-0.6946032998060176-0.7888795802950621j),-691.9446444300584
11637,11637,11.163693749999998,0.0087015334787242,(0.6570674957113587+0.635603334746732j),,(0.6570674957113583+0.6356033347467295j),-691.144708424937
11638,11638,11.16379375,0.0066485065328821,(-0.4506251919726737+1.0422436077586235j),,(-0.45062519197267353+1.0422436077586241j),-690.3447724198155
11639,11639,11.16389375,0.0074603130733129,(-0.6902646221058202+0.5262674987498359j),,(-0.6902646221058212+0.5262674987498368j),-689.544836414694
11640,11640,11.16399375,0.0066866193028016,(0.8321453237919217+0.29512846890241407j),,(0.8321453237919206+0.29512846890241284j),-688.7449004095726
11641,11641,11.16409375,0.0084608995846897,(-0.7149112143734869+0.9755478516209297j),,(-0.7149112143734843+0.9755478516209297j),-687.9449644044511
11642,11642,11.16419375,0.0062621561485704,(-0.7275882568837471-0.05190776656447144j),,(-0.7275882568837473-0.051907766564471255j),-687.1450283993297
11643,11643,11.16429375,0.0072120282629972,(-0.7267975230420988-0.15113256582006j),,(-0.7267975230420965-0.15113256582005685j),-686.3450923942082
11644,11644,11.16439375,0.0069356251151918,(-0.7457297181366583-0.23991104956231113j),,(-0.7457297181366559-0.23991104956231396j),-685.5451563890867
11645,11645,11.164493749999998,0.0094419795302096,(0.4236458391779896+0.3545236689128484j),,(0.42364583917799326+0.35452366891284803j),-684.7452203839653
11646,11646,11.16459375,0.0073171731359494,(-0.11823529775025331+0.2749982580094475j),,(-0.11823529775025099+0.27499825800944966j),-683.9452843788439
11647,11647,11.16469375,0.0081540653152321,(-0.26870001628383255-0.516585856551729j),,(-0.2687000162838347-0.5165858565517276j),-683.1453483737224
11648,11648,11.16479375,0.0090732277459608,(0.6518170110915261-0.28029630022578533j),,(0.6518170110915291-0.28029630022578j),-682.3454123686009
11649,11649,11.16489375,0.0091099076294123,(0.06835774360121562+0.22202454338045338j),,(0.06835774360121459+0.22202454338045782j),-681.5454763634795
11650,11650,11.16499375,0.0093044073482528,(0.3135078515438336-0.09010766932996934j),,(0.31350785154383265-0.09010766932996836j),-680.7455403583581
11651,11651,11.16509375,0.0055105256762771,(0.2568178526665064+0.17223790695163393j),,(0.25681785266650675+0.1722379069516333j),-679.9456043532366
11652,11652,11.165193749999998,0.0085821246174293,(-0.2342643433178866+0.9324029048463822j),,(-0.23426434331788765+0.9324029048463814j),-679.1456683481151
11653,11653,11.165293749999998,0.0060493260335171,(-1.087114162521954+0.33849649382562585j),,(-1.0871141625219487+0.33849649382562225j),-678.3457323429936
11654,11654,11.16539375,0.0076149545645559,(-0.11187442423136593-0.517430866177951j),,(-0.11187442423136235-0.5174308661779469j),-677.5457963378722
11655,11655,11.16549375,0.0066378797146496,(-0.4742736018530771-0.5148013587814138j),,(-0.4742736018530789-0.5148013587814153j),-676.7458603327508
11656,11656,11.16559375,0.0065554553504066,(0.3772552191674182-0.554580776972039j),,(0.37725521916742155-0.5545807769720379j),-675.9459243276293
11657,11657,11.16569375,0.0061945699207848,(0.27100371732811174-0.4289379717383749j),,(0.2710037173281112-0.4289379717383742j),-675.1459883225078
11658,11658,11.16579375,0.0056420455650721,(-0.20812643738469164+0.36377609690861396j),,(-0.2081264373846914+0.36377609690861507j),-674.3460523173864
11659,11659,11.16589375,0.0075133759104754,(0.2929111616295349+0.015545807545801454j),,(0.29291116162953595+0.015545807545795876j),-673.546116312265
11660,11660,11.165993749999998,0.0060782931213289,(0.08287452426963583+0.1405786596104385j),,(0.08287452426963683+0.14057865961043506j),-672.7461803071435
11661,11661,11.16609375,0.0072494979872054,(-0.08453071916329823-0.022119033640272942j),,(-0.08453071916330242-0.02211903364027062j),-671.946244302022
11662,11662,11.16619375,0.0058479917749957,(0.17930155657226485+0.5539020896603799j),,(0.17930155657226582+0.553902089660379j),-671.1463082969005
11663,11663,11.16629375,0.0068369245532826,(-0.5776386318372216+0.12028079811739403j),,(-0.5776386318372174+0.12028079811739806j),-670.3463722917792
11664,11664,11.16639375,0.0048754811570482,(-0.27017017217920086-0.14115401453046472j),,(-0.2701701721791997-0.1411540145304715j),-669.5464362866577
11665,11665,11.16649375,0.0051909839781336,(-0.21192827732817104-0.23881274457691626j),,(-0.2119282773281687-0.23881274457691332j),-668.7465002815362
11666,11666,11.16659375,0.0034461021109498,(0.06336398017282263-0.7109612591588952j),,(0.0633639801728223-0.7109612591588962j),-667.9465642764147
11667,11667,11.16669375,0.003389432279441,(-0.25094451067304113-0.316389182158258j),,(-0.2509445106730396-0.316389182158261j),-667.1466282712933
11668,11668,11.166793749999998,0.002723406339975,(0.11173537936188932-0.045352921314103845j),,(0.11173537936188986-0.045352921314106995j),-666.3466922661719
11669,11669,11.16689375,0.0024581348957594,(-0.11135664960170516-0.14529475298838973j),,(-0.1113566496017051-0.14529475298838992j),-665.5467562610504
11670,11670,11.16699375,0.002530907012076,(-0.2918540875566684+0.0013641766399410393j),,(-0.29185408755666664+0.0013641766399406785j),-664.7468202559289
11671,11671,11.16709375,0.0041238930089076,(-0.31101829451851365+0.14889740230932733j),,(-0.31101829451851287+0.14889740230932808j),-663.9468842508074
11672,11672,11.16719375,0.0063647220388463,(0.23626952093537246-0.2925397091171732j),,(0.23626952093537054-0.29253970911716987j),-663.1469482456861
11673,11673,11.16729375,0.0072934159532621,(-0.055332587643545775-0.029523786865113578j),,(-0.05533258764354885-0.02952378686511356j),-662.3470122405646
11674,11674,11.16739375,0.0062480382967848,(0.13942904541422574+0.13609754732049567j),,(0.13942904541422582+0.1360975473204959j),-661.5470762354431
11675,11675,11.167493749999998,0.0041977140693708,(0.04238989930390088+0.1717936720278982j),,(0.04238989930390137+0.1717936720278947j),-660.7471402303216
11676,11676,11.167593749999998,0.0047742156242435,(-0.6188573745474449-0.09224927741387227j),,(-0.6188573745474464-0.09224927741387429j),-659.9472042252002
11677,11677,11.16769375,0.0023667948327951,(-0.05405814827381575-0.04145440171375899j),,(-0.05405814827381417-0.04145440171376096j),-659.1472682200788
11678,11678,11.16779375,3.838451410335056e-05,(-0.015017406049724014-0.2641459624741812j),,(-0.015017406049725082-0.26414596247418287j),-658.3473322149573
11679,11679,11.16789375,-0.0002453041686676,(-0.13668372260138006-0.05766810798182752j),,(-0.13668372260138115-0.057668107981826824j),-657.5473962098358
11680,11680,11.16799375,-1.0062342652981877e-05,(-0.20388008075395891+0.23953294457527813j),,(-0.2038800807539572+0.239532944575278j),-656.7474602047143
11681,11681,11.16809375,0.0013025274499955,(-0.014181684865450107+0.0750131989944392j),,(-0.014181684865447894+0.07501319899443859j),-655.947524199593
11682,11682,11.16819375,0.0009510651467274,(0.1352568583864097-0.021211913971383528j),,(0.13525685838641072-0.02121191397138225j),-655.1475881944715
11683,11683,11.168293749999998,0.002807936783772,(-0.07358439042529981+0.23243309237165066j),,(-0.07358439042529888+0.23243309237165252j),-654.34765218935
11684,11684,11.16839375,0.004142880615505,(0.19277846084845274-0.1546988137310949j),,(0.19277846084845313-0.15469881373109096j),-653.5477161842285
11685,11685,11.16849375,0.0043995483201066,(-0.20005850342990483-0.3800594960728456j),,(-0.20005850342990678-0.3800594960728484j),-652.7477801791072
11686,11686,11.16859375,0.0050491393714964,(-0.2810695744210407+0.16231935836857792j),,(-0.2810695744210417+0.1623193583685799j),-651.9478441739857
11687,11687,11.16869375,0.003840465709171,(0.03707191226542359-0.4191299349845199j),,(0.037071912265419525-0.4191299349845223j),-651.1479081688642
11688,11688,11.16879375,0.0039947340256053,(0.02287341008840939-0.10430467830325964j),,(0.022873410088413492-0.1043046783032576j),-650.3479721637427
11689,11689,11.16889375,0.0041100454368612,(-0.14504799031226917+0.23434481819548697j),,(-0.14504799031226806+0.23434481819548605j),-649.5480361586212
11690,11690,11.168993749999998,0.0029667016618128,(0.15281543929918293-0.005702957192228984j),,(0.15281543929918207-0.0057029571922324815j),-648.7481001534999
11691,11691,11.169093749999998,0.0036827640406008,(-0.18874511016051973+0.07322454927659115j),,(-0.1887451101605209+0.073224549276589j),-647.9481641483784
11692,11692,11.16919375,0.0025965604032939,(-0.005991915500517489+0.135857623985337j),,(-0.005991915500515449+0.13585762398534137j),-647.1482281432569
11693,11693,11.16929375,0.0025779746812143,(0.07230836726791293-0.19630849535988182j),,(0.0723083672679131-0.19630849535987988j),-646.3482921381354
11694,11694,11.16939375,0.0028895760867706,(-0.12054946438448963+0.05182359067469292j),,(-0.12054946438449254+0.05182359067468862j),-645.5483561330141
11695,11695,11.16949375,0.0025602143813258,(0.051810074042432576+0.04278329787088583j),,(0.05181007404243561+0.042783297870885j),-644.7484201278926
11696,11696,11.16959375,0.004232683709667,(0.005186850022734821+0.16470352074406774j),,(0.005186850022738498+0.16470352074406874j),-643.9484841227711
11697,11697,11.16969375,0.002063311376392,(0.09729579969038914+0.1275010655711947j),,(0.09729579969038994+0.1275010655711972j),-643.1485481176496
11698,11698,11.169793749999998,0.0044286698988843,(0.18165616288742503-0.04870057455680142j),,(0.18165616288742248-0.04870057455679722j),-642.3486121125283
11699,11699,11.16989375,0.0043708479937686,(0.17824207688456276-0.13344676524292576j),,(0.17824207688456475-0.13344676524292173j),-641.5486761074068
11700,11700,11.16999375,0.0055656264965304,(-0.003764968912505792-0.019242499235867353j),,(-0.0037649689125060174-0.01924249923586984j),-640.7487401022853
11701,11701,11.17009375,0.0049211925049979,(-0.15701549965155576+0.21865406574230212j),,(-0.1570154996515585+0.21865406574230273j),-639.9488040971638
11702,11702,11.17019375,0.0069533326535021,(-0.10724089257914592+0.028263119441713974j),,(-0.10724089257914611+0.028263119441715952j),-639.1488680920423
11703,11703,11.17029375,0.007188088072253,(0.12013097839542831+0.01967442318001006j),,(0.12013097839542686+0.019674423180009226j),-638.348932086921
11704,11704,11.17039375,0.0069193401559577,(0.2969721586079409+0.12349932946011896j),,(0.2969721586079406+0.1234993294601223j),-637.5489960817995
11705,11705,11.17049375,0.0055781800902007,(0.5275814027533519+0.3317424471134732j),,(0.5275814027533539+0.33174244711347356j),-636.749060076678
11706,11706,11.170593749999998,0.0064015734607439,(-0.0293736285939955+0.11452693786947024j),,(-0.029373628593994276+0.11452693786947094j),-635.9491240715565
11707,11707,11.17069375,0.0067064243889779,(-0.2316284928133708-0.059019890714710414j),,(-0.23162849281337078-0.05901989071470903j),-635.1491880664352
11708,11708,11.17079375,0.0060330841241164,(-0.19159238932238742+0.08348699748051128j),,(-0.19159238932239142+0.08348699748050986j),-634.3492520613137
11709,11709,11.17089375,0.0050323214127678,(-0.4914280393447186+0.04385596914094114j),,(-0.491428039344718+0.04385596914094103j),-633.5493160561922
11710,11710,11.17099375,0.0047719636895768,(-0.3290035118402659+0.18989513479896714j),,(-0.3290035118402637+0.18989513479896947j),-632.7493800510707
11711,11711,11.17109375,0.0067332937728242,(0.17041782014669102-0.13921792895248217j),,(0.17041782014668927-0.13921792895247775j),-631.9494440459492
11712,11712,11.17119375,0.0072748213521421,(0.1555360233495717-0.1272573949044228j),,(0.1555360233495688-0.12725739490442195j),-631.1495080408279
11713,11713,11.171293749999998,0.0064635953480728,(-0.1507809013859005-0.1530530997907128j),,(-0.1507809013859008-0.15305309979070963j),-630.3495720357064
11714,11714,11.171393749999998,0.0071499309052179,(0.013039749117127616-0.3445456922615565j),,(0.013039749117129192-0.3445456922615563j),-629.5496360305849
11715,11715,11.17149375,0.0103033687979489,(0.20915526617379554-0.24125741440430631j),,(0.20915526617379618-0.24125741440430398j),-628.7497000254634
11716,11716,11.17159375,0.0117698158428074,(-0.07047064598252548-0.029849235908522044j),,(-0.07047064598253207-0.029849235908520087j),-627.9497640203421
11717,11717,11.17169375,0.008958876481217,(0.10382900866570782-0.09581324154115661j),,(0.1038290086657021-0.09581324154115331j),-627.1498280152206
11718,11718,11.17179375,0.0083170360597337,(0.17681632365492728-0.16395623919835745j),,(0.17681632365492495-0.16395623919835603j),-626.3498920100991
11719,11719,11.17189375,0.0074286484463273,(0.33095309470561307+0.011611735885051211j),,(0.3309530947056103+0.011611735885051322j),-625.5499560049776
11720,11720,11.17199375,0.009563805313636,(0.14758241572908437+0.02070475297498759j),,(0.1475824157290851+0.02070475297498748j),-624.7500199998562
11721,11721,11.172093749999998,0.0051442335769668,(0.07181414950311259-0.0370237719773801j),,(0.07181414950311558-0.037023771977381825j),-623.9500839947348
11722,11722,11.17219375,0.0061413666738988,(0.1521218405083714-0.06135831316978353j),,(0.15212184050837363-0.06135831316978681j),-623.1501479896133
11723,11723,11.17229375,0.0050419104389052,(0.17981365383814485+0.048340134987260405j),,(0.17981365383814155+0.04834013498725826j),-622.3502119844918
11724,11724,11.17239375,0.0077924761184645,(0.04273132099683599-0.06414435389079502j),,(0.042731320996835784-0.0641443538907947j),-621.5502759793703
11725,11725,11.17249375,0.0077957421074875,(0.0632853353737591+0.074026312971998j),,(0.06328533537376352+0.07402631297200105j),-620.750339974249
11726,11726,11.17259375,0.007741928172799,(-0.0327416326448387+0.03282005104610163j),,(-0.032741632644842866+0.03282005104610453j),-619.9504039691275
11727,11727,11.17269375,0.0082900834784593,(-0.07901078772224507+0.08070250729527796j),,(-0.07901078772224329+0.08070250729528199j),-619.150467964006
11728,11728,11.17279375,0.0092413574619083,(-0.12061755189537714+0.1167152479344068j),,(-0.1206175518953744+0.11671524793440316j),-618.3505319588845
11729,11729,11.172893749999998,0.0087612109042527,(0.052512856111174705-0.0021037022234103066j),,(0.052512856111172956-0.0021037022234045508j),-617.5505959537631
11730,11730,11.17299375,0.0097697218094255,(0.02806105717916744+0.1293553523999167j),,(0.02806105717917048+0.12935535239991586j),-616.7506599486417
11731,11731,11.17309375,0.0098623742384358,(-0.01883249059088861-0.0006841240816288113j),,(-0.0188324905908882-0.0006841240816274994j),-615.9507239435202
11732,11732,11.17319375,0.0088333194285252,(-0.08406693876941858-0.09180365275559633j),,(-0.08406693876941562-0.09180365275559829j),-615.1507879383987
11733,11733,11.17329375,0.0068959151689666,(-0.03586834584629409+0.039401289137911896j),,(-0.035868345846295446+0.0394012891379137j),-614.3508519332772
11734,11734,11.17339375,0.0058431886038063,(-0.3145137681954089-0.03521744050978454j),,(-0.3145137681954125-0.03521744050978405j),-613.5509159281559
11735,11735,11.17349375,0.0068389201579957,(0.11145415263056999-0.04232130509201071j),,(0.11145415263057215-0.042321305092008946j),-612.7509799230344
11736,11736,11.173593749999998,0.0065954859418445,(0.3128569745850588+0.2083751615435205j),,(0.3128569745850571+0.20837516154352279j),-611.9510439179129
11737,11737,11.173693749999998,0.0048406457233465,(-0.027448343374156064+0.0820353492646615j),,(-0.02744834337416005+0.08203534926465997j),-611.1511079127914
11738,11738,11.17379375,0.0057878401257747,(-0.12815635736660277+0.017026770711339317j),,(-0.12815635736660422+0.017026770711339623j),-610.35117190767
11739,11739,11.17389375,0.0070529485754277,(-0.09650691717248829-0.06362265084492646j),,(-0.09650691717249084-0.06362265084492519j),-609.5512359025486
11740,11740,11.17399375,0.0081605723258906,(0.22702082017015923-0.1332874921413469j),,(0.22702082017015968-0.13328749214134747j),-608.7512998974271
11741,11741,11.17409375,0.0084687421527767,(-0.13732576621231185+0.1715398437467014j),,(-0.13732576621231152+0.17153984374670142j),-607.9513638923056
11742,11742,11.17419375,0.0081432886016035,(-0.11525749453757365+0.045338885664481646j),,(-0.11525749453757388+0.04533888566448049j),-607.1514278871842
11743,11743,11.17429375,0.007753226985306,(-0.08159479159511063-0.12124820731674649j),,(-0.08159479159510943-0.12124820731674942j),-606.3514918820628
11744,11744,11.174393749999998,0.0057958335428683,(0.062227239231110426+0.10166805940101947j),,(0.06222723923111118+0.10166805940101961j),-605.5515558769413
11745,11745,11.17449375,0.0048683967380805,(0.07800764931623512+0.005191253212262631j),,(0.07800764931623579+0.005191253212263672j),-604.7516198718198
11746,11746,11.17459375,0.0043071853970276,(0.07937809644825664+0.021645748594875416j),,(0.07937809644825947+0.021645748594877j),-603.9516838666983
11747,11747,11.17469375,0.0041575899220386,(0.01332832441821376+0.07400914821042537j),,(0.013328324418215763+0.07400914821042495j),-603.151747861577
11748,11748,11.17479375,0.0026430744514335,(-0.062261726862131245-0.012614439537430206j),,(-0.06226172686212851-0.01261443953743248j),-602.3518118564555
11749,11749,11.17489375,0.004268667231381,(-0.08458359100299348+0.015534594592019786j),,(-0.08458359100298865+0.01553459459201937j),-601.551875851334
11750,11750,11.17499375,0.0037814702447808,(-0.07826883363361617-0.041465849075869324j),,(-0.07826883363361667-0.041465849075866305j),-600.7519398462125
11751,11751,11.175093749999998,0.0058420540548232,(-0.045746534208529276+0.04369010090491067j),,(-0.04574653420852799+0.04369010090490941j),-599.9520038410911
11752,11752,11.175193749999998,0.0041702565252957,(-0.18005573000720798+0.07499747186760555j),,(-0.1800557300072103+0.07499747186760197j),-599.1520678359697
11753,11753,11.17529375,0.0042899396489529,(-0.16181033090535546-0.006596641016197377j),,(-0.16181033090535135-0.006596641016196392j),-598.3521318308482
11754,11754,11.17539375,0.0039291128496452,(-0.032986484048827674+0.018877598049968993j),,(-0.03298648404882653+0.018877598049969642j),-597.5521958257267
11755,11755,11.17549375,0.005316458273267,(-0.08841355082422805-0.05453259965973025j),,(-0.08841355082422762-0.05453259965972608j),-596.7522598206053
11756,11756,11.17559375,0.0044236625916857,(-0.15785071444655197-0.041384665414372364j),,(-0.15785071444655138-0.04138466541437144j),-595.9523238154839
11757,11757,11.17569375,0.0027954793309228,(-0.014748506549695173-0.1455551167190844j),,(-0.014748506549689455-0.14555511671908386j),-595.1523878103624
11758,11758,11.17579375,0.0028457826763662,(0.19571170555878906-0.15115391877160125j),,(0.1957117055587898-0.15115391877159898j),-594.3524518052409
11759,11759,11.175893749999998,0.0035522350036477,(0.04439393968065467-0.06076554836210442j),,(0.04439393968065396-0.06076554836210592j),-593.5525158001194
11760,11760,11.17599375,0.0036256115357648,(0.13643560628980156-0.025941618975704274j),,(0.1364356062897999-0.02594161897569712j),-592.752579794998
11761,11761,11.17609375,0.0017224888811215,(-0.11968544092212295-0.017804950071276353j),,(-0.11968544092212621-0.01780495007127337j),-591.9526437898766
11762,11762,11.17619375,0.0023650710010136,(0.03632988884928458+0.05284245933146282j),,(0.03632988884928176+0.05284245933146349j),-591.1527077847551
11763,11763,11.17629375,0.0020598887874897,(0.03602945888948545-0.012387987364047726j),,(0.03602945888948941-0.012387987364048548j),-590.3527717796336
11764,11764,11.17639375,0.0014432051141443,(0.09769936568463734+0.09186239904983716j),,(0.0976993656846378+0.09186239904983662j),-589.5528357745122
11765,11765,11.17649375,0.0008819647909362,(0.06546252016711093+0.08933750447313177j),,(0.06546252016710938+0.0893375044731321j),-588.7528997693908
11766,11766,11.17659375,0.0020221748363058,(-0.06617791692257347+0.1790800382807081j),,(-0.06617791692257391+0.1790800382807119j),-587.9529637642693
11767,11767,11.176693749999998,0.0032941111322912,(-0.14650564727461332+0.046057917653675874j),,(-0.146505647274611+0.04605791765367293j),-587.1530277591478
11768,11768,11.17679375,0.0039787166819433,(-0.019917961191342717-0.052540062941720006j),,(-0.019917961191341687-0.05254006294171822j),-586.3530917540263
11769,11769,11.17689375,0.0037730972396797,(-0.12106463010790289+0.10176896861269434j),,(-0.12106463010790046+0.10176896861268883j),-585.5531557489049
11770,11770,11.17699375,0.0031150310906249,(-0.15736293736614118-0.0497928134581811j),,(-0.1573629373661393-0.0497928134581867j),-584.7532197437835
11771,11771,11.17709375,0.0046208986319231,(0.0010749008604470974+0.014213289423707724j),,(0.0010749008604528784+0.014213289423706709j),-583.953283738662
11772,11772,11.17719375,0.0038391268964918,(0.03357043258237604-0.044339524466162135j),,(0.033570432582375714-0.04433952446616334j),-583.1533477335405
11773,11773,11.17729375,0.0037159017276524,(-0.11553566928613082-0.03226593781238508j),,(-0.11553566928613371-0.032265937812386514j),-582.3534117284191
11774,11774,11.177393749999998,0.0032805594989688,(-0.0612324261040194-0.08221298655876554j),,(-0.06123242610402139-0.08221298655876946j),-581.5534757232977
11775,11775,11.177493749999998,0.0033405081063228,(0.015423455942646961-0.027843521052624755j),,(0.015423455942647463-0.02784352105262712j),-580.7535397181762
11776,11776,11.17759375,0.0023022364418575,(0.02966372279625405+0.042391757395807805j),,(0.029663722796256304+0.04239175739580767j),-579.9536037130547
11777,11777,11.17769375,0.0024849724230891,(-0.08901376131655185-0.03440601420446814j),,(-0.08901376131654956-0.0344060142044704j),-579.1536677079333
11778,11778,11.17779375,0.0038241817031094,(-0.06692535299214852-0.08344477190555236j),,(-0.06692535299214905-0.08344477190555155j),-578.3537317028118
11779,11779,11.17789375,0.0032552184600295,(-0.022999853016614953-0.07126515620856616j),,(-0.022999853016617514-0.07126515620856401j),-577.5537956976904
11780,11780,11.17799375,0.0019674113207012,(0.07093052432032199-0.03212971601916541j),,(0.07093052432032303-0.032129716019161134j),-576.7538596925689
11781,11781,11.17809375,0.0027230477740388,(-0.10252553569985384+0.025574212597378923j),,(-0.10252553569985579+0.02557421259738126j),-575.9539236874474
11782,11782,11.178193749999998,0.006556456002855,(0.11843764570605884+0.11437774978720074j),,(0.11843764570606385+0.11437774978720236j),-575.153987682326
11783,11783,11.17829375,0.0050334604594756,(-0.09791065105992049+0.08420562862941158j),,(-0.0979106510599196+0.08420562862941021j),-574.3540516772046
11784,11784,11.17839375,0.0058560485256142,(-0.058928408681740284+0.04650707591953278j),,(-0.05892840868173982+0.04650707591953622j),-573.5541156720831
11785,11785,11.17849375,0.0057274397164356,(0.04229689687187339-0.039680788986393774j),,(0.04229689687187413-0.03968078898639786j),-572.7541796669616
11786,11786,11.17859375,0.0068079441715833,(-0.023575673887103+0.13046215245315543j),,(-0.023575673887103746+0.13046215245315976j),-571.9542436618402
11787,11787,11.17869375,0.0056855729025402,(-0.04105644153195619+0.023326001108269403j),,(-0.041056441531957734+0.023326001108268546j),-571.1543076567187
11788,11788,11.17879375,0.006716202285428,(0.032905895127718326-0.0005737654266897742j),,(0.03290589512772348-0.000573765426694137j),-570.3543716515973
11789,11789,11.17889375,0.0062068242821283,(0.013491157041037136+0.042668594366295144j),,(0.013491157041037486+0.04266859436629622j),-569.5544356464758
11790,11790,11.178993749999998,0.0062129487622593,(-0.017396223477252164+0.14489549720911904j),,(-0.01739622347724991+0.1448954972091202j),-568.7544996413544
11791,11791,11.17909375,0.0064335435551683,(-0.057994124893065276-0.04636006839529863j),,(-0.05799412489307016-0.04636006839530164j),-567.9545636362329
11792,11792,11.17919375,0.0057808614754313,(0.03624425590293422-0.005521190573205928j),,(0.036244255902934855-0.005521190573209702j),-567.1546276311115
11793,11793,11.17929375,0.005992130044549,(-0.030452829728343577-0.031203894463803356j),,(-0.03045282972834139-0.031203894463804456j),-566.35469162599
11794,11794,11.17939375,0.0043793650410083,(-0.007742085458294031-0.09699956993012061j),,(-0.007742085458293048-0.09699956993012328j),-565.5547556208685
11795,11795,11.17949375,0.006769362993376,(0.02329771609308732-0.015462419705525525j),,(0.023297716093086902-0.015462419705527107j),-564.7548196157471
11796,11796,11.17959375,0.0072063719125494,(-0.05393648729920024+0.022361190655654006j),,(-0.05393648729919957+0.022361190655652834j),-563.9548836106256
11797,11797,11.179693749999998,0.0101123877855309,(-0.09790315880042168+0.047947975386078236j),,(-0.09790315880042184+0.04794797538607959j),-563.1549476055042
11798,11798,11.179793749999998,0.008444876872388,(-0.06747629415100961-0.028390331590524853j),,(-0.06747629415101158-0.028390331590522993j),-562.3550116003827
11799,11799,11.17989375,0.00964980165529,(-0.018927015140497105+0.017046393897543807j),,(-0.01892701514049739+0.01704639389754622j),-561.5550755952613
11800,11800,11.17999375,0.0107097389214439,(-0.09284415879288745-0.0355483930686417j),,(-0.09284415879289148-0.035548393068642534j),-560.7551395901398
11801,11801,11.18009375,0.0085495388112921,(-0.005837694392971795-0.04628115226725739j),,(-0.005837694392971854-0.046281152267254905j),-559.9552035850184
11802,11802,11.18019375,0.0087482651285476,(0.11472743078727186-0.021570575747067805j),,(0.11472743078727346-0.021570575747066886j),-559.1552675798969
11803,11803,11.18029375,0.0064176857701119,(-0.000761684123993939-0.007875054226580552j),,(-0.0007616841239945133-0.007875054226584053j),-558.3553315747754
11804,11804,11.18039375,0.0074265762008386,(0.002575740826787083+0.04242478335387063j),,(0.0025757408267871804+0.0424247833538726j),-557.555395569654
11805,11805,11.180493749999998,0.0057872782362523,(-0.07702345624034002-0.018245328085276343j),,(-0.07702345624033512-0.01824532808527627j),-556.7554595645325
11806,11806,11.18059375,0.0057574590420355,(-0.09077981832032159+0.06486435908238719j),,(-0.090779818320322+0.06486435908238665j),-555.9555235594111
11807,11807,11.18069375,0.0063256352440731,(-0.03996166104627118+0.1178771166628024j),,(-0.03996166104627159+0.11787711666280064j),-555.1555875542896
11808,11808,11.18079375,0.00663017428239,(-0.07124724367650889+0.025442066201380818j),,(-0.07124724367650853+0.02544206620137931j),-554.3556515491682
11809,11809,11.18089375,0.0072245780227948,(-0.02229398815818144-0.05108475894552732j),,(-0.02229398815817981-0.051084758945527164j),-553.5557155440467
11810,11810,11.18099375,0.0078357942963083,(0.01874633785268264+0.0539536043703715j),,(0.01874633785268126+0.05395360437037021j),-552.7557795389253
11811,11811,11.18109375,0.0096649758682554,(0.011392829741390498+0.019428310070192818j),,(0.011392829741391625+0.019428310070192623j),-551.9558435338038
11812,11812,11.181193749999998,0.0126029562397776,(-0.07599847369791705-0.0112884596874505j),,(-0.07599847369791476-0.011288459687456657j),-551.1559075286824
11813,11813,11.181293749999998,0.0106773865756452,(0.06212554229516162-0.016619298503660968j),,(0.06212554229516164-0.01661929850366177j),-550.3559715235609
11814,11814,11.18139375,0.01140998084792,(-0.04385302433816406-0.07951649791747295j),,(-0.04385302433816744-0.07951649791747442j),-549.5560355184394
11815,11815,11.18149375,0.0096555812210685,(0.018771261031693357+0.0899755395525409j),,(0.01877126103169322+0.08997553955254346j),-548.756099513318
11816,11816,11.18159375,0.0088618155421331,(-0.08224322510710427+0.011150266300065624j),,(-0.08224322510710548+0.011150266300065659j),-547.9561635081965
11817,11817,11.18169375,0.007684881015652,(-0.008955583044554134-0.07224112916771025j),,(-0.008955583044552629-0.07224112916771108j),-547.1562275030751
11818,11818,11.18179375,0.0053945114003659,(-0.08770828538589706+0.005286299907452066j),,(-0.08770828538589784+0.005286299907459435j),-546.3562914979536
11819,11819,11.18189375,0.0032214618525017,(-0.01110536071070208+0.009596890467027533j),,(-0.01110536071070193+0.009596890467027254j),-545.5563554928322
11820,11820,11.181993749999998,0.0021494192187462,(-0.02615997619328133-0.052218590831570356j),,(-0.02615997619328115-0.05221859083157203j),-544.7564194877107
11821,11821,11.18209375,0.0027441743374422,(0.07547366752296443+0.06463266402873805j),,(0.07547366752296575+0.06463266402873914j),-543.9564834825893
11822,11822,11.18219375,0.0043771977077573,(-0.008293203576362566-0.041493014911491315j),,(-0.008293203576362488-0.04149301491149124j),-543.1565474774678
11823,11823,11.18229375,0.0056280237387624,(-0.008951210456704009-0.010992259774590613j),,(-0.008951210456702871-0.010992259774592266j),-542.3566114723463
11824,11824,11.18239375,0.0065139380365416,(-0.05450412945934152-0.0020840484652070307j),,(-0.05450412945934154-0.002084048465201941j),-541.5566754672249
11825,11825,11.18249375,0.0101472284395405,(-0.041472730023382955-0.045365120177567816j),,(-0.04147273002338503-0.045365120177567726j),-540.7567394621035
11826,11826,11.18259375,0.010176250436489,(-0.03967622682106166-0.03690063973687683j),,(-0.03967622682106191-0.03690063973688111j),-539.956803456982
11827,11827,11.18269375,0.0090357195682021,(-0.002022386068090907-0.029002057843397704j),,(-0.0020223860680913773-0.02900205784339915j),-539.1568674518605
11828,11828,11.182793749999998,0.0057495104661354,(0.05739915093098103-0.05396578934659242j),,(0.057399150930977354-0.0539657893465944j),-538.356931446739
11829,11829,11.18289375,0.0074353681082495,(-0.051387610201019826+0.03691171447228036j),,(-0.051387610201017744+0.036911714472282434j),-537.5569954416176
11830,11830,11.18299375,0.0049582563382089,(-0.09541023427251971+0.07733777531995308j),,(-0.09541023427251713+0.07733777531995005j),-536.7570594364962
11831,11831,11.18309375,0.0066764239756543,(-0.058675786377111974-0.025973424318794687j),,(-0.05867578637710803-0.02597342431879683j),-535.9571234313747
11832,11832,11.18319375,0.0027803467255844,(-0.05510093193321176-0.06441677676892402j),,(-0.05510093193321116-0.06441677676892342j),-535.1571874262532
11833,11833,11.18329375,0.0022200138347714,(0.05267734865972388-0.008590186765701443j),,(0.05267734865972541-0.008590186765702699j),-534.3572514211318
11834,11834,11.18339375,0.0007319983183911,(-0.07030849878286886+0.044001334690879954j),,(-0.07030849878286717+0.04400133469088031j),-533.5573154160104
11835,11835,11.183493749999998,0.0015792127341409,(-0.12164410812061036+0.11150892883224568j),,(-0.12164410812061138+0.1115089288322486j),-532.7573794108889
11836,11836,11.183593749999998,0.0020628198132458,(-0.04789149635107679+0.0954006415709114j),,(-0.04789149635107511+0.0954006415709167j),-531.9574434057674
11837,11837,11.18369375,0.0019156849224962,(-0.06513734675252246+0.10651207061507292j),,(-0.06513734675252354+0.10651207061507596j),-531.157507400646
11838,11838,11.18379375,0.0038560354037674,(0.06911368753611163+0.06133527298471128j),,(0.0691136875361069+0.061335272984712315j),-530.3575713955245
11839,11839,11.18389375,0.005510273811455,(-0.008404548543025999-0.010796097162844888j),,(-0.008404548543023973-0.010796097162845304j),-529.5576353904031
11840,11840,11.18399375,0.0065732783801213,(-0.043640379407989476-0.061057968035960856j),,(-0.04364037940798944-0.061057968035959816j),-528.7576993852816
11841,11841,11.18409375,0.0062740700937281,(-0.020900133074665126+0.03051400327052433j),,(-0.020900133074666545+0.030514003270521735j),-527.9577633801601
11842,11842,11.18419375,0.0055897878459593,(-0.1042892674764644-0.1678839102788692j),,(-0.10428926747646709-0.16788391027886812j),-527.1578273750387
11843,11843,11.184293749999998,0.0040131132653191,(-0.0943291018812342-0.03185544623820641j),,(-0.0943291018812386-0.03185544623820734j),-526.3578913699173
11844,11844,11.18439375,0.0055120628292403,(-0.003461173931592931+0.0285981998448637j),,(-0.0034611739315950217+0.02859819984486257j),-525.5579553647958
11845,11845,11.18449375,0.0048781131842801,(0.00028714188106914763-0.06915699733672821j),,(0.00028714188106946856-0.06915699733672727j),-524.7580193596743
11846,11846,11.18459375,0.0014300354104715,(0.06131202844790666-0.030734253833400685j),,(0.06131202844790443-0.03073425383340265j),-523.9580833545529
11847,11847,11.18469375,0.0015467107098449,(-0.00019784557757094538+0.004452955368199634j),,(-0.00019784557757053295+0.004452955368195902j),-523.1581473494315
11848,11848,11.18479375,-0.0013683299380134,(-0.06480909851816365+0.08776377880349792j),,(-0.0648090985181644+0.08776377880349727j),-522.35821134431
11849,11849,11.18489375,0.0010310183391858,(0.020898151517026516-0.03584501498899426j),,(0.020898151517028195-0.03584501498899309j),-521.5582753391885
11850,11850,11.18499375,-0.0005984700919792,(0.03269462852731858+0.02724768830938183j),,(0.03269462852732285+0.027247688309374435j),-520.758339334067
11851,11851,11.185093749999998,-0.000718764067234,(0.07908147239235801-0.020917113468701277j),,(0.0790814723923588-0.020917113468703397j),-519.9584033289456
11852,11852,11.18519375,0.0001251422111301,(0.03249299925417381+0.01601010457613849j),,(0.032492999254174225+0.016010104576137253j),-519.1584673238242
11853,11853,11.18529375,0.0054110615042928,(-0.05078538661713638+0.00032637937468559496j),,(-0.05078538661713561+0.00032637937468456626j),-518.3585313187027
11854,11854,11.18539375,0.0066571794921427,(-0.0554218120256567-0.10920819874301399j),,(-0.05542181202566035-0.10920819874301467j),-517.5585953135812
11855,11855,11.18549375,0.0060424930693329,(0.076892117927705-0.18709425939773494j),,(0.0768921179277086-0.18709425939773253j),-516.7586593084598
11856,11856,11.18559375,0.003983886935326,(-0.01386390781171229-0.045771829389834845j),,(-0.01386390781171229-0.04577182938983343j),-515.9587233033384
11857,11857,11.18569375,0.0071645533759375,(-0.1195645894898691+0.053507261047231004j),,(-0.11956458948986834+0.05350726104723112j),-515.1587872982169
11858,11858,11.185793749999998,0.0068873125120183,(-0.08412918381165496+0.07121046114373192j),,(-0.0841291838116572+0.07121046114372827j),-514.3588512930954
11859,11859,11.185893749999998,0.0053463140669519,(-0.03727662848539778+0.03979276629073609j),,(-0.03727662848539342+0.03979276629073198j),-513.558915287974
11860,11860,11.18599375,0.0014592447886455,(-0.021719760494756192+0.00821198291466128j),,(-0.021719760494753784+0.008211982914661737j),-512.7589792828526
11861,11861,11.18609375,-0.0006673891785472,(0.028905595469850307-0.038517229027049876j),,(0.02890559546984982-0.03851722902705159j),-511.9590432777311
11862,11862,11.18619375,0.0009408413364284,(-0.0627249312094283-0.06863730856403083j),,(-0.06272493120942996-0.06863730856402973j),-511.1591072726096
11863,11863,11.18629375,0.0015754106666776,(-0.03952466597173446+0.056335303261811805j),,(-0.03952466597173299+0.056335303261810694j),-510.35917126748814
11864,11864,11.18639375,0.0017354907330999,(0.009818120986681445+0.003293246830577499j),,(0.009818120986678898+0.0032932468305779663j),-509.5592352623667
11865,11865,11.18649375,0.0016845483304864,(-0.15175797064809793-0.030402335986519625j),,(-0.15175797064809637-0.030402335986520493j),-508.75929925724523
11866,11866,11.186593749999998,0.0051275654785314,(0.030801391998723164+0.09258539868458218j),,(0.03080139199872154+0.09258539868458446j),-507.9593632521238
11867,11867,11.18669375,0.0073590634114107,(-0.005502034534395447-0.09687499299431053j),,(-0.005502034534392838-0.09687499299431358j),-507.1594272470023
11868,11868,11.18679375,0.0083274613057392,(-0.0001423547853926471+0.01655875534301399j),,(-0.00014235478539258422+0.01655875534301654j),-506.3594912418809
11869,11869,11.18689375,0.0074263873429521,(-0.006911606890777116+0.005025959461847184j),,(-0.006911606890772937+0.005025959461848017j),-505.5595552367594
11870,11870,11.18699375,0.007756544097803,(-0.05840390156341704+0.0275672527397708j),,(-0.058403901563418306+0.027567252739770984j),-504.759619231638
11871,11871,11.18709375,0.0066530886751704,(-0.05367443131468236+0.06336375346110922j),,(-0.05367443131468591+0.06336375346110554j),-503.9596832265165
11872,11872,11.18719375,0.0084093972358645,(0.009293322358422833+0.08142334395070265j),,(0.009293322358424831+0.08142334395070562j),-503.1597472213951
11873,11873,11.187293749999998,0.0069999688957331,(-0.007189801071554706+0.1407034760800588j),,(-0.007189801071552145+0.1407034760800595j),-502.3598112162736
11874,11874,11.187393749999998,0.006402755018004,(-0.06072888369638521+0.09524662821969018j),,(-0.06072888369638335+0.09524662821968878j),-501.55987521115213
11875,11875,11.18749375,0.0055773281388575,(0.1943942109588615-0.0905746154178419j),,(0.19439421095886217-0.09057461541784328j),-500.7599392060307
11876,11876,11.18759375,0.0053992418796738,(-0.11374210864622789-0.04369136094521826j),,(-0.1137421086462243-0.043691360945216064j),-499.9600032009092
11877,11877,11.18769375,0.0055567680748249,(-0.06376055628152352-0.07900693175932233j),,(-0.0637605562815233-0.0790069317593157j),-499.1600671957878
11878,11878,11.18779375,0.0055107577474173,(-0.040148669755328825-0.033788240832289596j),,(-0.040148669755325876-0.033788240832291164j),-498.3601311906663
11879,11879,11.18789375,0.0042750098127243,(-0.024232987190867056+0.002400763693406547j),,(-0.02423298719086988+0.0024007636934042943j),-497.5601951855449
11880,11880,11.18799375,0.0083844534810235,(0.07174971350392884-0.0924403083005392j),,(0.07174971350393199-0.09244030830054326j),-496.7602591804234
11881,11881,11.188093749999998,0.0097935774733052,(0.014006671171812687+0.11737136406139284j),,(0.014006671171811015+0.1173713640613937j),-495.960323175302
11882,11882,11.18819375,0.010910676866105,(0.025327479858759973-0.11013026366490052j),,(0.02532747985875946-0.11013026366490354j),-495.1603871701805
11883,11883,11.18829375,0.0106914780088333,(-0.040508974314480986-0.07401525016832523j),,(-0.040508974314482776-0.07401525016832666j),-494.3604511650591
11884,11884,11.18839375,0.0100476300622265,(0.06340907527390774+0.04588182703501416j),,(0.06340907527390528+0.045881827035018696j),-493.5605151599376
11885,11885,11.18849375,0.0088502198208324,(-0.027443978143220124-0.03444643566024634j),,(-0.027443978143220523-0.03444643566024436j),-492.7605791548161
11886,11886,11.18859375,0.0094235836855394,(-0.11353967494296469-0.043291051071599834j),,(-0.11353967494296555-0.04329105107160218j),-491.9606431496947
11887,11887,11.18869375,0.0102998618982505,(0.1401898980760528-0.07624216760266506j),,(0.14018989807605453-0.07624216760266267j),-491.1607071445732
11888,11888,11.18879375,0.0054173740261768,(0.20585866462144772-0.041131703922035745j),,(0.20585866462144853-0.04113170392203934j),-490.3607711394518
11889,11889,11.188893749999998,0.0045699134625381,(-0.02449652286519592+0.015501084353368711j),,(-0.02449652286519377+0.015501084353368291j),-489.5608351343303
11890,11890,11.18899375,0.0043840979617581,(-0.08061505866496967+0.08714587659892556j),,(-0.0806150586649716+0.08714587659892768j),-488.7608991292089
11891,11891,11.18909375,0.0066855507377459,(0.059393885616247144+0.14400104314226134j),,(0.05939388561624862+0.14400104314225992j),-487.9609631240874
11892,11892,11.18919375,0.0045394170680598,(0.18618747697315763+0.06406841885996938j),,(0.18618747697315763+0.06406841885996586j),-487.161027118966
11893,11893,11.18929375,0.0043548453840136,(-0.10309679877308717+0.07676770044001271j),,(-0.10309679877308829+0.07676770044001399j),-486.3610911138445
11894,11894,11.18939375,0.0079616038049014,(0.006314037701546482-0.06939624279404183j),,(0.006314037701550154-0.0693962427940436j),-485.5611551087231
11895,11895,11.18949375,0.0078188787810686,(-0.08056706860188309-0.012073035611290677j),,(-0.08056706860188023-0.012073035611290757j),-484.7612191036016
11896,11896,11.189593749999998,0.010868486037627,(-0.15977349435394583+0.0314151270015362j),,(-0.15977349435394733+0.031415127001538354j),-483.9612830984801
11897,11897,11.189693749999998,0.010468260721752,(0.022691871443315963-0.026932751194782834j),,(0.022691871443314655-0.02693275119478248j),-483.1613470933587
11898,11898,11.18979375,0.0111053095935352,(0.1255742106919021-0.163670405043669j),,(0.12557421069190064-0.16367040504367103j),-482.3614110882372
11899,11899,11.18989375,0.0092782633202017,(0.05392558397255996-0.028211475032846735j),,(0.053925583972557714-0.028211475032844706j),-481.5614750831158
11900,11900,11.18999375,0.0095236825760572,(0.1977808605923992-0.2549457115087238j),,(0.19778086059239663-0.25494571150872714j),-480.7615390779943
11901,11901,11.19009375,0.0073510030196807,(-0.202177025348294+0.7214887410750958j),,(-0.20217702534829507+0.7214887410750918j),-479.9616030728729
11902,11902,11.19019375,0.0069085122826932,(-0.1072322471169544+0.19853757024352253j),,(-0.10723224711695478+0.19853757024352603j),-479.1616670677514
11903,11903,11.19029375,0.001060060429923,(0.09385223138036039+0.12670386589200186j),,(0.09385223138035917+0.12670386589200058j),-478.36173106263
11904,11904,11.190393749999998,0.0022088706808569,(-0.11150898549963588+0.03549462713035328j),,(-0.11150898549963309+0.035494627130358475j),-477.5617950575085
11905,11905,11.19049375,0.0023923843383998,(-0.03361208518078177-0.04268300043757645j),,(-0.03361208518077821-0.042683000437574795j),-476.7618590523871
11906,11906,11.19059375,0.005369460609264,(0.014058773454594858-0.008383898241239023j),,(0.014058773454600713-0.008383898241239952j),-475.9619230472656
11907,11907,11.19069375,0.0044548675861852,(0.00022355360033428362+0.15924271529693057j),,(0.00022355360033513016+0.15924271529693002j),-475.1619870421442
11908,11908,11.19079375,0.0041523743554731,(0.017381123594908548+0.0029759145683532755j),,(0.017381123594912663+0.002975914568354907j),-474.3620510370227
11909,11909,11.19089375,0.0098034269019171,(0.0032783540570131327-0.10526977672557082j),,(0.003278354057011254-0.1052697767255723j),-473.5621150319012
11910,11910,11.19099375,0.0109486244835514,(-0.0481867080745107+0.17772426676526024j),,(-0.04818670807451451+0.17772426676526124j),-472.7621790267798
11911,11911,11.19109375,0.0122440920018536,(0.05169012853938351+0.006636991174589175j),,(0.051690128539386336+0.00663699117459016j),-471.9622430216583
11912,11912,11.191193749999998,0.0085272961724403,(0.049972777138862085-0.06245394287596392j),,(0.049972777138866865-0.06245394287596391j),-471.1623070165369
11913,11913,11.19129375,0.0095225888113695,(-0.08576370177854853-0.09874851042787834j),,(-0.08576370177854623-0.09874851042787881j),-470.3623710114154
11914,11914,11.19139375,0.008617671986436,(0.03593253803398923+0.06646951625464895j),,(0.03593253803398818+0.06646951625464748j),-469.562435006294
11915,11915,11.19149375,0.0066021937307365,(-0.08369735744290896+0.07710701400619348j),,(-0.08369735744290742+0.07710701400619285j),-468.7624990011725
11916,11916,11.19159375,0.0032596461939808,(-0.01517196234395728-0.06222883814091265j),,(-0.015171962343956829-0.062228838140911714j),-467.9625629960511
11917,11917,11.19169375,0.000262482308193,(0.10186845464421967-0.005325360730536785j),,(0.10186845464421815-0.005325360730536084j),-467.1626269909296
11918,11918,11.19179375,-0.001578295808548,(0.017659619220523504+0.015361018823221603j),,(0.01765961922052256+0.015361018823226259j),-466.3626909858082
11919,11919,11.191893749999998,-0.0023987827464085,(0.003262861654158948+0.04819482448406675j),,(0.0032628616541578847+0.04819482448406552j),-465.5627549806867
11920,11920,11.19199375,0.0022755262639253,(0.1070076277604161+0.06310414020422121j),,(0.10700762776041294+0.06310414020421395j),-464.7628189755652
11921,11921,11.19209375,-0.0001244334968456,(-0.03330074128434586+0.01145932101517229j),,(-0.03330074128434562+0.011459321015169553j),-463.9628829704438
11922,11922,11.19219375,0.004361347523141,(-0.009647358654636378-0.007433826255092027j),,(-0.00964735865463804-0.007433826255090969j),-463.1629469653223
11923,11923,11.19229375,0.0027772305909879,(0.0037417634504747777+0.03906731909627052j),,(0.0037417634504774526+0.0390673190962732j),-462.3630109602009
11924,11924,11.19239375,0.0096278811881125,(-0.08435855574233125+0.06458909610746619j),,(-0.08435855574233417+0.0645890961074686j),-461.5630749550794
11925,11925,11.19249375,0.008670823474708,(-0.0043964126558602434+0.06254504328986932j),,(-0.004396412655860872+0.06254504328986989j),-460.763138949958
11926,11926,11.19259375,0.0104558392766393,(-0.021421919764418408+0.014367862258332621j),,(-0.021421919764418183+0.014367862258328645j),-459.9632029448365
11927,11927,11.192693749999998,0.0056890699436511,(-0.09512142954176028+0.001049159537821573j),,(-0.09512142954175895+0.0010491595378182839j),-459.1632669397151
11928,11928,11.19279375,0.004527278589874,(-0.08989113947269894-0.09535278655913287j),,(-0.08989113947269724-0.09535278655913432j),-458.3633309345936
11929,11929,11.19289375,0.0042353427828316,(0.014662366835441611-0.025834415508648297j),,(0.014662366835444534-0.02583441550864711j),-457.56339492947217
11930,11930,11.19299375,0.0018423892775527,(0.0666941577685384-0.05385731613819278j),,(0.06669415776853552-0.053857316138189934j),-456.7634589243507
11931,11931,11.19309375,0.0009031545070481,(0.08564958636595574-0.08891102009664915j),,(0.08564958636595146-0.08891102009664745j),-455.9635229192292
11932,11932,11.19319375,-0.0025973516848482,(-0.09615533992726284+0.20886483731763023j),,(-0.09615533992726528+0.2088648373176284j),-455.1635869141078
11933,11933,11.19329375,-0.0023745742102987,(-0.10497806117476627-0.08714912027574308j),,(-0.10497806117476431-0.08714912027574068j),-454.3636509089863
11934,11934,11.193393749999998,-0.0029839296564746,(-0.0889467714671333-0.012078604905712685j),,(-0.08894677146713535-0.012078604905709292j),-453.5637149038649
11935,11935,11.193493749999998,0.0012249568901693,(-0.0552121547313981+0.004812390126974526j),,(-0.05521215473139972+0.004812390126973128j),-452.7637788987434
11936,11936,11.19359375,-0.000928841555881,(-0.10812367487965467-0.04756567948615785j),,(-0.1081236748796592-0.04756567948615653j),-451.963842893622
11937,11937,11.19369375,0.0016058460530305,(-0.04089711207461854+0.0167325524212198j),,(-0.04089711207461699+0.016732552421227596j),-451.1639068885005
11938,11938,11.19379375,0.0039393221568713,(-0.003022977400911831-0.028670134476235197j),,(-0.0030229774009105474-0.028670134476235107j),-450.36397088337907
11939,11939,11.19389375,0.0074429730063678,(-0.125949577579247+0.00829604905699391j),,(-0.12594957757925032+0.008296049056995387j),-449.5640348782576
11940,11940,11.19399375,0.0088110790223853,(-0.0956120119856443-0.06924266437788804j),,(-0.09561201198564279-0.0692426643778882j),-448.76409887313616
11941,11941,11.19409375,0.0077690957736514,(-0.12128862816238736-0.027522359869595725j),,(-0.1212886281623885-0.027522359869596943j),-447.9641628680147
11942,11942,11.194193749999998,0.006744932504447,(-0.022774321527862598+0.043157897458081663j),,(-0.02277432152786241+0.04315789745807836j),-447.16422686289326
11943,11943,11.19429375,0.0057115203796689,(0.024261861945536763+0.03168384998502548j),,(0.02426186194553878+0.03168384998502055j),-446.3642908577718
11944,11944,11.19439375,0.0049053531132252,(-0.0024146899048004683+0.09537977003807119j),,(-0.0024146899048024043+0.09537977003807174j),-445.5643548526503
11945,11945,11.19449375,0.0009587056891419,(0.0802720066544825+0.04059041296119252j),,(0.08027200665448221+0.0405904129611878j),-444.7644188475289
11946,11946,11.19459375,-0.0008949532294541,(0.009187204153574617-0.02928302646315858j),,(0.0091872041535772-0.029283026463160968j),-443.9644828424074
11947,11947,11.19469375,-0.0017850913268462,(-0.06214329294178231-0.03116337258055394j),,(-0.06214329294178548-0.031163372580551022j),-443.16454683728597
11948,11948,11.19479375,0.0022877181538815,(0.02491878700509575+0.0036058104379766307j),,(0.024918787005096664+0.0036058104379776738j),-442.3646108321645
11949,11949,11.19489375,0.0007309862184782,(-0.054720774220951916+0.11641023609264524j),,(-0.054720774220952034+0.1164102360926449j),-441.56467482704306
11950,11950,11.194993749999998,0.0025210516350212,(0.07675348552746372+0.03407316574993534j),,(0.07675348552746698+0.034073165749936685j),-440.7647388219216
11951,11951,11.19509375,0.0054149703316376,(-0.12824246888223392-0.1566834416989308j),,(-0.12824246888223081-0.15668344169893034j),-439.96480281680016
11952,11952,11.19519375,0.006579354919663,(-0.07517456304354457-0.05298346832432543j),,(-0.07517456304354422-0.05298346832432681j),-439.1648668116787
11953,11953,11.19529375,0.0081969828969503,(-0.07303833241504196-0.0741137123345829j),,(-0.07303833241504357-0.07411371233458099j),-438.36493080655725
11954,11954,11.19539375,0.0099698712559547,(0.0683398831939833-0.03946622779686531j),,(0.06833988319398482-0.039466227796870326j),-437.5649948014358
11955,11955,11.19549375,0.0114335947394672,(-0.0087672507726538+0.059487928437232385j),,(-0.008767250772655798+0.0594879284372328j),-436.7650587963143
11956,11956,11.19559375,0.0105359324935721,(0.04999394606126797+0.08215742505039955j),,(0.04999394606127011+0.08215742505040147j),-435.96512279119287
11957,11957,11.195693749999998,0.0091961985619301,(0.0062358986197001975+0.037642335384198054j),,(0.006235898619698909+0.037642335384194175j),-435.1651867860714
11958,11958,11.195793749999998,0.0089994479114912,(0.010301065247262719-0.007330828080680066j),,(0.010301065247263205-0.0073308280806781995j),-434.36525078094996
11959,11959,11.19589375,0.005936223633492,(-0.08308226697930218+0.1307946158408425j),,(-0.08308226697930535+0.1307946158408415j),-433.5653147758285
11960,11960,11.19599375,0.004467371015102,(0.0009659258255996974-0.0512718547870841j),,(0.0009659258255969184-0.0512718547870861j),-432.76537877070706
11961,11961,11.19609375,0.0022284203144477,(0.07648324107288033-0.040675189436515546j),,(0.07648324107288298-0.040675189436516546j),-431.9654427655856
11962,11962,11.19619375,0.0033838434090139,(-0.010270107425074941+0.03419838269744011j),,(-0.010270107425076423+0.03419838269744202j),-431.16550676046415
11963,11963,11.19629375,0.005443161746178,(-0.030747125566083396+0.017451669508979965j),,(-0.03074712556608234+0.017451669508980732j),-430.3655707553427
11964,11964,11.19639375,0.006170383755931,(-0.08633282753610944+0.048764806939231874j),,(-0.08633282753610476+0.04876480693923015j),-429.56563475022125
11965,11965,11.196493749999998,0.0078280281682665,(-0.05602659329781274-0.0949896091641977j),,(-0.05602659329781373-0.0949896091642007j),-428.76569874509977
11966,11966,11.19659375,0.0074817797986529,(-0.010052136398781095+0.01821904190276159j),,(-0.010052136398778796+0.018219041902765014j),-427.9657627399783
11967,11967,11.19669375,0.0117409840074118,(0.008030134354731341+0.03166209028071004j),,(0.008030134354729442+0.031662090280714754j),-427.16582673485686
11968,11968,11.19679375,0.0128059381970178,(-0.005584036307961759+0.035272412542259726j),,(-0.005584036307961384+0.035272412542261j),-426.3658907297354
11969,11969,11.19689375,0.0115600963374961,(0.016050687723245895-0.03228624735416386j),,(0.016050687723242557-0.03228624735416338j),-425.56595472461396
11970,11970,11.19699375,0.0099605530724942,(0.006826788305491625-0.14646628765346054j),,(0.006826788305490054-0.14646628765345787j),-424.7660187194925
11971,11971,11.19709375,0.0094729283615438,(-0.06293595442814051-0.04050442904316591j),,(-0.06293595442814189-0.04050442904316147j),-423.96608271437105
11972,11972,11.19719375,0.0088001498292429,(-0.03943110834664529+0.03416441603458523j),,(-0.039431108346648425+0.03416441603458538j),-423.1661467092496
11973,11973,11.197293749999998,0.0064716177577817,(0.010047886139992239-0.010957523831929732j),,(0.010047886139990376-0.010957523831931229j),-422.36621070412815
11974,11974,11.19739375,0.0052725010712468,(0.024051403170760544+0.037772255350143j),,(0.024051403170759482+0.03777225535014392j),-421.56627469900667
11975,11975,11.19749375,0.0038816066786309,(-0.013338765807731015-0.053436633852662355j),,(-0.013338765807732354-0.05343663385266136j),-420.76633869388525
11976,11976,11.19759375,0.0059849201740843,(-0.004764306504523308+0.019884349373880155j),,(-0.004764306504524103+0.01988434937388258j),-419.96640268876376
11977,11977,11.19769375,0.004485753011853,(-0.03240193518378884+0.0004888795446424715j),,(-0.03240193518378983+0.0004888795446420595j),-419.16646668364234
11978,11978,11.19779375,0.0047002331239854,(-0.002020290262067558-0.025010520227780372j),,(-0.0020202902620682864-0.025010520227783432j),-418.36653067852086
11979,11979,11.19789375,0.0047953550516835,(-0.054153751695248234-0.037987359964636494j),,(-0.054153751695253625-0.03798735996464091j),-417.5665946733994
11980,11980,11.197993749999998,0.0080076585797006,(0.030771194454664315+0.02728267663026558j),,(0.030771194454663312+0.02728267663026354j),-416.76665866827796
11981,11981,11.19809375,0.0104483528505986,(0.02094636057098653-0.0016195202677613627j),,(0.02094636057099098-0.0016195202677627037j),-415.9667226631565
11982,11982,11.19819375,0.0109750112291181,(-0.032632616862897146-0.004205183819607584j),,(-0.032632616862896036-0.004205183819610331j),-415.16678665803505
11983,11983,11.19829375,0.0118564591229294,(-0.05545339930626727-0.05351095526709536j),,(-0.05545339930626697-0.05351095526709663j),-414.36685065291357
11984,11984,11.19839375,0.0097087024570889,(0.02768395392404758+0.03209757957945301j),,(0.027683953924047478+0.032097579579457934j),-413.56691464779215
11985,11985,11.19849375,0.0096017413637953,(-0.03875716584102974+0.05975452508163924j),,(-0.038757165841030054+0.0597545250816403j),-412.76697864267067
11986,11986,11.19859375,0.008100598866525,(-0.05350780562759223+0.037696396014735345j),,(-0.05350780562759032+0.037696396014738655j),-411.96704263754924
11987,11987,11.19869375,0.0081622159436183,(-0.021682773379181636+0.07750112814893954j),,(-0.0216827733791764+0.07750112814894258j),-411.16710663242776
11988,11988,11.198793749999998,0.0042926203173685,(0.016724498815835705+0.01031361134128549j),,(0.016724498815834633+0.010313611341287823j),-410.36717062730634
11989,11989,11.19889375,0.0037714899648015,(-0.016983444921456568-0.043763665869582254j),,(-0.01698344492145383-0.04376366586958111j),-409.56723462218486
11990,11990,11.19899375,0.0033571351190437,(0.018821407605519216+0.023818016013132035j),,(0.018821407605513436+0.023818016013134012j),-408.7672986170634
11991,11991,11.19909375,0.004822762405456,(0.0372287304334472+0.03054065481902305j),,(0.037228730433449174+0.03054065481902226j),-407.96736261194195
11992,11992,11.19919375,0.003947433631599,(0.047009617468131475-0.09493249604158868j),,(0.04700961746813184-0.09493249604158796j),-407.16742660682047
11993,11993,11.19929375,0.0039266724441068,(0.05249073534270031+0.07737592055714825j),,(0.05249073534270163+0.07737592055714504j),-406.36749060169905
11994,11994,11.19939375,0.0054666310380854,(0.027842062598325064+0.07761396222299737j),,(0.02784206259832795+0.07761396222299664j),-405.56755459657757
11995,11995,11.199493749999998,0.0078091535773581,(-0.02781357475899333+0.08006996784236947j),,(-0.02781357475899114+0.08006996784236318j),-404.76761859145614
11996,11996,11.199593749999998,0.0099919752544784,(0.04464680352930865+0.07782763823176961j),,(0.04464680352930628+0.07782763823177094j),-403.96768258633466
11997,11997,11.19969375,0.0092908534673376,(0.03529727187382228+0.024711474620292086j),,(0.035297271873827425+0.02471147462028636j),-403.16774658121324
11998,11998,11.19979375,0.0083966524776811,(-0.028466378889188702+0.05641734795407213j),,(-0.028466378889189556+0.056417347954074715j),-402.36781057609176
11999,11999,11.19989375,0.0070459957939607,(-0.009030780030991602-0.04500813749613073j),,(-0.009030780030990178-0.0450081374961301j),-401.56787457097033
12000,12000,11.19999375,0.0072492303948252,(0.01619495441883068-0.037549869867270255j),,(0.01619495441883103-0.03754986986727032j),-400.76793856584885
12001,12001,11.20009375,0.0045755271867993,(-0.006538849101615979+0.0020224827658570413j),,(-0.006538849101617694+0.0020224827658558947j),-399.96800256072737
12002,12002,11.20019375,0.0012222672345593,(-0.028207451123471297+0.03941959019271951j),,(-0.028207451123471054+0.03941959019272439j),-399.16806655560595
12003,12003,11.200293750000002,-0.0009503307848798,(-0.025207250768999993+0.05230620903026285j),,(-0.025207250768994383+0.05230620903026214j),-398.36813055048447
12004,12004,11.200393750000002,0.0003311426173339,(0.010892990259621205+0.045864774744134584j),,(0.010892990259625764+0.0458647747441328j),-397.56819454536304
12005,12005,11.20049375,0.0013058688314113,(-0.05632338475838717-0.01954593850649226j),,(-0.05632338475838637-0.019545938506492264j),-396.76825854024156
12006,12006,11.20059375,0.0017602006197475,(-0.047708759840229376+0.034501647911213844j),,(-0.047708759840230444+0.03450164791122211j),-395.96832253512014
12007,12007,11.20069375,0.0024362612203774,(-0.015939278474097204-0.0015404549858377562j),,(-0.01593927847409725-0.0015404549858361678j),-395.16838652999866
12008,12008,11.20079375,0.0041787751762121,(0.022057109144612896-0.0470578906295762j),,(0.022057109144614985-0.047057890629574314j),-394.36845052487723
12009,12009,11.20089375,0.0054017259187654,(-0.11150831858341553-0.0017595807698526228j),,(-0.11150831858341716-0.0017595807698563837j),-393.56851451975575
12010,12010,11.20099375,0.0054388093300063,(-0.05822420638700334-0.013338011066495743j),,(-0.05822420638700093-0.013338011066496479j),-392.7685785146343
12011,12011,11.201093750000002,0.0063081798952771,(0.05451115987725763+0.0012956902456076475j),,(0.054511159877258936+0.0012956902456104438j),-391.96864250951285
12012,12012,11.201193750000002,0.0034256555866522,(-0.046214703485568706+0.03934868809316395j),,(-0.0462147034855698+0.03934868809316226j),-391.1687065043914
12013,12013,11.20129375,0.0023629335711985,(-0.016398423487809205+0.022939218788472836j),,(-0.016398423487810204+0.022939218788469766j),-390.36877049926994
12014,12014,11.20139375,0.0047663670703546,(0.04592307550890111-0.10052030766749272j),,(0.04592307550890222-0.10052030766749702j),-389.56883449414846
12015,12015,11.20149375,0.0042514636306548,(-0.01444811486541836+0.058580909136985146j),,(-0.014448114865421087+0.05858090913698743j),-388.76889848902704
12016,12016,11.20159375,0.0015735021267021,(0.031113608975189985-0.008041390681067245j),,(0.031113608975192664-0.00804139068107067j),-387.96896248390556
12017,12017,11.20169375,-0.0026112530084044,(-0.005451216170553727-0.015890507835797908j),,(-0.005451216170554417-0.015890507835798484j),-387.16902647878413
12018,12018,11.20179375,-0.0012175525620539,(0.005369568573266419-0.06134326815646706j),,(0.005369568573269923-0.0613432681564699j),-386.36909047366265
12019,12019,11.201893750000002,0.0019392434591531,(-0.08828600358522039+0.007610369967778462j),,(-0.08828600358522312+0.007610369967778601j),-385.5691544685412
12020,12020,11.201993750000002,-0.0026065148785463,(-0.002952445997383755-0.024008326270807973j),,(-0.002952445997386084-0.02400832627080753j),-384.76921846341975
12021,12021,11.20209375,0.0004350081127292,(0.028474052816560767+0.018663264824172396j),,(0.028474052816560184+0.018663264824171896j),-383.9692824582983
12022,12022,11.20219375,3.565544345660959e-05,(-0.04459522076277478+0.02442025452349894j),,(-0.044595220762772295+0.024420254523498188j),-383.16934645317684
12023,12023,11.20229375,0.0079556510126655,(-0.11952053377606425+0.06661374402306655j),,(-0.11952053377606353+0.06661374402306942j),-382.3694104480554
12024,12024,11.20239375,0.0058993934371532,(0.0936432345458285-0.08622180676167945j),,(0.09364323454582871-0.08622180676168015j),-381.56947444293394
12025,12025,11.20249375,0.0068668445785494,(0.016423796773222532+0.014847641405692644j),,(0.01642379677322055+0.014847641405689158j),-380.76953843781246
12026,12026,11.202593750000002,0.007320177817402,(0.050496229332641286+0.04069797851299939j),,(0.050496229332642945+0.04069797851299847j),-379.96960243269103
12027,12027,11.202693750000002,0.0064664333196074,(0.015385910069122587+0.0017844156183130363j),,(0.015385910069121198+0.0017844156183149536j),-379.16966642756955
12028,12028,11.20279375,0.0075516527507699,(-0.010788995015479204-0.047739099169798196j),,(-0.010788995015480524-0.04773909916979152j),-378.36973042244813
12029,12029,11.20289375,0.0014149782412865,(-0.022091501252201492-0.04832450186598501j),,(-0.02209150125220051-0.0483245018659806j),-377.56979441732665
12030,12030,11.20299375,0.0045303504845882,(-0.04398563867000675-0.03884966270275239j),,(-0.043985638670005246-0.03884966270275252j),-376.7698584122052
12031,12031,11.20309375,-0.0017146002351255,(-0.04698074099572151-0.05081211088305019j),,(-0.04698074099572328-0.05081211088305131j),-375.96992240708374
12032,12032,11.20319375,0.0037808024953781,(-0.03764070017762125+0.09751999051718396j),,(-0.037640700177622374+0.0975199905171804j),-375.1699864019623
12033,12033,11.20329375,-0.0009323515014881,(0.04106710345364385-0.0024727750409591033j),,(0.041067103453646184-0.0024727750409614265j),-374.37005039684084
12034,12034,11.203393750000002,0.005166233024408,(-0.0053037063774026595-0.02797143038847631j),,(-0.005303706377402042-0.027971430388476135j),-373.5701143917194
12035,12035,11.203493750000002,0.0033250566261388,(-0.05221307911823321+0.026333597398431913j),,(-0.052213079118235355+0.02633359739843058j),-372.77017838659793
12036,12036,11.20359375,0.0067761535579437,(0.033619852767165406-0.004573141543875316j),,(0.03361985276716619-0.0045731415438786255j),-371.97024238147645
12037,12037,11.20369375,0.0071038838630168,(-0.006723529386216058+0.02387008641256764j),,(-0.006723529386217789+0.023870086412567732j),-371.17030637635503
12038,12038,11.20379375,0.0097332454578781,(0.03094691757147059+0.025641933418269983j),,(0.030946917571469897+0.025641933418266594j),-370.37037037123355
12039,12039,11.20389375,0.0131441652543409,(-0.0020839383819856194-0.017974691202765j),,(-0.0020839383819846796-0.01797469120276269j),-369.5704343661121
12040,12040,11.20399375,0.0092414039191602,(-0.015904741826586976+0.06137322203867046j),,(-0.015904741826587705+0.06137322203867082j),-368.77049836099064
12041,12041,11.20409375,0.010324625118332,(-0.06762814539335493-0.050005247412057016j),,(-0.06762814539336176-0.05000524741205478j),-367.9705623558692
12042,12042,11.204193750000002,0.0052241773695778,(-0.046756370102740655-0.016771278817975625j),,(-0.04675637010274432-0.016771278817972777j),-367.17062635074774
12043,12043,11.20429375,0.0090057072924869,(0.0026059922742756522+0.10346688309748436j),,(0.002605992274276589+0.10346688309748461j),-366.3706903456263
12044,12044,11.20439375,0.0020535721523098,(-0.019330548235399404-0.0015405493177155904j),,(-0.019330548235399238-0.0015405493177162513j),-365.57075434050483
12045,12045,11.20449375,0.0048956768679847,(0.021354415446765827+0.054722801600027904j),,(0.021354415446769245+0.05472280160002843j),-364.7708183353834
12046,12046,11.20459375,0.0014042476264363,(-0.014987366338498847+0.051454226348249366j),,(-0.01498736633850184+0.05145422634824803j),-363.97088233026193
12047,12047,11.20469375,0.0049482231302661,(0.07048551323422624+0.006256296307432026j),,(0.07048551323422508+0.00625629630743269j),-363.1709463251405
12048,12048,11.20479375,0.0065920048390515,(0.04070143692968645-0.006514994612773389j),,(0.04070143692968539-0.0065149946127745235j),-362.371010320019
12049,12049,11.204893750000002,0.0053095743293732,(-0.023561886324621507+0.018461911314602918j),,(-0.023561886324620494+0.018461911314601363j),-361.57107431489754
12050,12050,11.204993750000002,0.0089727178904767,(0.18797451918699004+0.027411101016744238j),,(0.1879745191869907+0.02741110101674807j),-360.7711383097761
12051,12051,11.20509375,0.0085588344436286,(-0.6784655456999745-0.2543494292102648j),,(-0.6784655456999759-0.25434942921026227j),-359.97120230465464
12052,12052,11.20519375,0.0137943770151811,(-0.11053108871934947-0.06956027837207693j),,(-0.11053108871935072-0.06956027837207872j),-359.1712662995332
12053,12053,11.20529375,0.0098075612534534,(-0.05320683671849067-0.017400431283929926j),,(-0.053206836718491995-0.01740043128393204j),-358.37133029441173
12054,12054,11.20539375,0.0133347873043541,(-0.029585720897421477-0.030622938803242763j),,(-0.029585720897424058-0.03062293880324415j),-357.5713942892903
12055,12055,11.20549375,0.0067394725352043,(-0.12190207141846612-0.032581310531877294j),,(-0.12190207141846894-0.03258131053187769j),-356.77145828416883
12056,12056,11.20559375,0.0100755245248386,(0.047967443419463615-0.05648627418023493j),,(0.04796744341946082-0.05648627418023572j),-355.9715222790474
12057,12057,11.205693750000002,0.0062956223192864,(-0.017295376251870824+0.04496808291620348j),,(-0.017295376251875192+0.044968082916204584j),-355.1715862739259
12058,12058,11.205793750000002,0.0079174182064946,(0.018550710027960455+0.03505600523057907j),,(0.0185507100279635+0.035056005230580146j),-354.3716502688045
12059,12059,11.20589375,0.0044339320998843,(0.01552249676062227-0.03307066200174355j),,(0.015522496760619498-0.03307066200174297j),-353.571714263683
12060,12060,11.20599375,0.0033665278718056,(-0.18248445600405178+0.05753069482662491j),,(-0.18248445600404972+0.057530694826625484j),-352.77177825856154
12061,12061,11.20609375,0.0038781972139793,(-0.0783779427365227+0.004653287581845432j),,(-0.07837794273652235+0.004653287581846413j),-351.9718422534401
12062,12062,11.20619375,0.0055660913989711,(0.017757655387000464-0.10399697744975557j),,(0.017757655387005772-0.1039969774497511j),-351.17190624831863
12063,12063,11.20629375,0.0080071990983612,(-0.06727569970773944+0.035119089313677125j),,(-0.06727569970773954+0.035119089313679075j),-350.3719702431972
12064,12064,11.206393750000002,0.0067132468956431,(-0.03597622856576367-0.021861366194582465j),,(-0.0359762285657641-0.021861366194585195j),-349.57203423807573
12065,12065,11.206493750000002,0.0090029683805987,(-0.030114725777701398+0.020525110319082666j),,(-0.03011472577770875+0.020525110319082877j),-348.7720982329543
12066,12066,11.20659375,0.0089304339449099,(-0.08502460944663716-0.016395537084299108j),,(-0.08502460944663634-0.016395537084304527j),-347.9721622278328
12067,12067,11.20669375,0.013170312627157,(-0.06360497612423241-0.020895405331037724j),,(-0.06360497612423151-0.020895405331035434j),-347.1722262227114
12068,12068,11.20679375,0.0103673451899345,(-0.011734453402417588+0.0017946960397613307j),,(-0.011734453402420835+0.0017946960397608586j),-346.3722902175899
12069,12069,11.20689375,0.0101270978235818,(-0.014703995369284927+0.0363608449605193j),,(-0.014703995369285794+0.03636084496051979j),-345.5723542124685
12070,12070,11.20699375,0.0086513772386028,(-0.03822377034679099-0.009955859743418675j),,(-0.038223770346792675-0.009955859743414347j),-344.772418207347
12071,12071,11.20709375,0.0085563525981731,(-0.06861942984724874+0.04578968019241025j),,(-0.06861942984724993+0.045789680192410115j),-343.97248220222554
12072,12072,11.207193750000002,0.0086602804316658,(-0.010558997479511863-0.03131577525580835j),,(-0.010558997479514116-0.03131577525580744j),-343.1725461971041
12073,12073,11.207293750000002,0.0044663192031406,(-0.02533323664646346+0.003430756046922231j),,(-0.025333236646462014+0.00343075604691928j),-342.37261019198263
12074,12074,11.20739375,0.0034432098222939,(-0.02292928124426044+0.013009758859948525j),,(-0.022929281244260934+0.01300975885994987j),-341.5726741868612
12075,12075,11.20749375,0.0005084537392113,(-0.022658551511327295-0.026680554970904134j),,(-0.02265855151132611-0.02668055497090343j),-340.7727381817397
12076,12076,11.20759375,0.0050535262629777,(0.005711656906904471-0.038129715599874686j),,(0.005711656906905661-0.03812971559987348j),-339.9728021766183
12077,12077,11.20769375,0.004477705281303,(-0.014505689935972774+0.0011587800504101213j),,(-0.014505689935972121+0.0011587800504096017j),-339.1728661714968
12078,12078,11.20779375,0.0044231120073885,(-0.03497715731819215-0.04928095362522333j),,(-0.03497715731819524-0.0492809536252217j),-338.3729301663754
12079,12079,11.20789375,0.003510022963387,(0.016527040590844075-0.050097118323518666j),,(0.016527040590841608-0.05009711832351515j),-337.5729941612539
12080,12080,11.207993750000002,0.0085518118414205,(-0.008769336286850438-0.007448284827420707j),,(-0.008769336286847926-0.007448284827422653j),-336.7730581561325
12081,12081,11.208093750000002,0.008954603726699,(-0.04611213254227813-0.00341694224210602j),,(-0.04611213254227659-0.0034169422421042595j),-335.973122151011
12082,12082,11.20819375,0.0098379410423828,(0.10065006867343734+0.023388903654729083j),,(0.1006500686734396+0.023388903654733742j),-335.1731861458896
12083,12083,11.20829375,0.0064320897991775,(-0.032271248803411604+0.019913630191767992j),,(-0.03227124880341397+0.019913630191768995j),-334.3732501407681
12084,12084,11.20839375,0.0068275488781822,(-0.0553305215019162-0.01253343277894687j),,(-0.05533052150191903-0.012533432778947255j),-333.5733141356466
12085,12085,11.20849375,0.0050005815749292,(-0.004040783128315916+0.013433263930631609j),,(-0.004040783128312124+0.013433263930631557j),-332.7733781305252
12086,12086,11.20859375,0.0035361726093651,(-0.013165886418693293-0.01055736343901859j),,(-0.01316588641869939-0.010557363439015048j),-331.9734421254037
12087,12087,11.208693750000002,0.0016726339623205,(-0.11123829803399782-0.15700041183726782j),,(-0.11123829803399804-0.15700041183726804j),-331.1735061202823
12088,12088,11.208793750000002,-0.000770035750447,(0.04620126097946852+0.08703112023832986j),,(0.04620126097946694+0.08703112023832932j),-330.3735701151608
12089,12089,11.20889375,-0.0006336666799334,(-0.031986664680537555+0.07972781310966603j),,(-0.03198666468053624+0.0797278131096648j),-329.5736341100394
12090,12090,11.20899375,0.0004226388571616,(0.009568370439428531+0.08548987809033619j),,(0.009568370439426536+0.08548987809033877j),-328.7736981049179
12091,12091,11.20909375,0.0028318425652854,(-0.03712576430683706+0.0019987964633872988j),,(-0.037125764306839774+0.0019987964633879397j),-327.9737620997965
12092,12092,11.20919375,0.0023298441890216,(-0.01224023981820337+0.0297680959065484j),,(-0.012240239818200601+0.02976809590654753j),-327.173826094675
12093,12093,11.20929375,0.0033037529193338,(0.0017048658166878596-0.013242489660190964j),,(0.0017048658166880313-0.013242489660191915j),-326.3738900895536
12094,12094,11.20939375,0.0035405289795428,(0.010956738383570018+0.038927165244112404j),,(0.010956738383573441+0.038927165244112605j),-325.5739540844321
12095,12095,11.209493750000002,0.0056483599218405,(0.004513503135367859+0.009011870002729652j),,(0.00451350313536859+0.009011870002732333j),-324.7740180793106
12096,12096,11.209593750000002,0.0071268230322026,(0.10823685951622453-0.015830548307130845j),,(0.10823685951622558-0.015830548307129343j),-323.9740820741892
12097,12097,11.20969375,0.0054649980413621,(-0.0402506191863505+0.042838527837930684j),,(-0.040250619186349944+0.042838527837935896j),-323.1741460690677
12098,12098,11.20979375,0.0039742482426164,(-0.04416962816885292-0.013217418047372656j),,(-0.04416962816885489-0.013217418047370368j),-322.3742100639463
12099,12099,11.20989375,0.0032114135825243,(-0.023914705828467435+0.004232525917084521j),,(-0.023914705828465044+0.004232525917084864j),-321.5742740588248
12100,12100,11.20999375,0.004387212043313,(-0.013802864310054593+0.04182348088631309j),,(-0.013802864310054168+0.041823480886311444j),-320.7743380537034
12101,12101,11.21009375,0.0019768967502133,(0.03257303561149891-0.028770718567611743j),,(0.032573035611495785-0.028770718567614175j),-319.9744020485819
12102,12102,11.21019375,-0.0001080031107109,(-0.028475840423559315+0.03589784312185687j),,(-0.02847584042356133+0.03589784312185161j),-319.1744660434605
12103,12103,11.210293750000002,-0.0008568130357236,(0.011613571132025503-0.007244474602623259j),,(0.011613571132027546-0.00724447460262325j),-318.374530038339
12104,12104,11.21039375,0.0007991811403697,(-0.003976495208892314+0.023146873968210045j),,(-0.003976495208892542+0.02314687396821121j),-317.5745940332176
12105,12105,11.21049375,0.0012579454197414,(-0.03276508578095522+0.06284950865375111j),,(-0.03276508578095571+0.06284950865375184j),-316.7746580280961
12106,12106,11.21059375,0.0007147210113632,(-0.023075330184722576+0.06022511980375205j),,(-0.02307533018472436+0.06022511980375369j),-315.9747220229746
12107,12107,11.21069375,0.0030421792487163,(-0.00973682445749376+0.015782745835363297j),,(-0.00973682445749259+0.015782745835363265j),-315.1747860178532
12108,12108,11.21079375,0.0032871171438967,(-0.03674923304750684+0.02451808889291267j),,(-0.03674923304750262+0.02451808889290963j),-314.3748500127317
12109,12109,11.21089375,0.0064328402008116,(-0.0609979730571612-0.029509170064000334j),,(-0.06099797305716029-0.02950917006399821j),-313.5749140076103
12110,12110,11.210993750000002,0.0063534186403722,(-0.05611300513213705+0.035895227527874725j),,(-0.05611300513213528+0.03589522752787459j),-312.7749780024888
12111,12111,11.211093750000002,0.0065141266670019,(-0.06673491004896859+0.05729842640996721j),,(-0.06673491004896878+0.057298426409970855j),-311.9750419973674
12112,12112,11.21119375,0.0060709066671292,(-0.07422471825925063+0.0460340150574364j),,(-0.07422471825925406+0.04603401505743304j),-311.1751059922459
12113,12113,11.21129375,0.0071203802834168,(0.0333538467938899+0.022069690974623406j),,(0.03335384679388673+0.022069690974620602j),-310.3751699871245
12114,12114,11.21139375,0.0073248745897007,(-0.02164723479351546+0.03710804176170093j),,(-0.021647234793515983+0.03710804176170285j),-309.575233982003
12115,12115,11.21149375,0.0038021174900465,(-0.04957317465990605+0.014229999346507427j),,(-0.04957317465990736+0.014229999346504154j),-308.7752979768816
12116,12116,11.21159375,0.0028041098114254,(-0.06259433938231869+0.04565959191148072j),,(-0.06259433938231763+0.04565959191148184j),-307.9753619717601
12117,12117,11.21169375,0.0033078486879533,(-0.01711284098263331+0.02771658647367363j),,(-0.01711284098263279+0.027716586473673976j),-307.1754259666386
12118,12118,11.211793750000002,0.0023729412900737,(0.05315810505960452+0.036451825209359114j),,(0.05315810505960237+0.036451825209359384j),-306.3754899615172
12119,12119,11.211893750000002,0.0024015996037045,(-0.028910973307254218-0.0012529707632980992j),,(-0.028910973307255925-0.0012529707632984617j),-305.5755539563957
12120,12120,11.21199375,0.0025967896706595,(0.017697276942421028-0.05013373822212j),,(0.017697276942423283-0.05013373822211915j),-304.7756179512743
12121,12121,11.21209375,0.0056637827367832,(0.011505629648172516+0.0017507280421344346j),,(0.011505629648174878+0.0017507280421345656j),-303.9756819461528
12122,12122,11.21219375,0.0056249440087565,(0.009793860928134532+0.03461108872608658j),,(0.009793860928131753+0.034611088726085704j),-303.1757459410314
12123,12123,11.21229375,0.0072206831307284,(-0.06368549538845658+0.017351488121694555j),,(-0.06368549538845218+0.0173514881216962j),-302.3758099359099
12124,12124,11.21239375,0.007900607696776,(0.15197101318258605+0.036722551224432076j),,(0.151971013182585+0.0367225512244303j),-301.5758739307885
12125,12125,11.212493750000002,0.0109061142164136,(-0.019224961575025457+0.012345343709675253j),,(-0.019224961575028097+0.012345343709675112j),-300.775937925667
12126,12126,11.212593750000002,0.0087921272592656,(0.015341053561709086+0.04822597628055493j),,(0.015341053561707466+0.048225976280553695j),-299.97600192054557
12127,12127,11.21269375,0.0083264186396126,(-0.028165139593170692+0.08929119262595114j),,(-0.02816513959317237+0.08929119262595345j),-299.1760659154241
12128,12128,11.21279375,0.0058173294416163,(0.0017544609059044862-0.05667668992514503j),,(0.0017544609059052807-0.05667668992514613j),-298.37612991030267
12129,12129,11.21289375,0.0071122101859686,(0.03291437642135092-0.01938060471470734j),,(0.03291437642135129-0.019380604714708847j),-297.5761939051812
12130,12130,11.21299375,0.0052221833093935,(-0.029404132543455513-0.009018823052120208j),,(-0.029404132543460203-0.00901882305212236j),-296.7762579000597
12131,12131,11.21309375,0.005981902076941,(0.005828438606248449-0.04868816030746212j),,(0.005828438606250454-0.0486881603074656j),-295.9763218949383
12132,12132,11.21319375,0.0054844785907631,(-0.07260479374534293+0.036908825037296214j),,(-0.07260479374534563+0.036908825037295194j),-295.1763858898168
12133,12133,11.213293750000002,0.0061991582214834,(0.013238224241572678-0.03792996982418846j),,(0.013238224241573138-0.03792996982418957j),-294.3764498846954
12134,12134,11.213393750000002,0.00759213229891,(-0.029300484682613155-0.04801054585568294j),,(-0.029300484682613447-0.0480105458556867j),-293.5765138795739
12135,12135,11.21349375,0.0088959423305545,(-0.07827051248929044+0.0012801633483237249j),,(-0.07827051248929227+0.0012801633483211713j),-292.77657787445247
12136,12136,11.21359375,0.0094303823670866,(-0.08266527320845916+0.012522638378400865j),,(-0.08266527320845846+0.012522638378400563j),-291.976641869331
12137,12137,11.21369375,0.0081492121654647,(-0.020194664943923434-0.0008681727855917396j),,(-0.020194664943922223-0.0008681727855859404j),-291.17670586420957
12138,12138,11.21379375,0.0107004714911463,(-0.043626725226310295-0.009413400026614636j),,(-0.04362672522630935-0.009413400026613356j),-290.3767698590881
12139,12139,11.21389375,0.0072742021772912,(0.012828450200762394+0.053258386781815444j),,(0.012828450200763019+0.05325838678181189j),-289.57683385396666
12140,12140,11.21399375,0.011417333825016,(-0.01922181374007993+0.0707816402009149j),,(-0.019221813740082066+0.07078164020091601j),-288.7768978488452
12141,12141,11.214093750000002,0.0084221888849549,(-0.04576301105765488-0.04022082827925772j),,(-0.04576301105765515-0.04022082827925942j),-287.9769618437237
12142,12142,11.214193750000002,0.009628896727721,(-0.056507302431265866+0.005012823787655173j),,(-0.05650730243126756+0.005012823787656166j),-287.1770258386023
12143,12143,11.21429375,0.0057118528924408,(0.014675738393929345+0.019928242222193717j),,(0.0146757383939271+0.01992824222219887j),-286.3770898334808
12144,12144,11.21439375,0.0058558893164383,(-0.07015433154279463-0.0741301933837389j),,(-0.07015433154279153-0.07413019338373647j),-285.57715382835937
12145,12145,11.21449375,0.0060760763279272,(-0.005529372911554991+0.005126518478646322j),,(-0.005529372911559686+0.0051265184786461245j),-284.7772178232379
12146,12146,11.21459375,0.0061798559572382,(-0.029858703190868086-0.009803499884903083j),,(-0.029858703190868235-0.009803499884900035j),-283.97728181811647
12147,12147,11.21469375,0.0051366817376754,(-0.09636075031984039+0.0740195114612671j),,(-0.09636075031983897+0.07401951146126518j),-283.177345812995
12148,12148,11.214793750000002,0.0077338559526211,(-0.16934086836182588+0.1089328623383191j),,(-0.16934086836182782+0.10893286233831445j),-282.37740980787356
12149,12149,11.214893750000002,0.0073694156601804,(-0.009209375499696665-0.23609514935215892j),,(-0.00920937549969894-0.23609514935215764j),-281.5774738027521
12150,12150,11.21499375,0.0100899654551588,(0.003503575386413084-0.031635212001870465j),,(0.003503575386411391-0.03163521200187239j),-280.77753779763066
12151,12151,11.21509375,0.0083090630328681,(0.1363008352187437-0.04760778760966327j),,(0.13630083521873776-0.04760778760966148j),-279.9776017925092
12152,12152,11.21519375,0.0088050381247939,(0.06169331153761812+0.007855243790985705j),,(0.06169331153761827+0.007855243790985265j),-279.1776657873877
12153,12153,11.21529375,0.0092851599266881,(0.012138569753406228+0.09853489629847349j),,(0.012138569753404944+0.09853489629847606j),-278.3777297822663
12154,12154,11.21539375,0.0082583297691753,(0.01394854584481927-0.09881180844001175j),,(0.013948545844817507-0.0988118084400136j),-277.5777937771448
12155,12155,11.21549375,0.007478856516887,(-0.07079515131190246+0.09849240667901338j),,(-0.07079515131190162+0.09849240667901704j),-276.77785777202337
12156,12156,11.215593750000002,0.0060828193932355,(0.27925591610523076-0.053181131976727636j),,(0.2792559161052327-0.05318113197672164j),-275.9779217669019
12157,12157,11.215693750000002,0.006815153631792,(-0.08801529323919105-0.09659245843816668j),,(-0.08801529323918965-0.09659245843816872j),-275.17798576178046
12158,12158,11.21579375,0.0069624920128394,(0.018955491553758055-0.14427783972085476j),,(0.018955491553759043-0.14427783972085614j),-274.378049756659
12159,12159,11.21589375,0.0042513614276584,(0.07645032364367346+0.06403149146939241j),,(0.0764503236436776+0.06403149146939499j),-273.57811375153756
12160,12160,11.21599375,0.0034068654611226,(-0.018984369267510067+0.032674297624435716j),,(-0.018984369267508055+0.0326742976244357j),-272.7781777464161
12161,12161,11.21609375,0.0043475576050239,(0.0795579202579552-0.03160195614028451j),,(0.07955792025795672-0.031601956140284354j),-271.97824174129465
12162,12162,11.21619375,0.0043654657997247,(-0.016060379027512797-0.017485268884466873j),,(-0.016060379027510466-0.0174852688844686j),-271.1783057361732
12163,12163,11.216293750000002,0.0051915304265879,(-0.016392543947791043-0.06303508617857952j),,(-0.016392543947792056-0.06303508617858251j),-270.37836973105175
12164,12164,11.216393750000002,0.0059007277203865,(0.07272125537893881-0.24900060952123176j),,(0.07272125537893862-0.2490006095212328j),-269.57843372593027
12165,12165,11.21649375,0.0056904182007089,(-0.17153542847726874+0.27458166305677423j),,(-0.1715354284772691+0.27458166305677767j),-268.7784977208088
12166,12166,11.21659375,0.0071314945413295,(-0.07059950730296824+0.07926282390087791j),,(-0.07059950730296394+0.07926282390087941j),-267.97856171568736
12167,12167,11.21669375,0.0055616725497766,(-0.06666847235332538+0.02340889902192214j),,(-0.06666847235332407+0.023408899021922704j),-267.1786257105659
12168,12168,11.21679375,0.0067263279375327,(-0.18102453946896147+0.05840167032009802j),,(-0.1810245394689558+0.05840167032009679j),-266.37868970544446
12169,12169,11.21689375,0.0053668628567054,(-0.026828639800960327-0.20728886145218306j),,(-0.026828639800957246-0.20728886145218067j),-265.578753700323
12170,12170,11.21699375,0.0030713736896783,(0.011305833759607743-0.05572494897412646j),,(0.011305833759607309-0.05572494897412911j),-264.77881769520155
12171,12171,11.217093750000002,0.0025497959617341,(0.12055319198905377-0.02012001663698655j),,(0.12055319198905229-0.020120016636987807j),-263.9788816900801
12172,12172,11.217193750000002,0.0018833830949508,(-0.019298085674575166+0.08486136687338215j),,(-0.01929808567457183+0.08486136687338502j),-263.17894568495865
12173,12173,11.21729375,0.0017464076193137,(-0.20499931802355137+0.03723920998442008j),,(-0.2049993180235486+0.03723920998441619j),-262.37900967983717
12174,12174,11.21739375,0.0011261507030917,(-0.012483302459271282-0.21972666964182133j),,(-0.012483302459266862-0.21972666964181997j),-261.57907367471574
12175,12175,11.21749375,0.0012138150926603,(-0.03193611496118688-0.16756534960783556j),,(-0.03193611496118839-0.16756534960783936j),-260.77913766959426
12176,12176,11.21759375,0.0038367478887017,(0.2243599466833316+0.11886752096474287j),,(0.2243599466833337+0.11886752096474643j),-259.9792016644728
12177,12177,11.21769375,0.0023775094227104,(0.034312379657127905-0.07515693530005496j),,(0.03431237965712664-0.0751569353000581j),-259.17926565935136
12178,12178,11.21779375,0.0043131668507456,(0.019789509292479576-0.10091235459325029j),,(0.019789509292480068-0.10091235459324811j),-258.3793296542299
12179,12179,11.217893750000002,0.0022988729094939,(-0.011359666971720153+0.007836078055968044j),,(-0.011359666971724584+0.007836078055968696j),-257.57939364910845
12180,12180,11.217993750000002,0.0046778238472287,(0.12364793536762393-0.0903417533126811j),,(0.12364793536762522-0.09034175331268417j),-256.779457643987
12181,12181,11.21809375,0.0049644726723958,(-0.0542400081953165+0.11299841050107251j),,(-0.05424000819531274+0.11299841050107026j),-255.97952163886555
12182,12182,11.21819375,0.004821080156146,(0.07656565185360314-0.09091084847719992j),,(0.07656565185360228-0.09091084847719993j),-255.17958563374407
12183,12183,11.21829375,0.002978748550579,(-0.067360741458773+0.139765821917704j),,(-0.0673607414587749+0.13976582191770734j),-254.37964962862262
12184,12184,11.21839375,0.0033008182220983,(-0.05064451398344586+0.2009304150903942j),,(-0.050644513983449144+0.20093041509039547j),-253.57971362350116
12185,12185,11.21849375,0.0032790698667885,(-0.04111462948767356+0.0809917568805917j),,(-0.04111462948767098+0.08099175688059422j),-252.7797776183797
12186,12186,11.218593750000002,0.0017500379176123,(0.08883494070713874+0.08501922506353615j),,(0.0888349407071419+0.08501922506353972j),-251.97984161325826
12187,12187,11.218693750000002,0.0003605349830662,(-0.01249520564843248-0.028311291650347133j),,(-0.012495205648431559-0.028311291650344995j),-251.1799056081368
12188,12188,11.21879375,0.000597617161576,(-0.12443151651740642-0.14358450329776512j),,(-0.12443151651740456-0.1435845032977655j),-250.37996960301535
12189,12189,11.21889375,0.0020060702470309,(-0.14619640779028392+0.0522990995986171j),,(-0.14619640779027956+0.05229909959861789j),-249.5800335978939
12190,12190,11.21899375,0.002206620821438,(-0.23398131942937095-0.09036989064857456j),,(-0.2339813194293704-0.09036989064857373j),-248.78009759277245
12191,12191,11.21909375,0.002859265774368,(-0.059499322786203374-0.05337073348767464j),,(-0.05949932278620142-0.05337073348767122j),-247.980161587651
12192,12192,11.21919375,0.0034036806979732,(-0.13119957023761894-0.026330478875993588j),,(-0.13119957023762296-0.026330478875991j),-247.18022558252954
12193,12193,11.21929375,0.0045724160549571,(-0.1038152921837891+0.07831034535168255j),,(-0.10381529218378895+0.07831034535168259j),-246.38028957740806
12194,12194,11.219393750000002,0.0055127692613668,(-0.026886191511453307+0.15990052221462173j),,(-0.026886191511454702+0.15990052221462536j),-245.5803535722866
12195,12195,11.219493750000002,0.0065312338779718,(-0.07282588284617855+0.07564385594512163j),,(-0.07282588284617998+0.0756438559451227j),-244.78041756716516
12196,12196,11.21959375,0.0067152425888088,(-0.008009990381508937+0.1758503860672467j),,(-0.00800999038151045+0.175850386067247j),-243.9804815620437
12197,12197,11.21969375,0.0053965758798009,(0.05190877409577019-0.18420637387059033j),,(0.05190877409576885-0.1842063738705897j),-243.18054555692225
12198,12198,11.21979375,0.0059882604476048,(-0.03843641082741697-0.045354537171210144j),,(-0.038436410827413545-0.04535453717121211j),-242.3806095518008
12199,12199,11.21989375,0.005206237469492,(0.03318402769493671+0.054696963406828836j),,(0.033184027694938556+0.05469696340683028j),-241.58067354667935
12200,12200,11.21999375,0.004626041512446,(-0.03357396594700212+0.048597226625441636j),,(-0.03357396594699864+0.04859722662544513j),-240.7807375415579
12201,12201,11.22009375,0.0028693434050181,(0.4026915091864164-0.9922461881580624j),,(0.40269150918641666-0.9922461881580587j),-239.98080153643645
12202,12202,11.220193750000002,0.0038266786810842,(0.1577091932059738+0.04415091609537263j),,(0.1577091932059673+0.04415091609537448j),-239.180865531315
12203,12203,11.220293750000002,0.0026169508217611,(0.11099969113305026-0.032196109050848645j),,(0.11099969113305266-0.03219610905084832j),-238.38092952619354
12204,12204,11.22039375,0.0038109945379287,(0.08546034352322837+0.03733360180736412j),,(0.08546034352323086+0.03733360180736199j),-237.5809935210721
12205,12205,11.22049375,0.0042551123866833,(-0.03925495508287148-0.031683655159405445j),,(-0.03925495508287492-0.031683655159406715j),-236.7810575159506
12206,12206,11.22059375,0.0081736985679741,(-0.10651135951103993-0.09469114075724581j),,(-0.10651135951104096-0.09469114075724439j),-235.98112151082915
12207,12207,11.22069375,0.0077966477550859,(0.002361449894380873+0.06308969583390006j),,(0.00236144989438046+0.06308969583390077j),-235.1811855057077
12208,12208,11.22079375,0.0091224816955528,(-0.08370124175263578+0.02324755096987605j),,(-0.08370124175263982+0.023247550969875932j),-234.38124950058625
12209,12209,11.220893750000002,0.0093352894651864,(-0.070182166379492+0.10962628515375199j),,(-0.07018216637949411+0.10962628515374621j),-233.5813134954648
12210,12210,11.220993750000002,0.0102340054286991,(0.07861333818629748-0.037449379229104844j),,(0.07861333818630264-0.0374493792291076j),-232.78137749034335
12211,12211,11.22109375,0.0096205216235716,(-0.10730399719525084+0.04028332600846739j),,(-0.10730399719525337+0.04028332600846926j),-231.9814414852219
12212,12212,11.22119375,0.0077308759090737,(-0.08529615469751617-0.16940543053549537j),,(-0.08529615469751231-0.1694054305354949j),-231.18150548010044
12213,12213,11.22129375,0.006987399339796,(-0.1521226075551901+0.018748520454755765j),,(-0.1521226075551935+0.018748520454753385j),-230.381569474979
12214,12214,11.22139375,0.0064671883330526,(-0.03202152389538719-0.09058110535036558j),,(-0.03202152389539112-0.09058110535036333j),-229.58163346985754
12215,12215,11.22149375,0.0054061303427577,(-0.027725314628809436-0.015949416453097828j),,(-0.027725314628808513-0.015949416453093408j),-228.78169746473608
12216,12216,11.22159375,0.005606052819361,(-0.07357046703521652-0.05182952055957809j),,(-0.07357046703521596-0.05182952055957966j),-227.9817614596146
12217,12217,11.221693750000002,0.005505356903859,(-0.006436090819043366+0.04000337992079387j),,(-0.006436090819046352+0.04000337992079765j),-227.18182545449315
12218,12218,11.221793750000002,0.0053607042470992,(-0.09219926647244477-0.03877427998154856j),,(-0.09219926647244601-0.038774279981548476j),-226.3818894493717
12219,12219,11.22189375,0.0075567704795567,(0.01886383899321161+0.017171803986290174j),,(0.01886383899321382+0.017171803986290406j),-225.58195344425025
12220,12220,11.22199375,0.0081332399866254,(0.012052690057029499-0.01833729064360744j),,(0.012052690057028196-0.01833729064360353j),-224.7820174391288
12221,12221,11.22209375,0.0097063815626119,(-0.012232542775072602+0.100759104052383j),,(-0.012232542775071208+0.10075910405238435j),-223.98208143400734
12222,12222,11.22219375,0.0086039081040286,(0.011609277559100378-0.06300604063026452j),,(0.011609277559098078-0.06300604063026313j),-223.1821454288859
12223,12223,11.22229375,0.010649853592989,(0.049148427557350424-0.042270145342104735j),,(0.0491484275573493-0.04227014534210585j),-222.38220942376444
12224,12224,11.222393750000002,0.0099473162911971,(0.038722950589284724-0.03833586550221603j),,(0.038722950589283135-0.03833586550221989j),-221.58227341864298
12225,12225,11.222493750000002,0.0087984076920621,(-0.028150067255293374-0.0012712414446748284j),,(-0.028150067255290963-0.0012712414446758883j),-220.78233741352153
12226,12226,11.22259375,0.0063767478728537,(-0.044444515130222254+0.012361896031521147j),,(-0.044444515130221414+0.01236189603152348j),-219.98240140840008
12227,12227,11.22269375,0.0071612121262997,(-0.049389890195085086+0.021364319014443994j),,(-0.049389890195086876+0.021364319014443873j),-219.18246540327863
12228,12228,11.22279375,0.0050289438714867,(-0.05706834796897764-0.03154205969131699j),,(-0.05706834796897568-0.03154205969132062j),-218.38252939815715
12229,12229,11.22289375,0.0071544532044988,(-0.003621179348237933+0.032970768481107554j),,(-0.0036211793482334997+0.0329707684811059j),-217.5825933930357
12230,12230,11.22299375,0.0072802594136994,(0.0428410927916891-0.019799537870732187j),,(0.04284109279168992-0.01979953787072953j),-216.78265738791424
12231,12231,11.22309375,0.0083870466622086,(-0.1251406735508313-0.04062446786554272j),,(-0.12514067355082897-0.040624467865547506j),-215.9827213827928
12232,12232,11.223193750000002,0.008231077584997,(0.06759269754630917+0.04145242428631372j),,(0.06759269754630877+0.041452424286315966j),-215.18278537767134
12233,12233,11.223293750000002,0.0084897103158288,(-0.07347641875001594+0.010704935071228966j),,(-0.07347641875001767+0.010704935071227929j),-214.38284937254988
12234,12234,11.22339375,0.0078777777862931,(-0.022648672841172654+0.02951199804164295j),,(-0.022648672841173556+0.029511998041646614j),-213.58291336742843
12235,12235,11.22349375,0.0091009313649218,(0.005038652498833211+0.004712298175313941j),,(0.005038652498833664+0.004712298175310592j),-212.78297736230698
12236,12236,11.22359375,0.0058213118487796,(-0.08383933713696366+0.12480553405127764j),,(-0.08383933713696579+0.12480553405127723j),-211.98304135718553
12237,12237,11.22369375,0.0075593906200425,(0.20972811208565+0.0196201393626229j),,(0.2097281120856493+0.01962013936262095j),-211.18310535206408
12238,12238,11.22379375,0.0059209217205615,(-0.05952654583782495+0.012542131625702491j),,(-0.059526545837826905+0.012542131625701794j),-210.38316934694262
12239,12239,11.22389375,0.0077986092948741,(-0.11654738103418767+0.07500761708959175j),,(-0.11654738103419096+0.07500761708958938j),-209.58323334182117
12240,12240,11.223993750000002,0.0063497935509394,(-0.19586231777456417+0.06539626827343199j),,(-0.1958623177745621+0.0653962682734317j),-208.7832973366997
12241,12241,11.224093750000002,0.0060369212830577,(0.033435049464375866-0.045445018892479414j),,(0.03343504946437777-0.045445018892481225j),-207.98336133157824
12242,12242,11.22419375,0.0052068828080356,(-0.0142552666889099-0.03277376078815222j),,(-0.014255266688908756-0.03277376078815075j),-207.18342532645678
12243,12243,11.22429375,0.0065000833418972,(0.11011421710027122+0.03166239883803815j),,(0.1101142171002695+0.0316623988380367j),-206.38348932133533
12244,12244,11.22439375,0.0056541440816273,(0.0638608567890985+0.15750483268383145j),,(0.06386085678909884+0.15750483268383256j),-205.58355331621388
12245,12245,11.22449375,0.0056298659701417,(0.05173039756547453+0.00932356975373426j),,(0.05173039756547329+0.009323569753736112j),-204.78361731109243
12246,12246,11.22459375,0.0030287457390102,(0.12376819933906895-0.04183551327869635j),,(0.12376819933906494-0.04183551327869549j),-203.98368130597098
12247,12247,11.224693750000002,0.0053481202488914,(-0.036301880025914335+0.08041128668744546j),,(-0.036301880025914335+0.08041128668744206j),-203.18374530084952
12248,12248,11.224793750000002,0.0047168510896209,(0.043219183093067125-0.0250309815078903j),,(0.04321918309306817-0.025030981507890227j),-202.38380929572807
12249,12249,11.22489375,0.0041930716004236,(0.07616392617480112+0.00567400819340759j),,(0.07616392617480093+0.005674008193408062j),-201.58387329060662
12250,12250,11.22499375,0.0037705113081133,(-0.09856992974897155+0.03058355520030477j),,(-0.09856992974897431+0.030583555200301378j),-200.78393728548517
12251,12251,11.22509375,0.0043334483903343,(-0.03953993707335015-0.007420683221871846j),,(-0.03953993707335025-0.007420683221872325j),-199.98400128036369
12252,12252,11.22519375,0.0045850832000725,(-0.007795453436995846-0.009998227595925963j),,(-0.0077954534369941205-0.009998227595929948j),-199.18406527524223
12253,12253,11.22529375,0.0034402879869127,(0.02342910523415565+0.0730338862672582j),,(0.02342910523415512+0.07303388626725812j),-198.38412927012078
12254,12254,11.22539375,0.0037916401338182,(-0.050818850600495576-0.047665498491605854j),,(-0.050818850600494986-0.04766549849160334j),-197.58419326499933
12255,12255,11.225493750000002,0.0044141793640733,(-0.02044143543036368+0.07997443719948207j),,(-0.020441435430367427+0.0799744371994785j),-196.78425725987788
12256,12256,11.225593750000002,0.0036654065216532,(-0.11045739054320947+0.023795984538415575j),,(-0.11045739054321024+0.02379598453841828j),-195.98432125475642
12257,12257,11.22569375,0.0040064606143664,(-0.06512164309025555+0.052772206508037066j),,(-0.06512164309025789+0.0527722065080395j),-195.18438524963497
12258,12258,11.22579375,0.0041060292737528,(-0.05899325698688883+0.01772239710076925j),,(-0.058993256986894976+0.0177223971007659j),-194.38444924451352
12259,12259,11.22589375,0.0030857184805896,(0.07402517106233734+0.012350382479060926j),,(0.07402517106233705+0.012350382479058671j),-193.58451323939207
12260,12260,11.22599375,0.0032322951218594,(0.014787464020973078+0.0028557509539591987j),,(0.014787464020975628+0.0028557509539554734j),-192.7845772342706
12261,12261,11.22609375,0.0025633265218065,(0.025442744607154535-0.01948443030342639j),,(0.025442744607158143-0.01948443030342912j),-191.98464122914916
12262,12262,11.22619375,0.0029359612644707,(0.02374138667942044+0.0257208079711213j),,(0.023741386679424194+0.025720807971123763j),-191.1847052240277
12263,12263,11.226293750000002,0.0029242543968274,(0.02537618717833658-0.04407113776535726j),,(0.025376187178335324-0.04407113776535702j),-190.38476921890623
12264,12264,11.226393750000002,0.0030773404390806,(-0.03286686837750694-0.020742451255909376j),,(-0.032866868377508726-0.02074245125591127j),-189.58483321378478
12265,12265,11.22649375,0.0035439980100543,(-0.09697091512792247+0.014423408306179893j),,(-0.09697091512791799+0.014423408306177582j),-188.78489720866332
12266,12266,11.22659375,0.0029870448299416,(-0.12650761164338506+0.12281756343061007j),,(-0.12650761164338603+0.12281756343060822j),-187.98496120354187
12267,12267,11.22669375,0.0023509068284752,(-0.028009549925739497-0.011983388112433904j),,(-0.028009549925736538-0.01198338811243308j),-187.18502519842042
12268,12268,11.22679375,0.0029701264129938,(0.04466493899587923-0.001633445438641322j),,(0.04466493899587943-0.001633445438639438j),-186.38508919329897
12269,12269,11.22689375,0.0027615000947358,(0.010119250951329184+0.015348951860403715j),,(0.010119250951328729+0.01534895186040788j),-185.58515318817751
12270,12270,11.226993750000002,0.004567890591219,(-0.03695539174598234-0.018350706423134786j),,(-0.03695539174597729-0.018350706423132142j),-184.78521718305606
12271,12271,11.227093750000002,0.0037096268368832,(-0.017731995352575042+0.07386313258597885j),,(-0.01773199535257523+0.0738631325859772j),-183.9852811779346
12272,12272,11.22719375,0.0017184955295204,(-0.07728817122032486+0.034957571238131584j),,(-0.07728817122032697+0.03495757123812924j),-183.18534517281316
12273,12273,11.22729375,0.0036960002072991,(-0.023558623846062686-0.0024878327497754715j),,(-0.023558623846061753-0.0024878327497738478j),-182.3854091676917
12274,12274,11.22739375,0.0050490008999786,(-0.027467574730423248+0.01817550326142148j),,(-0.027467574730427317+0.018175503261420853j),-181.58547316257025
12275,12275,11.22749375,0.0047756144759053,(0.007142191270077227-0.038515098108986484j),,(0.007142191270078237-0.03851509810898773j),-180.78553715744877
12276,12276,11.22759375,0.0019612843585441,(-0.012832158757911374+0.03096317171260371j),,(-0.012832158757911247+0.03096317171260446j),-179.98560115232732
12277,12277,11.22769375,0.0022445635184575,(-0.02652488238672173-0.008578417420206689j),,(-0.026524882386722314-0.008578417420209174j),-179.18566514720587
12278,12278,11.227793750000002,0.004758623118803,(-0.011791646038757325+0.07300748288140547j),,(-0.01179164603875939+0.07300748288140331j),-178.38572914208441
12279,12279,11.227893750000002,0.0040215402875118,(0.0010808245512779644-0.031396165128239464j),,(0.001080824551275784-0.03139616512823898j),-177.58579313696296
12280,12280,11.22799375,0.0042227844169489,(-0.048197378876615876-0.05597096336936455j),,(-0.048197378876613434-0.05597096336936601j),-176.7858571318415
12281,12281,11.22809375,0.0049971773989716,(0.06618877272440798+0.007548513996159523j),,(0.06618877272441005+0.007548513996159283j),-175.98592112672006
12282,12282,11.22819375,0.0051656341640151,(0.003664600875727312+0.0029371134844129215j),,(0.0036646008757278536+0.002937113484414412j),-175.1859851215986
12283,12283,11.22829375,0.0067175884044922,(-0.0652051497247889-0.03465753462545069j),,(-0.06520514972479013-0.034657534625447906j),-174.38604911647715
12284,12284,11.22839375,0.0064305269437889,(-0.04032134907372753+0.04524683992549278j),,(-0.0403213490737272+0.045246839925487094j),-173.5861131113557
12285,12285,11.228493750000002,0.005070604680095,(-0.057642262272328534+0.03930661250216929j),,(-0.05764226227232527+0.03930661250216493j),-172.78617710623425
12286,12286,11.228593750000002,0.0051164486240306,(-0.012187199309210292-0.08333735689797599j),,(-0.012187199309205532-0.08333735689797808j),-171.98624110111277
12287,12287,11.22869375,0.0043444001051916,(0.01171249196477132-0.0351125107520827j),,(0.011712491964773235-0.035112510752082764j),-171.18630509599132
12288,12288,11.22879375,0.0060682141600814,(0.05153436610431683+0.030838745234985195j),,(0.05153436610431911+0.030838745234984918j),-170.38636909086986
12289,12289,11.22889375,0.0036759632399646,(-0.023031148221651192+0.12074914748596471j),,(-0.02303114822165185+0.12074914748596385j),-169.5864330857484
12290,12290,11.22899375,0.0055385552323035,(-0.07880209071403507+0.08470131828163512j),,(-0.07880209071403649+0.08470131828163538j),-168.78649708062696
12291,12291,11.22909375,0.0057493677152796,(0.032427578396363066+0.10446396647737068j),,(0.03242757839636236+0.10446396647737657j),-167.9865610755055
12292,12292,11.22919375,0.0074295296876344,(0.15371696202500346-0.04345559789066509j),,(0.15371696202500273-0.04345559789066517j),-167.18662507038405
12293,12293,11.229293750000002,0.0078180645172826,(-0.21369865458672488+0.15389039117834946j),,(-0.21369865458672652+0.1538903911783495j),-166.3866890652626
12294,12294,11.229393750000002,0.007467437577513,(0.009994400662884026+0.0867013421335188j),,(0.009994400662885844+0.08670134213351866j),-165.58675306014115
12295,12295,11.22949375,0.0078904090739673,(0.047309620118136386-0.07457026201663725j),,(0.04730962011813163-0.07457026201663257j),-164.7868170550197
12296,12296,11.22959375,0.0082416168933887,(-0.04983008460510288+0.001554059954739239j),,(-0.04983008460510315+0.0015540599547374592j),-163.98688104989824
12297,12297,11.22969375,0.0078066371659913,(-0.04788277461006074-0.03564388473670837j),,(-0.047882774610062795-0.035643884736709534j),-163.1869450447768
12298,12298,11.22979375,0.0076091243861219,(-0.08138924456158096-0.04655649375074375j),,(-0.08138924456158358-0.046556493750746j),-162.3870090396553
12299,12299,11.22989375,0.0064021318178035,(-0.12648584318497727+0.0771367876778472j),,(-0.1264858431849784+0.07713678767784879j),-161.58707303453386
12300,12300,11.22999375,0.0064718546806914,(-0.050065891185462855+0.044431280959529786j),,(-0.05006589118546216+0.04443128095952845j),-160.7871370294124
12301,12301,11.230093750000002,0.0057949700201212,(-0.06717069285598568+0.1085008149518834j),,(-0.06717069285598379+0.10850081495188531j),-159.98720102429095
12302,12302,11.230193750000002,0.0055218895474697,(0.011109605323696727+0.07150238632281646j),,(0.011109605323693681+0.07150238632281572j),-159.1872650191695
12303,12303,11.23029375,0.0067733977640919,(-0.10259334337269058+0.17277444105225204j),,(-0.10259334337268813+0.17277444105225448j),-158.38732901404805
12304,12304,11.23039375,0.006749104480636,(0.03188341473677596-0.06206028481594112j),,(0.031883414736775986-0.06206028481594316j),-157.5873930089266
12305,12305,11.23049375,0.0069047051812036,(0.017312704447283882-0.008330544873108766j),,(0.01731270444728339-0.008330544873107554j),-156.78745700380514
12306,12306,11.23059375,0.0090455582246075,(0.008411949925517125-0.01935523529321239j),,(0.008411949925522164-0.01935523529321093j),-155.9875209986837
12307,12307,11.23069375,0.0099740636477618,(-0.06057142606051824-0.031007334807099808j),,(-0.060571426060517436-0.031007334807098295j),-155.18758499356224
12308,12308,11.230793750000002,0.0101096991953705,(-0.03864288462254514+0.009279426119920236j),,(-0.038642884622547245+0.00927942611991854j),-154.3876489884408
12309,12309,11.230893750000002,0.0084883758828651,(0.031432134967224655-0.022255679945227085j),,(0.031432134967219805-0.022255679945225707j),-153.5877129833193
12310,12310,11.23099375,0.0081594115727396,(-0.18174471897100114+0.08441613882838661j),,(-0.18174471897100103+0.08441613882838589j),-152.78777697819785
12311,12311,11.23109375,0.0087015063455213,(-0.10748753615529516+0.11074900013133882j),,(-0.10748753615529841+0.11074900013133748j),-151.9878409730764
12312,12312,11.23119375,0.0076144817895908,(-0.0004657167557425429+0.08975622571620433j),,(-0.00046571675574413884+0.08975622571620341j),-151.18790496795495
12313,12313,11.23129375,0.0073283197685939,(-0.07450392774488934+0.07070536351300354j),,(-0.07450392774489077+0.07070536351300544j),-150.3879689628335
12314,12314,11.23139375,0.0057844875927106,(-0.027513021980432234+0.3623754912397518j),,(-0.02751302198043476+0.36237549123975127j),-149.58803295771204
12315,12315,11.23149375,0.0078075696233958,(-0.02926554034522008-0.33075428353335556j),,(-0.029265540345222246-0.3307542835333541j),-148.7880969525906
12316,12316,11.231593750000002,0.0079268299761267,(-0.04676828329157294-0.032485889472363014j),,(-0.04676828329157025-0.0324858894723632j),-147.98816094746914
12317,12317,11.231693750000002,0.0080727713374022,(-0.0007334766970664916-0.09165067039738559j),,(-0.0007334766970700304-0.09165067039738753j),-147.1882249423477
12318,12318,11.23179375,0.0079688395088937,(-0.05397130837340405-0.0281085042764723j),,(-0.05397130837340655-0.028108504276468504j),-146.38828893722624
12319,12319,11.23189375,0.0085329194580972,(0.0708332569300728+0.015182659915955223j),,(0.07083325693007302+0.015182659915951479j),-145.58835293210478
12320,12320,11.23199375,0.0092545784525275,(-0.06944350630809994-0.02815248254884733j),,(-0.06944350630809801-0.02815248254885116j),-144.78841692698333
12321,12321,11.23209375,0.0076636460961314,(-0.17437229264908333+0.12686717463818326j),,(-0.17437229264908433+0.1268671746381814j),-143.98848092186185
12322,12322,11.23219375,0.006658805056323,(0.04406655669907407+0.002321384857097826j),,(0.044066556699073285+0.0023213848570957547j),-143.1885449167404
12323,12323,11.23229375,0.0070555654891659,(-0.14715154568582683-0.02753139385002333j),,(-0.14715154568582584-0.02753139385002649j),-142.38860891161895
12324,12324,11.232393750000002,0.0069896215423474,(0.03149292697764911+0.03819254583341333j),,(0.03149292697765262+0.03819254583341665j),-141.5886729064975
12325,12325,11.23249375,0.0060556862311194,(0.055084669027442794-0.04810827082259201j),,(0.05508466902744826-0.04810827082259054j),-140.78873690137604
12326,12326,11.23259375,0.0053252714946045,(-0.08826375113709163-0.007745116725985374j),,(-0.08826375113709367-0.007745116725985328j),-139.9888008962546
12327,12327,11.23269375,0.0051209773256316,(0.007869774765892245-0.058540391778231914j),,(0.007869774765889584-0.058540391778229686j),-139.18886489113314
12328,12328,11.23279375,0.0049396226919883,(-0.040783960102874516+0.00968959511177862j),,(-0.040783960102876014+0.009689595111776578j),-138.38892888601168
12329,12329,11.23289375,0.0042484706845112,(-0.032465716160441+0.09864459000027928j),,(-0.032465716160442026+0.09864459000028093j),-137.58899288089023
12330,12330,11.23299375,0.0060217048229991,(-0.029245810637161012+0.001023808357706029j),,(-0.029245810637161997+0.0010238083577084976j),-136.78905687576878
12331,12331,11.233093750000002,0.005271721311042,(-0.07475709148690007+0.01898036344030349j),,(-0.07475709148690282+0.018980363440305237j),-135.98912087064733
12332,12332,11.233193750000002,0.0038452167723969,(-0.08154745400324397+0.02217878526758518j),,(-0.08154745400324157+0.022178785267588815j),-135.18918486552587
12333,12333,11.23329375,0.002803509700589,(-0.06948511140363717+0.11637684359290879j),,(-0.06948511140363726+0.11637684359291006j),-134.3892488604044
12334,12334,11.23339375,0.0054427000343022,(-0.006481331938311456+0.053743656744632856j),,(-0.006481331938313937+0.05374365674463372j),-133.58931285528294
12335,12335,11.23349375,0.005692218669877,(-0.01723654150020688+0.03394160490272082j),,(-0.017236541500216855+0.03394160490272291j),-132.7893768501615
12336,12336,11.23359375,0.0042494217951812,(0.05958236567695187+0.051266559134890755j),,(0.059582365676951375+0.05126655913489164j),-131.98944084504004
12337,12337,11.23369375,0.0031668111868093,(0.09694994500045626+0.07286248457740976j),,(0.09694994500045422+0.07286248457741334j),-131.18950483991858
12338,12338,11.23379375,0.0051260864794379,(0.055920685996896195-0.02511551941328618j),,(0.05592068599689642-0.025115519413288823j),-130.38956883479713
12339,12339,11.233893750000002,0.0055796215726323,(-0.01645283806378857+0.04237995307629254j),,(-0.016452838063786317+0.0423799530762879j),-129.58963282967568
12340,12340,11.233993750000002,0.0033233896073883,(0.008773858056444261+0.11104299964954856j),,(0.008773858056446284+0.111042999649542j),-128.78969682455423
12341,12341,11.23409375,0.0021396197105616,(0.07815081486597947+0.11813632802461346j),,(0.07815081486598044+0.11813632802461181j),-127.98976081943277
12342,12342,11.23419375,0.0024512229747184,(-0.07756691168523969+0.11181125274149167j),,(-0.07756691168523627+0.11181125274148593j),-127.18982481431131
12343,12343,11.23429375,0.0025705322515505,(-0.12221641412713338+0.127939530969372j),,(-0.1222164141271346+0.12793953096937283j),-126.38988880918986
12344,12344,11.23439375,0.0015776668358323,(0.04498252805152991+0.16419452255207007j),,(0.04498252805153076+0.16419452255207034j),-125.5899528040684
12345,12345,11.23449375,0.0014013052749357,(0.07117731203708652+0.41205589287643246j),,(0.07117731203708764+0.4120558928764346j),-124.79001679894695
12346,12346,11.234593750000002,0.003050091366501,(0.042657991321745255+0.06511976610496206j),,(0.042657991321745685+0.06511976610496006j),-123.9900807938255
12347,12347,11.234693750000002,0.0038681564822988,(0.09814414707279925+0.12388947146142408j),,(0.09814414707279741+0.12388947146142468j),-123.19014478870403
12348,12348,11.23479375,0.0039110143776782,(0.08561287036001056+0.23119646645018696j),,(0.0856128703600098+0.23119646645018657j),-122.39020878358258
12349,12349,11.23489375,0.0045107113787833,(-0.07438380616723249+0.4415648154874075j),,(-0.07438380616722755+0.4415648154874121j),-121.59027277846113
12350,12350,11.23499375,0.0042724253824446,(0.12255863083960733+1.011553244095496j),,(0.12255863083960866+1.0115532440954984j),-120.79033677333967
12351,12351,11.23509375,0.0038707819370599,(-4.288027357586746-15.355210385964154j),,(-4.288027357586745-15.355210385964149j),-119.99040076821822
12352,12352,11.23519375,0.0026563118498855,(-0.37022803629900364-0.8647430681678896j),,(-0.370228036299006-0.8647430681678865j),-119.19046476309677
12353,12353,11.23529375,0.0032441955924891,(-0.6039865644334926-0.5547172586876211j),,(-0.603986564433492-0.5547172586876179j),-118.3905287579753
12354,12354,11.235393750000002,0.0010985425657397,(-0.00945957015906139-0.10947493590257046j),,(-0.00945957015905717-0.10947493590256982j),-117.59059275285385
12355,12355,11.235493750000002,0.0020488289133423,(-0.009446226530084076-0.11880033313518157j),,(-0.009446226530089419-0.11880033313518407j),-116.7906567477324
12356,12356,11.23559375,0.0022281863771802,(0.1847643405833571-0.22653552596146612j),,(0.18476434058335886-0.22653552596146462j),-115.99072074261095
12357,12357,11.23569375,0.0027114449669879,(0.09293697338835305-0.1562150660071465j),,(0.09293697338834869-0.15621506600714719j),-115.1907847374895
12358,12358,11.23579375,0.0024700768123268,(0.054061737999324816-0.14596660094968394j),,(0.054061737999323206-0.14596660094968314j),-114.39084873236804
12359,12359,11.23589375,0.0035496920163744,(0.10075210049884747-0.09572373678121693j),,(0.100752100498849-0.09572373678122006j),-113.59091272724658
12360,12360,11.23599375,0.0058965299636862,(0.13150414061637117-0.051583113596028046j),,(0.13150414061636764-0.051583113596034166j),-112.79097672212512
12361,12361,11.23609375,0.004956267743468,(0.008209140627423584-0.02458710894806108j),,(0.00820914062742045-0.024587108948059027j),-111.99104071700367
12362,12362,11.236193750000002,0.0042379420725608,(0.10765128918035108-0.25111336593857214j),,(0.1076512891803533-0.2511133659385713j),-111.19110471188222
12363,12363,11.236293750000002,0.0051666549747087,(-0.15853488257749795-0.1205093867892414j),,(-0.15853488257749704-0.12050938678924324j),-110.39116870676077
12364,12364,11.23639375,0.0052293196958861,(-0.0318023447233567-0.03833870451442174j),,(-0.03180234472335376-0.03833870451442632j),-109.59123270163931
12365,12365,11.23649375,0.005546256465099,(-0.004206814652680902-0.06244334961612218j),,(-0.0042068146526815205-0.0624433496161217j),-108.79129669651785
12366,12366,11.23659375,0.0045620147673993,(0.018620345365169166-0.11565491102157721j),,(0.018620345365167414-0.11565491102157949j),-107.9913606913964
12367,12367,11.23669375,0.003498597003927,(-0.04200656006941083-0.04434324701168627j),,(-0.0420065600694102-0.04434324701168815j),-107.19142468627494
12368,12368,11.23679375,0.0026919448057819,(-0.004762221266222243-0.1350370772273939j),,(-0.004762221266215928-0.13503707722739958j),-106.39148868115349
12369,12369,11.236893750000002,0.0025213068473961,(0.003187967454715838-0.07056383597715246j),,(0.003187967454718183-0.07056383597715121j),-105.59155267603204
12370,12370,11.236993750000002,0.0033842254825458,(-0.12994737786253382-0.07361998937533089j),,(-0.12994737786253285-0.07361998937533444j),-104.79161667091059
12371,12371,11.23709375,0.003649789929195,(-0.00808483758144125-0.050272136263475736j),,(-0.008084837581438242-0.0502721362634724j),-103.99168066578912
12372,12372,11.23719375,0.004295577495472,(0.16507951044455454+0.048692993191924334j),,(0.16507951044455946+0.04869299319192289j),-103.19174466066767
12373,12373,11.23729375,0.005939820157257,(0.01653652200546623+0.000618838958657086j),,(0.016536522005463072+0.0006188389586621549j),-102.39180865554621
12374,12374,11.23739375,0.0074885996433957,(-0.023165176006641107-0.08285262261206845j),,(-0.02316517600664201-0.08285262261206602j),-101.59187265042476
12375,12375,11.23749375,0.0093443722317323,(-0.031586816593469035-0.08379162021068623j),,(-0.03158681659346752-0.08379162021068749j),-100.79193664530331
12376,12376,11.23759375,0.0086321671493619,(-0.06574138356373449-0.06270480514655442j),,(-0.06574138356373443-0.0627048051465585j),-99.99200064018184
12377,12377,11.237693750000002,0.0092064424668843,(-0.03268852638185298-0.050395144796483354j),,(-0.03268852638185556-0.05039514479648273j),-99.19206463506039
12378,12378,11.237793750000002,0.0075186082018597,(-0.0014534988576370873-0.06379284900659242j),,(-0.001453498857634565-0.06379284900658855j),-98.39212862993894
12379,12379,11.23789375,0.0081759818367562,(0.0235227272272774-0.11948632342953555j),,(0.023522727227281236-0.11948632342953458j),-97.59219262481749
12380,12380,11.23799375,0.0075396772168439,(0.02564517433399722-0.09981482785664142j),,(0.025645174333996594-0.0998148278566447j),-96.79225661969603
12381,12381,11.23809375,0.0065241930350665,(-0.06796947793454665-0.08319164152024923j),,(-0.06796947793454625-0.08319164152024755j),-95.99232061457458
12382,12382,11.23819375,0.0060484797106321,(0.006489363973018365+0.08206476870089438j),,(0.006489363973022067+0.08206476870089344j),-95.19238460945311
12383,12383,11.23829375,0.0062386794554369,(-0.00036173673274583415-0.063890025525083j),,(-0.00036173673274771806-0.06389002552508215j),-94.39244860433166
12384,12384,11.23839375,0.0069594694701711,(-0.040709745379844314-0.014978277471780781j),,(-0.0407097453798471-0.014978277471779553j),-93.59251259921021
12385,12385,11.238493750000002,0.0059858275651691,(-0.02762894427753393-0.043827984690721536j),,(-0.02762894427753753-0.04382798469072436j),-92.79257659408876
12386,12386,11.23859375,0.006379284521286,(-0.027808360200800856-0.008395844511394097j),,(-0.027808360200804096-0.008395844511393774j),-91.9926405889673
12387,12387,11.23869375,0.0077383366048921,(0.09215017572247208-0.025839819474429742j),,(0.09215017572247061-0.025839819474431938j),-91.19270458384585
12388,12388,11.23879375,0.0101096288905847,(-0.10168195859124425+0.04677871649210257j),,(-0.10168195859124422+0.0467787164921056j),-90.39276857872439
12389,12389,11.23889375,0.0085799670311288,(-0.024300596597777127+0.01671520701119677j),,(-0.02430059659777939+0.016715207011195096j),-89.59283257360293
12390,12390,11.23899375,0.0079296117515968,(0.007155654993350788-0.025754859178663998j),,(0.007155654993353031-0.025754859178663516j),-88.79289656848148
12391,12391,11.23909375,0.0085822890065135,(0.01727007356542205-0.04197504911733972j),,(0.01727007356542036-0.04197504911733944j),-87.99296056336003
12392,12392,11.239193750000002,0.0096994887117814,(-0.014015029421356892-0.021021535788095437j),,(-0.014015029421358627-0.0210215357880942j),-87.19302455823858
12393,12393,11.239293750000002,0.0086977579917018,(-0.019733925839932057-0.004515812749866566j),,(-0.019733925839928168-0.004515812749867971j),-86.39308855311712
12394,12394,11.23939375,0.0079384069605028,(-0.026214728164221195+0.012000160674281004j),,(-0.026214728164222434+0.01200016067427975j),-85.59315254799566
12395,12395,11.23949375,0.0076290473067816,(-0.03496079560291401-0.03291292626076422j),,(-0.03496079560291134-0.03291292626076387j),-84.7932165428742
12396,12396,11.23959375,0.0072702682097248,(-0.0365720625580025-0.006613259440351134j),,(-0.03657206255799951-0.006613259440352541j),-83.99328053775275
12397,12397,11.23969375,0.0070195596435258,(-0.03289319508223527-0.020117690463330465j),,(-0.032893195082237765-0.020117690463330656j),-83.1933445326313
12398,12398,11.23979375,0.005938446545481,(-0.004145690330195301-0.002998262292615645j),,(-0.004145690330194998-0.0029982622926186097j),-82.39340852750985
12399,12399,11.23989375,0.006616728465868,(0.004351273567705717-0.012413877910727181j),,(0.004351273567704386-0.012413877910728333j),-81.5934725223884
12400,12400,11.239993750000002,0.0072656852362993,(-0.034638655933907705-0.027431666584761948j),,(-0.03463865593390952-0.0274316665847607j),-80.79353651726693
12401,12401,11.240093750000002,0.0072965408249222,(-0.01361778960700594-0.019878003333843704j),,(-0.013617789607001708-0.019878003333839784j),-79.99360051214548
12402,12402,11.24019375,0.0066991413883685,(-0.015405776561727019-0.01810174672236468j),,(-0.015405776561728209-0.018101746722365114j),-79.19366450702402
12403,12403,11.24029375,0.0089962114343292,(-0.035134032600647125-0.01801444891711813j),,(-0.03513403260064555-0.018014448917120212j),-78.39372850190257
12404,12404,11.24039375,0.010347234557755,(-0.08133793356792414-0.04449470039252453j),,(-0.08133793356792254-0.04449470039252325j),-77.59379249678112
12405,12405,11.24049375,0.0098363349269538,(-0.011449601883996336+0.014201865727334482j),,(-0.011449601883997013+0.01420186572733429j),-76.79385649165965
12406,12406,11.24059375,0.0080582868804383,(0.0285262046856642-0.016630885250430417j),,(0.028526204685662637-0.0166308852504292j),-75.9939204865382
12407,12407,11.240693750000002,0.0081351356578346,(-0.012459077798048446-0.01490137561853923j),,(-0.012459077798048328-0.014901375618541416j),-75.19398448141675
12408,12408,11.240793750000002,0.0077706267999423,(0.004806602619851594-0.007894149063082362j),,(0.004806602619850591-0.007894149063084572j),-74.3940484762953
12409,12409,11.24089375,0.007362953025968,(0.006397929048195451-0.04735153949318403j),,(0.00639792904819686-0.047351539493183714j),-73.59411247117384
12410,12410,11.24099375,0.0053357265121864,(-0.01402928141299272-0.0030298310581405577j),,(-0.014029281412994702-0.0030298310581427868j),-72.79417646605239
12411,12411,11.24109375,0.0021630238867252,(-0.015573189097384213-0.024391326254782877j),,(-0.015573189097380195-0.02439132625478195j),-71.99424046093092
12412,12412,11.24119375,0.0028901238939731,(-0.010702000838088102-0.005868834836024005j),,(-0.010702000838083167-0.005868834836019026j),-71.19430445580947
12413,12413,11.24129375,0.004850133225557,(0.0005737154125930468-0.0029153313083319227j),,(0.0005737154125947546-0.0029153313083319847j),-70.39436845068802
12414,12414,11.24139375,0.0045823420122264,(-0.05298123135841529-0.03277350125257522j),,(-0.05298123135841551-0.032773501252570655j),-69.59443244556657
12415,12415,11.241493750000002,0.0029875474200728,(-0.021117642979614357+0.010827005192795535j),,(-0.021117642979616373+0.01082700519279603j),-68.79449644044512
12416,12416,11.241593750000002,0.0040530545852431,(-0.023146641795125756-0.009625659240101152j),,(-0.023146641795124576-0.009625659240102998j),-67.99456043532366
12417,12417,11.24169375,0.0063737233927836,(-0.015508334689109568+0.0039081688336422985j),,(-0.015508334689109646+0.003908168833643575j),-67.1946244302022
12418,12418,11.24179375,0.0074380654758408,(-0.019779429847457983-0.005353611173314035j),,(-0.01977942984745529-0.005353611173308567j),-66.39468842508074
12419,12419,11.24189375,0.0050454448734918,(-0.020602738007379703-0.009173796669264439j),,(-0.0206027380073778-0.00917379666926578j),-65.59475241995929
12420,12420,11.24199375,0.00487924573485,(0.003289863558731152-0.011215037256700242j),,(0.0032898635587310905-0.011215037256704238j),-64.79481641483784
12421,12421,11.24209375,0.0048854515677269,(-0.020909424256656362-0.016387762279677705j),,(-0.020909424256653854-0.016387762279676678j),-63.99488040971639
12422,12422,11.24219375,0.0060093540392055,(-2.168766304502955e-05-0.003246609925896147j),,(-2.1687663045691503e-05-0.0032466099258942668j),-63.19494440459493
12423,12423,11.242293750000002,0.0042665700638735,(-0.027681566717392-0.006497516142577986j),,(-0.027681566717391193-0.006497516142576649j),-62.395008399473475
12424,12424,11.242393750000002,0.0025308505516023,(-0.010929632607862701-0.008756825569014082j),,(-0.010929632607862946-0.008756825569015145j),-61.595072394352016
12425,12425,11.24249375,0.0024519747950267,(-0.007805216340886262-0.0007314508781270793j),,(-0.007805216340893128-0.0007314508781258542j),-60.795136389230564
12426,12426,11.24259375,0.0016371477883224,(-0.027561014673635167-0.022542186989055368j),,(-0.027561014673631274-0.022542186989056412j),-59.99520038410911
12427,12427,11.24269375,0.0005323546513049,(-0.015484054549730952+0.004067200906860349j),,(-0.015484054549729622+0.0040672009068577234j),-59.19526437898765
12428,12428,11.24279375,-0.0004035296217077,(-0.023520384460229162-0.011226201394256285j),,(-0.02352038446022789-0.011226201394255338j),-58.3953283738662
12429,12429,11.24289375,0.0001255651880232,(-0.01877803931462052-0.007316138727102064j),,(-0.01877803931462377-0.007316138727101403j),-57.59539236874475
12430,12430,11.242993750000002,0.0019718851630762,(-0.009967720709776948-0.012888138105351412j),,(-0.009967720709778447-0.01288813810535229j),-56.79545636362329
12431,12431,11.243093750000002,0.0033609687480934,(-0.00025540201504873575-0.02384705327734702j),,(-0.00025540201504890316-0.023847053277350403j),-55.995520358501835
12432,12432,11.24319375,0.0042326181014344,(-0.0050795140258748355+0.01000581852648086j),,(-0.005079514025875053+0.010005818526482132j),-55.19558435338038
12433,12433,11.24329375,0.0047760201280899,(-0.023741992255737115-0.0089254319028691j),,(-0.0237419922557383-0.008925431902868984j),-54.39564834825892
12434,12434,11.24339375,0.0046005832203296,(-0.01417018085986364-0.020880511715807182j),,(-0.014170180859862854-0.020880511715807584j),-53.59571234313747
12435,12435,11.24349375,0.004402282661274,(-0.017260870425200855-0.011280090272135902j),,(-0.017260870425199644-0.011280090272134165j),-52.79577633801602
12436,12436,11.24359375,0.0032783917205684,(-0.01065613536282108-0.0040565626060246295j),,(-0.01065613536281866-0.004056562606025634j),-51.99584033289456
12437,12437,11.24369375,0.0020296074307913,(-0.009299750280653985+0.008090737532806046j),,(-0.009299750280648129+0.00809073753280351j),-51.19590432777311
12438,12438,11.243793750000002,0.0006536930695479,(-0.024211648995736124+0.00020424391240237913j),,(-0.024211648995734428+0.00020424391240267577j),-50.395968322651655
12439,12439,11.243893750000002,0.0005005816325146,(-0.008568690922921795+0.0005467039302709427j),,(-0.008568690922927159+0.0005467039302659744j),-49.596032317530195
12440,12440,11.24399375,0.0018598329331835,(-0.00029187628552552374+0.004533667719828761j),,(-0.00029187628552551506+0.0045336677198305015j),-48.79609631240874
12441,12441,11.24409375,0.0024428284528566,(-0.01837087857170274-0.03231229760472393j),,(-0.018370878571705197-0.032312297604723206j),-47.99616030728729
12442,12442,11.24419375,0.0029944245056945,(-0.006563944118584457-0.04516370475737414j),,(-0.0065639441185827985-0.045163704757367085j),-47.19622430216583
12443,12443,11.24429375,0.0034550692530203,(-0.020157593811227163-1.3496005792380458e-05j),,(-0.02015759381122373-1.3496005791552995e-05j),-46.39628829704438
12444,12444,11.24439375,0.0044714035353929,(-0.009364129972250224-0.011254059410862561j),,(-0.009364129972253573-0.01125405941086455j),-45.596352291922926
12445,12445,11.244493750000002,0.0047608566397133,(-0.002291936513415967-0.00913051488160955j),,(-0.0022919365134137144-0.009130514881612886j),-44.79641628680147
12446,12446,11.244593750000002,0.005355979014016,(-0.020517180288800153+0.000984986115261259j),,(-0.02051718028879841+0.0009849861152610492j),-43.996480281680014
12447,12447,11.24469375,0.0042940620456614,(-0.0096658968410562+0.0030629651932617638j),,(-0.009665896841057587+0.0030629651932586274j),-43.19654427655856
12448,12448,11.24479375,0.0046410464571569,(-0.02219461405153087-0.005565556464172774j),,(-0.022194614051533043-0.005565556464171388j),-42.3966082714371
12449,12449,11.24489375,0.0034514334503121,(-0.05447947503313458+0.022780323024835458j),,(-0.05447947503313591+0.022780323024837672j),-41.59667226631565
12450,12450,11.24499375,0.0054781726592891,(-0.019303691589045848-0.010021696103491563j),,(-0.01930369158904974-0.010021696103493596j),-40.7967362611942
12451,12451,11.24509375,0.0040755680277107,(-0.010152454741125047-0.005705222931314022j),,(-0.010152454741119494-0.00570522293131351j),-39.99680025607274
12452,12452,11.24519375,0.0051294536620434,(-0.013592574344651817-0.024490754722354874j),,(-0.01359257434464976-0.024490754722353694j),-39.196864250951286
12453,12453,11.245293750000002,0.005624592267523,(-0.01318830818236076-0.013030222496492964j),,(-0.013188308182359009-0.013030222496494801j),-38.39692824582983
12454,12454,11.245393750000002,0.0052360734485457,(-0.01223851342438449-0.0012861983909547934j),,(-0.012238513424386538-0.0012861983909536051j),-37.596992240708374
12455,12455,11.24549375,0.0057175091663606,(-0.008347251406441394+0.0041826486850778145j),,(-0.008347251406441875+0.004182648685077474j),-36.79705623558692
12456,12456,11.24559375,0.0057733394154043,(-0.010430549314086747-0.019219133985737488j),,(-0.010430549314085637-0.019219133985734386j),-35.99712023046546
12457,12457,11.24569375,0.0071584944782296,(-0.00275776532497476-0.005652714664280145j),,(-0.002757765324972854-0.00565271466427974j),-35.19718422534401
12458,12458,11.24579375,0.007926314946962,(-0.00814688390286291+0.0012292722318573766j),,(-0.008146883902862735+0.0012292722318590142j),-34.39724822022256
12459,12459,11.24589375,0.0076491890991049,(-0.010697761012315798-0.010428296003181205j),,(-0.010697761012316287-0.010428296003183821j),-33.5973122151011
12460,12460,11.24599375,0.0058919356422931,(0.007950648738000887+0.003900450623137545j),,(0.007950648737998795+0.0039004506231405988j),-32.797376209979646
12461,12461,11.246093750000002,0.0071173944917301,(-0.030573262028957666+0.006095629316033198j),,(-0.0305732620289588+0.00609562931603128j),-31.997440204858194
12462,12462,11.246193750000002,0.0062829671589888,(-0.008190434914732453-0.01201598162050023j),,(-0.008190434914732994-0.012015981620501891j),-31.197504199736738
12463,12463,11.24629375,0.0075538969328031,(-0.010906229036306371-0.004001476476448851j),,(-0.010906229036305955-0.004001476476443778j),-30.397568194615282
12464,12464,11.24639375,0.0053847149765384,(0.018710418932035598-0.019520758391670747j),,(0.018710418932037322-0.01952075839166614j),-29.597632189493826
12465,12465,11.24649375,0.0090455303384571,(-0.0690647698261781+0.030860087626800134j),,(-0.06906476982617785+0.030860087626800835j),-28.797696184372374
12466,12466,11.24659375,0.0085772210840855,(-0.04608138091065438+0.03646614467348927j),,(-0.04608138091065378+0.03646614467348762j),-27.997760179250918
12467,12467,11.24669375,0.0092223638473959,(-0.012402893370916074-0.04531296157412941j),,(-0.012402893370916667-0.04531296157412938j),-27.19782417412946
12468,12468,11.246793750000002,0.0083341825977144,(-0.014501386926441252-0.015856664592469726j),,(-0.014501386926443937-0.015856664592466464j),-26.39788816900801
12469,12469,11.246893750000002,0.008343102455789,(0.03526924400958985-0.03596764382909168j),,(0.0352692440095911-0.03596764382909064j),-25.597952163886553
12470,12470,11.24699375,0.0068355912727373,(0.03415682161125903-0.022890549949900862j),,(0.03415682161125964-0.022890549949900942j),-24.798016158765098
12471,12471,11.24709375,0.0069221775819353,(0.019692191774523048-0.05891140444711412j),,(0.01969219177452598-0.05891140444711097j),-23.998080153643645
12472,12472,11.24719375,0.0068568887193518,(-0.11997058433348494+0.06902744693447183j),,(-0.11997058433348615+0.06902744693447098j),-23.19814414852219
12473,12473,11.24729375,0.0080499578177589,(-0.05183434266091386+0.02069408347717456j),,(-0.05183434266091332+0.020694083477177067j),-22.398208143400733
12474,12474,11.24739375,0.0074435923196007,(-0.04467434259533083-0.006001939775362608j),,(-0.044674342595328945-0.006001939775359779j),-21.59827213827928
12475,12475,11.24749375,0.0076273721522007,(-0.017100114075676166+0.0014964084333678352j),,(-0.017100114075674445+0.0014964084333664168j),-20.798336133157825
12476,12476,11.247593750000002,0.0083479282001902,(-0.029955666863137883-0.005347210275720613j),,(-0.02995566686313584-0.00534721027572328j),-19.99840012803637
12477,12477,11.247693750000002,0.0073162815549117,(-0.0325337405137003-0.01591298171315057j),,(-0.032533740513696834-0.015912981713147575j),-19.198464122914913
12478,12478,11.24779375,0.0087737515472774,(-0.0475074372971427-0.02105027720096697j),,(-0.047507437297143795-0.021050277200966135j),-18.39852811779346
12479,12479,11.24789375,0.0090516110823018,(-0.0228736248986278-0.02519563842741062j),,(-0.022873624898629083-0.02519563842741387j),-17.598592112672005
12480,12480,11.24799375,0.0098495597527587,(-0.03247214271077844+0.020851949388572464j),,(-0.032472142710780964+0.020851949388573827j),-16.79865610755055
12481,12481,11.24809375,0.0080727335994946,(-0.010822757730089136-0.013820274956654876j),,(-0.010822757730087548-0.01382027495665048j),-15.998720102429097
12482,12482,11.24819375,0.0078953123424296,(-0.06386994079247924+0.06862672294788075j),,(-0.0638699407924799+0.06862672294788233j),-15.198784097307641
12483,12483,11.24829375,0.0083229441756552,(-0.02053719938744173+0.003944139578903916j),,(-0.020537199387447084+0.00394413957890753j),-14.398848092186187
12484,12484,11.248393750000002,0.00643743631782,(-0.03338173612016949+0.005912760827514612j),,(-0.033381736120170126+0.005912760827518196j),-13.59891208706473
12485,12485,11.248493750000002,0.0065974543419462,(-0.019917643491139333+0.009313586352465184j),,(-0.01991764349114057+0.009313586352466499j),-12.798976081943277
12486,12486,11.24859375,0.0060340533109141,(-0.025239757466752853+0.009266289150193391j),,(-0.025239757466755393+0.009266289150199404j),-11.999040076821823
12487,12487,11.24869375,0.0068389559849751,(-0.012698330261379252+0.007935980225682409j),,(-0.012698330261384621+0.007935980225684551j),-11.199104071700367
12488,12488,11.24879375,0.0068617492267375,(-0.015217679715609035-0.0021260011450921247j),,(-0.015217679715611812-0.0021260011450906177j),-10.399168066578913
12489,12489,11.24889375,0.0083902809183446,(-0.031134035760643046-0.00613153804155369j),,(-0.031134035760644378-0.006131538041553229j),-9.599232061457457
12490,12490,11.24899375,0.0083586977002734,(-0.004867741787151233+0.009079547124261369j),,(-0.004867741787150577+0.009079547124260127j),-8.799296056336003
12491,12491,11.249093750000002,0.0077717366629085,(-0.03660421463809613+0.00030749906167617494j),,(-0.036604214638098605+0.00030749906167911096j),-7.999360051214548
12492,12492,11.249193750000002,0.0070973107951469,(-0.013913887500494018-0.03160956117431122j),,(-0.013913887500500021-0.0316095611743114j),-7.199424046093093
12493,12493,11.24929375,0.0061682068931773,(-0.005097424415444121+0.015075411099432544j),,(-0.005097424415442803+0.01507541109943249j),-6.399488040971638
12494,12494,11.24939375,0.0060465695033053,(-0.016235487093644953-0.00591757589898203j),,(-0.01623548709364363-0.005917575898982947j),-5.599552035850183
12495,12495,11.24949375,0.0036188569314828,(-0.02769853640877586-0.014500242735316013j),,(-0.02769853640877804-0.014500242735319387j),-4.799616030728728
12496,12496,11.24959375,0.0046832500447875,(-0.023031179705782532+0.006243054888922701j),,(-0.023031179705780162+0.00624305488892108j),-3.999680025607274
12497,12497,11.24969375,0.0031354782392365,(-0.005461799457009599+0.002133190874630522j),,(-0.00546179945700825+0.0021331908746291743j),-3.199744020485819
12498,12498,11.24979375,0.004952602744616,(-0.01351181764076837-0.03371849904463952j),,(-0.013511817640768734-0.033718499044643274j),-2.399808015364364
12499,12499,11.249893750000002,0.0056889946781523,(-0.05846669236634448+0.0006653770851024623j),,(-0.05846669236634521+0.0006653770851026495j),-1.5998720102429096
12500,12500,11.249993750000002,0.0046512745985601,(-0.01547016107180897+0.006748206084378811j),,(-0.015470161071805055+0.0067482060843813705j),-0.7999360051214548
