,t,y,fft,fftfreq
0,3.7499937500000002,-1.0411896779422591e-05,(128.68005242042173+0j),0.0
1,3.75009375,0.00044577205740958554,(-0.018609818377025782-0.20026335446950758j),0.42103490379450575
2,3.75019375,-0.00036339264906423994,(0.07038048172079828-0.01814065530720664j),0.8420698075890115
3,3.75029375,0.002702674485870665,(-0.0915198505059853+0.016104018718630396j),1.2631047113835172
4,3.75039375,0.007082550380274849,(-0.0516859904453644-0.031122530079230083j),1.684139615178023
5,3.75049375,0.006451144636843801,(-0.03587874248560051+0.0010633200379387073j),2.105174518972529
6,3.75059375,0.007615657080000368,(0.010609084393358226-0.04933655927652194j),2.5262094227670344
7,3.75069375,0.007481382145724828,(0.005523980146671992-0.04151770269405903j),2.9472443265615405
8,3.75079375,0.007676783085644226,(-0.03428349414956645-0.007841949333682442j),3.368279230356046
9,3.75089375,0.007735581703052439,(-0.0030910510434318528+0.032706698577503204j),3.7893141341505516
10,3.75099375,0.007706165271446378,(-0.03583958495992728-0.028680587379412398j),4.210349037945058
11,3.75109375,0.007643396326988103,(-0.08502052850550061-0.0018437612563689254j),4.631383941739563
12,3.75119375,0.007913386391800406,(-0.029095528600085838-0.05903121357440636j),5.052418845534069
13,3.75129375,0.007122052118274422,(0.008282085672722785-0.02234419224271363j),5.473453749328574
14,3.75139375,0.006601972707249716,(-0.022839273277866494-0.017955263823359914j),5.894488653123081
15,3.75149375,0.007166649375604086,(-0.008776963486023031-0.0012057901534523064j),6.3155235569175865
16,3.75159375,0.006601529930734885,(0.023621518090271975+0.014102180770559858j),6.736558460712092
17,3.7516937500000003,0.006513595801635128,(-0.03602153621468927-0.02921717697611981j),7.157593364506598
18,3.75179375,0.005693694584776475,(-0.027161226030300696-0.04088298230589193j),7.578628268301103
19,3.7518937500000002,0.005393975163013336,(0.023701768464116264-0.0005724060665313023j),7.99966317209561
20,3.75199375,0.005795257776778966,(-0.01808367631205835-0.006339969214311292j),8.420698075890115
21,3.7520937500000002,0.00587519493456104,(-0.013443891750917723-0.011462125499761992j),8.84173297968462
22,3.75219375,0.005548812582857252,(-0.01344994738370157-0.006620934973694138j),9.262767883479126
23,3.75229375,0.005543733210001253,(-0.02868088446085669-0.018418330599894384j),9.683802787273633
24,3.75239375,0.0051389095348316404,(-0.027945986924665336+0.02303072784750629j),10.104837691068138
25,3.75249375,0.004719491890687777,(-0.036678107374618435+0.0021450013664282355j),10.525872594862644
26,3.75259375,0.004473046037159921,(-0.028196154997213202+0.006855246301748705j),10.946907498657149
27,3.75269375,0.004566175197370488,(-0.02256701195193371+0.014310951306745756j),11.367942402451655
28,3.75279375,0.005299405997883799,(-0.021893722836855437-0.03964837534379287j),11.788977306246162
29,3.75289375,0.00532382325846671,(-0.005494431531593756-0.011942247760948196j),12.210012210040667
30,3.75299375,0.004538869155893863,(-0.0030272859262455674+0.02944370849308179j),12.631047113835173
31,3.75309375,0.0038049635642058294,(-0.007051633738580934+0.010970088326097392j),13.052082017629678
32,3.75319375,0.003393593614532982,(-0.010295227698526505-0.02134334585583819j),13.473116921424184
33,3.75329375,0.0030993114094022595,(0.01884616184881581+0.017541062344455946j),13.89415182521869
34,3.75339375,0.002594018839893804,(-0.01564043759393589-0.01900712117370646j),14.315186729013195
35,3.75349375,0.002737286418262603,(-0.010654211318320984-0.010515545066893377j),14.736221632807702
36,3.75359375,0.003478443696547013,(-0.0046840171258863555-0.015046345680148558j),15.157256536602207
37,3.75369375,0.003566851094147436,(-0.029122744848765585-0.01162629099453822j),15.578291440396713
38,3.7537937500000003,0.0038011164082668723,(-0.04522516864036835+0.0014596611678880655j),15.99932634419122
39,3.75389375,0.003131326935750383,(-0.010503263893053338-0.02393879041885978j),16.420361247985724
40,3.7539937500000002,0.0035717850680449226,(-0.02981144014853091-0.0024612444324436916j),16.84139615178023
41,3.75409375,0.004016055333141173,(-0.0023507311628545163-0.01982359735524928j),17.262431055574737
42,3.75419375,0.003393302904488084,(-0.011997106605810976+0.030366147631809233j),17.68346595936924
43,3.75429375,0.0037426421076365577,(-0.010993572387037062-0.01765106352154075j),18.104500863163747
44,3.75439375,0.0027322671258033764,(-0.017357013272482315+0.006795048135436381j),18.525535766958253
45,3.75449375,0.0023626027204310188,(-0.012520912178845274-0.0014743076799241424j),18.94657067075276
46,3.75459375,0.0021314485327436346,(-0.0033453606984766744+0.004791516236702799j),19.367605574547266
47,3.75469375,0.0027666067580359916,(-0.030348213447098482+0.02425874685362471j),19.78864047834177
48,3.75479375,0.0037371636019681953,(-0.012419614448242123-0.018418834835806364j),20.209675382136275
49,3.75489375,0.003961373551255257,(-0.004898815328314512+0.011852558306971323j),20.630710285930782
50,3.75499375,0.004329039953185995,(-0.010668859622884566+0.013404343226930697j),21.05174518972529
51,3.75509375,0.0038194307638433687,(-0.024624492992783416+0.007228167804148542j),21.472780093519795
52,3.75519375,0.0034920597750227023,(-0.03932969132201774-0.01876602399742558j),21.893814997314298
53,3.75529375,0.0030655143202561433,(-0.04848254697943485+0.0027694031519236544j),22.314849901108804
54,3.75539375,0.003160360490273557,(-0.05844270156300391+0.03419730219174599j),22.73588480490331
55,3.75549375,0.004262359100221224,(-0.03990313962352505-0.010433234579306824j),23.156919708697817
56,3.75559375,0.005321528204082435,(0.17287843023071547-0.1805917219777816j),23.577954612492324
57,3.7556937500000003,0.00521055276099181,(0.005721645774299081-0.04447214292123794j),23.998989516286827
58,3.75579375,0.0041949342732118255,(0.02455120280005397-0.01794302643562974j),24.420024420081333
59,3.7558937500000003,0.003075745184119245,(-0.017823579122949358-0.017588136385226723j),24.84105932387584
60,3.75599375,0.003934122532135373,(-0.04610387745330963-0.01066053570898631j),25.262094227670346
61,3.7560937500000002,0.004846423465395818,(-0.0438558419640471+0.11562988682668793j),25.683129131464852
62,3.75619375,0.005466925970534748,(0.06030251940923602-0.054313683464588966j),26.104164035259355
63,3.75629375,0.005628560461034267,(0.024925548963724245-0.012726744297063598j),26.525198939053862
64,3.75639375,0.006008861953826463,(0.01158009390526637-0.029604390364041316j),26.94623384284837
65,3.75649375,0.0062908147845354995,(0.0015159636821005795+0.0072325931147410386j),27.367268746642875
66,3.75659375,0.0058008975112137295,(0.03280006373122792+0.0032646625368226156j),27.78830365043738
67,3.75669375,0.005599928619624153,(0.010070935806480899-0.01528275816526025j),28.209338554231884
68,3.75679375,0.005688000725397477,(0.038711413569851014+0.007590191553574113j),28.63037345802639
69,3.75689375,0.006209003955028373,(0.05544384365455614+0.08689155801027934j),29.051408361820897
70,3.75699375,0.006595228608925317,(-0.08216452114892452-0.08006749873240715j),29.472443265615404
71,3.75709375,0.006330437459358673,(-0.0673361548672325-0.019936321211734914j),29.89347816940991
72,3.75719375,0.006554428490332235,(-0.06160784282882783+0.027960879081463257j),30.314513073204413
73,3.75729375,0.007463273095530463,(-0.021298816496666553-0.02955225182661099j),30.73554797699892
74,3.75739375,0.007836609329152137,(0.03741300992079734+0.04060751508796476j),31.156582880793426
75,3.75749375,0.0077024245750983815,(-0.011465249616854831+0.006663252641106631j),31.577617784587932
76,3.75759375,0.007567071876288686,(-0.03361038263187721-0.014525005666613022j),31.99865268838244
77,3.75769375,0.007854700501376806,(-0.0006402180358466153-0.031797541562536516j),32.41968759217694
78,3.7577937500000003,0.007675822849173036,(0.011868419988441944+0.025106552436055442j),32.84072249597145
79,3.75789375,0.007525821748653955,(0.00785780690439876+0.007813623665346436j),33.261757399765955
80,3.7579937500000002,0.007143441595037646,(-0.046253310078167575+0.01451617111253621j),33.68279230356046
81,3.75809375,0.007144640865027993,(0.004511914668525317+0.008190025849368732j),34.10382720735497
82,3.75819375,0.007578729536127344,(0.015809682504356153+0.012500849410022372j),34.524862111149474
83,3.75829375,0.008303178527463111,(-0.020098531770690025+0.0006458205295561299j),34.94589701494398
84,3.75839375,0.008726275945908196,(-0.010396802571547546-0.010411708469360122j),35.36693191873848
85,3.75849375,0.008008961885404257,(-0.0056792977222730814-0.010086828343019348j),35.78796682253299
86,3.75859375,0.007324519290116644,(-0.03056765989056063+0.024327339503780313j),36.20900172632749
87,3.75869375,0.0079736377513268,(-0.043743719502959244-0.00011822480589762652j),36.630036630122
88,3.75879375,0.00839720618258581,(-0.035732175448554185+0.01797967011259846j),37.051071533916506
89,3.75889375,0.008789926950434191,(-0.011821856832488074-0.0025879120369556516j),37.47210643771101
90,3.75899375,0.00855023358819876,(-0.01828403849866039+0.02872053806162552j),37.89314134150552
91,3.75909375,0.007490016858091123,(-0.010261794423507012-0.008976081730775451j),38.314176245300025
92,3.75919375,0.007446416775323833,(-0.003685235777626583+0.024742520675712705j),38.73521114909453
93,3.75929375,0.007558246394514152,(-0.01407475184544199-0.009794798571170868j),39.15624605288904
94,3.75939375,0.008032911134192645,(-0.009478306699207184-0.015379978151799756j),39.57728095668354
95,3.75949375,0.00752638303380788,(-0.03721660272504254-0.011256997750112473j),39.998315860478044
96,3.75959375,0.0067121639924799794,(-0.016165022307956314-0.006744818528002364j),40.41935076427255
97,3.7596937500000003,0.006678881528952054,(-0.024455505987694692+0.004169868881087217j),40.84038566806706
98,3.75979375,0.006471117168673431,(-0.0023663683099743454+0.016808983381249233j),41.261420571861564
99,3.7598937500000003,0.005886306949242367,(0.001915195970474709-0.015110090772710666j),41.68245547565607
100,3.75999375,0.005298294071745496,(-0.02739310249255352-0.03208145885446138j),42.10349037945058
101,3.7600937500000002,0.005308507444754277,(-0.030863971366935698-0.023409306678265365j),42.52452528324508
102,3.76019375,0.005521069068138222,(-0.03604238544351594+0.016380840016025234j),42.94556018703959
103,3.76029375,0.005970222263942513,(-0.02533220558347713+0.010250996565607975j),43.366595090834096
104,3.76039375,0.005474849903525907,(-0.01467009341422619+8.297951515426338e-07j),43.787629994628595
105,3.76049375,0.005037695150608865,(-0.015855931689514567-0.009754646517161032j),44.2086648984231
106,3.76059375,0.004636561286729719,(0.00424793011171982-0.010941763201648542j),44.62969980221761
107,3.76069375,0.004195171038950226,(-0.03343596419695018+0.019691796169752515j),45.050734706012115
108,3.76079375,0.003978824659450923,(-0.010649403208088007+0.01668844506204197j),45.47176960980662
109,3.76089375,0.004315409314248069,(-0.012924583393560445-0.014521168008775918j),45.89280451360113
110,3.76099375,0.004575555640801163,(-0.009674308050188513-0.003752726517492859j),46.313839417395634
111,3.76109375,0.0043490108107822854,(-0.05171471954750157-0.05989467589826239j),46.73487432119014
112,3.76119375,0.004285193474298747,(0.09469241351462718-0.002780090569707315j),47.15590922498465
113,3.76129375,0.0043849724134343085,(0.008489219215473721-0.01754845449793918j),47.576944128779154
114,3.76139375,0.0047326770980374395,(-0.017637904469842994-0.025950147483465788j),47.99797903257365
115,3.76149375,0.00493170807877352,(-0.01055200563519594-0.01525754569230637j),48.41901393636816
116,3.76159375,0.004687017251304161,(0.012888745018069005-0.021674219507329145j),48.840048840162666
117,3.76169375,0.003988250756073182,(-0.014524203702864627-0.04236051678160338j),49.26108374395717
118,3.7617937500000003,0.0032369160457458236,(-0.02115531905042182+0.0038732833587408477j),49.68211864775168
119,3.76189375,0.0028457725466759917,(-0.023641325763826045+0.020305551976005816j),50.103153551546185
120,3.7619937500000002,0.00284322564351148,(-0.01676165081900618-0.01757375835898159j),50.52418845534069
121,3.76209375,0.0028861350714146626,(-0.057007679987439414+0.013957441469083795j),50.9452233591352
122,3.7621937500000002,0.002775477708315649,(-0.03289982061134337-0.03992627802543505j),51.366258262929705
123,3.76229375,0.0028307379219143372,(-0.016550845039105838-0.04279259369815959j),51.78729316672421
124,3.76239375,0.003434372332434387,(-0.022962581224595633-0.017675653017233915j),52.20832807051871
125,3.76249375,0.0036540821079975943,(-0.02594420764453654+0.0024441538755627344j),52.62936297431322
126,3.76259375,0.003431478705772218,(-0.023205251210640786-0.021260136338576364j),53.050397878107724
127,3.76269375,0.0031488132205399425,(-0.0010277843673405646+0.0021023013984031516j),53.47143278190223
128,3.76279375,0.0028763348242586157,(-0.015108148530290591+0.003577397972338442j),53.89246768569674
129,3.76289375,0.0033648553358188206,(-0.016597073058115683-0.0023050905404801147j),54.31350258949124
130,3.76299375,0.0038019879086716554,(-0.016207300693921955-0.006833716276305463j),54.73453749328575
131,3.76309375,0.003735672572244849,(-0.0006931318691942023-0.0003543206851691419j),55.155572397080256
132,3.76319375,0.0036970198421497355,(0.00951519746937329+0.014842148506352612j),55.57660730087476
133,3.76329375,0.003360112783560642,(-0.03748466905624333-0.007127912828824939j),55.99764220466926
134,3.76339375,0.00338131408365054,(-0.007565332634181583-0.004932299725014595j),56.41867710846377
135,3.76349375,0.0033411227682518248,(-0.03192808801798336+0.012161899792203876j),56.839712012258275
136,3.76359375,0.0031352008545779734,(-0.01325295728656897-0.023174858073941193j),57.26074691605278
137,3.76369375,0.0032161161147276603,(-0.009161980567503954-0.013885455528290434j),57.68178181984729
138,3.76379375,0.003845877582255502,(-0.009757836395470553-0.003330602796495559j),58.102816723641794
139,3.7638937500000003,0.004234682367942936,(0.0036083546851111868-0.022212022647611674j),58.5238516274363
140,3.76399375,0.003996681471481649,(-0.004089485678552357+0.004121456335872339j),58.94488653123081
141,3.7640937500000002,0.0038947048530279813,(-0.014180370725547616-0.018415162426264734j),59.365921435025314
142,3.76419375,0.004033689462789093,(0.03725011132833565-0.04044844620653048j),59.78695633881982
143,3.76429375,0.0048167155097478005,(-0.030855281473283706+0.02454784107972551j),60.20799124261432
144,3.76439375,0.004574565218283604,(-0.035902716398720516-0.017644535345192683j),60.629026146408826
145,3.76449375,0.0037656363927408626,(-0.01075238314792766-0.019307649543390246j),61.05006105020333
146,3.76459375,0.0042855662952038754,(-0.03913415773723891-0.004028939357338765j),61.47109595399784
147,3.76469375,0.005205652149505067,(-0.03778063603669455-0.005323702389553037j),61.892130857792345
148,3.76479375,0.005327980575256562,(-0.010816142814321885-0.026126436676760387j),62.31316576158685
149,3.76489375,0.005437744347756406,(-0.007231414715943102-0.00768088514906777j),62.73420066538136
150,3.76499375,0.006103931807761215,(-0.03948607182455483-0.047039231915832716j),63.155235569175865
151,3.76509375,0.006422113694122815,(-0.028069275484060727-0.00281764933462339j),63.57627047297037
152,3.76519375,0.006657179645741283,(-0.014580775223421879+0.003557742607033197j),63.99730537676488
153,3.76529375,0.006624846862511691,(0.013063078358096806-0.00026800243995760836j),64.41834028055938
154,3.76539375,0.00700547127139971,(-0.015195756540644076+0.009625719320571484j),64.83937518435388
155,3.76549375,0.007748041722445359,(-0.01456026576016664-0.016104593417840624j),65.26041008814839
156,3.76559375,0.007904261101605694,(-0.019408981421426986+0.0009878148085152062j),65.6814449919429
157,3.76569375,0.007679995888507956,(-0.03793306203299929-0.008627296759052959j),66.1024798957374
158,3.7657937500000003,0.007899003513733906,(-0.012961045255602585-0.05477308928696098j),66.52351479953191
159,3.76589375,0.008298182378498086,(-0.01349520862442577+0.012404466187896698j),66.94454970332642
160,3.7659937500000003,0.007860945547043967,(0.006087587909637218+0.0030904126086298903j),67.36558460712092
161,3.76609375,0.007266130792950307,(-0.02373108230130644-0.0007826629407880065j),67.78661951091543
162,3.7661937500000002,0.006804968838160681,(-0.003180928765835811-0.020624872403419973j),68.20765441470994
163,3.76629375,0.007174486529595233,(-0.0027747160982525424-0.008575705672424425j),68.62868931850444
164,3.76639375,0.007274216495618359,(0.014001132105942407-0.0005681745756580397j),69.04972422229895
165,3.76649375,0.00686003174857034,(0.015151250856314403-0.026525605614019242j),69.47075912609345
166,3.76659375,0.007051517879458151,(-0.02176656814858443+0.008253504407589934j),69.89179402988796
167,3.76669375,0.0074794386438112835,(-0.007353740863470848-0.00681962533298474j),70.31282893368247
168,3.76679375,0.0075262573225419365,(0.017154092693206436-0.047912678346612544j),70.73386383747696
169,3.76689375,0.0076248610190336776,(-0.001160527495297374-0.004355750165047023j),71.15489874127147
170,3.76699375,0.008212049463191496,(-0.01732775733245396+0.0027672609808429387j),71.57593364506597
171,3.76709375,0.008476462360638332,(-0.010822263724654148+0.004293452030737409j),71.99696854886048
172,3.76719375,0.00840856673797105,(-0.028600452546307588-0.006536397377553797j),72.41800345265499
173,3.76729375,0.007719583420612692,(-0.021073083803129868+0.003080617903534125j),72.83903835644949
174,3.76739375,0.007160577832121027,(-0.00799219913746059-0.03621129761741106j),73.260073260244
175,3.76749375,0.007664477770286452,(-0.09309330396775448-0.005328875083486173j),73.6811081640385
176,3.76759375,0.007865818757177928,(0.014028329676283528+0.0036356149673198307j),74.10214306783301
177,3.76769375,0.007417638882969118,(-0.028909812823577748-0.019377543029935725j),74.52317797162752
178,3.76779375,0.0068731786168007404,(-0.001702460058815334-0.049323281109095916j),74.94421287542202
179,3.7678937500000003,0.006208356459798905,(-0.021787508847388247-0.018229331554541726j),75.36524777921653
180,3.76799375,0.006227367353348834,(-0.02922658343898711-0.017846311127050277j),75.78628268301104
181,3.7680937500000002,0.006406817990992093,(-0.010636539408932971+0.011680023489308675j),76.20731758680554
182,3.76819375,0.006472378887719182,(-0.0002799944829676923-0.024735126186643298j),76.62835249060005
183,3.76829375,0.005928015670632776,(-0.010055129276486878-0.008528392726881287j),77.04938739439456
184,3.76839375,0.005830719749140731,(0.020685425591438628+0.004807720628294231j),77.47042229818906
185,3.76849375,0.005839184168356146,(-0.053115577726427825-0.05234565971423492j),77.89145720198357
186,3.76859375,0.005953524652129783,(-0.00531368325103284+0.011772944109798417j),78.31249210577808
187,3.76869375,0.005530198894077403,(-0.0058219757576042745+0.049057254818745524j),78.73352700957258
188,3.76879375,0.005194327228901122,(-0.04639878583572758+0.02421026903117014j),79.15456191336708
189,3.76889375,0.004973747234305203,(0.0198802271742287+0.008928308834154831j),79.57559681716158
190,3.76899375,0.00497718367019546,(-0.030874468603395877+0.029823906636551198j),79.99663172095609
191,3.76909375,0.0053739217190947024,(-0.041361741891703586+0.005499101873227597j),80.4176666247506
192,3.76919375,0.005078376259749875,(0.007184059873693815+0.019760495358813454j),80.8387015285451
193,3.76929375,0.004462625117566846,(-0.01297441987033624-0.0366030345046882j),81.25973643233961
194,3.76939375,0.004322632065073023,(-0.043226972584832796+0.011301335249179402j),81.68077133613411
195,3.76949375,0.003727073368521066,(-0.01110906933332433-0.01603101349201222j),82.10180623992862
196,3.76959375,0.0034700906283121934,(-0.006546370488757313+0.01501415477765252j),82.52284114372313
197,3.76969375,0.004351212311769844,(-0.09378877879720057-0.07519995123957249j),82.94387604751763
198,3.7697937500000003,0.005133938365084401,(-0.0043932813149575554+0.0036565799032318713j),83.36491095131214
199,3.76989375,0.005517531056283947,(0.0021764731632927456+0.016921398188126227j),83.78594585510665
200,3.7699937500000003,0.005123557801655087,(0.024966305558585873-0.01346400044093171j),84.20698075890115
201,3.77009375,0.0028672295169815502,(-0.006331309766444533+0.02397981608009253j),84.62801566269566
202,3.7701937500000002,0.003060081949171175,(0.033799721020066315-0.008010313793893588j),85.04905056649017
203,3.77029375,0.004087021507393912,(0.009501889673583508-0.02263901021434846j),85.47008547028467
204,3.77039375,0.00366599119248988,(0.01832685378782941+0.011608584707054377j),85.89112037407918
205,3.77049375,0.0021569521445593542,(0.031030649029421965-0.021806134255306656j),86.31215527787369
206,3.77059375,0.0014914014094103722,(-0.0037077642766121417-0.020215512118212604j),86.73319018166819
207,3.77069375,0.0025896236430407904,(-0.025472490699653745-0.011302470073202349j),87.15422508546268
208,3.77079375,0.004057338887308333,(-0.01887491475313863-0.02697558838777563j),87.57525998925719
209,3.77089375,0.003393023576044999,(0.017611108133566058-0.01302721082022194j),87.9962948930517
210,3.77099375,0.0026594039393186787,(-0.01492041908876621+0.027963880193181714j),88.4173297968462
211,3.77109375,0.0036287147155884387,(0.019374831355254585+0.03524148925958935j),88.83836470064071
212,3.77119375,0.0036997038839577034,(-0.03375609050486714-0.07179817656633618j),89.25939960443522
213,3.77129375,0.0037122604420910307,(-0.004629947390984948-0.03724235984183824j),89.68043450822972
214,3.77139375,0.00355778374609871,(-0.01404418212299145-0.020282959912892848j),90.10146941202423
215,3.77149375,0.0032201660846623427,(-0.07019944929821431-0.11101081359294997j),90.52250431581874
216,3.77159375,0.003949973542577109,(0.066018525031512+0.03737498680144724j),90.94353921961324
217,3.77169375,0.004329834489523663,(0.010016272033363534-0.045728361222227024j),91.36457412340775
218,3.77179375,0.003519415782431951,(0.0020637812072045623+0.005983277922679336j),91.78560902720226
219,3.7718937500000003,0.0026788666764324203,(0.10602846314469411-0.047345425621584745j),92.20664393099676
220,3.77199375,0.002937025063585733,(0.03880068481122507+0.0780768042670402j),92.62767883479127
221,3.7720937500000002,0.0029296792341390755,(-0.012385257017611574-0.002869523430358914j),93.04871373858577
222,3.77219375,0.0036292393269225106,(0.05560734389365095+0.028584739692704395j),93.46974864238028
223,3.7722937500000002,0.003907339555528061,(0.04803275487986676-0.08714790769807658j),93.89078354617479
224,3.77239375,0.00492302890495879,(0.03667970755003714-0.014376219983633006j),94.3118184499693
225,3.77249375,0.005804587211583763,(-0.025026364834410668-0.020295403510962984j),94.7328533537638
226,3.77259375,0.005591251619078319,(0.04025067376940383-0.014184066532412963j),95.15388825755831
227,3.77269375,0.005160283025565061,(0.05504335817006671+0.030675906064333236j),95.5749231613528
228,3.77279375,0.0047350723727221326,(0.07030348589227338-0.09007455507739179j),95.9959580651473
229,3.77289375,0.005402495320357574,(0.06336310250011055+0.0533295153207923j),96.41699296894181
230,3.77299375,0.005161684629717177,(-0.08418021435165463-0.0608429765116477j),96.83802787273632
231,3.77309375,0.004266570260485367,(-0.022587070444151536+0.003696251950518748j),97.25906277653083
232,3.77319375,0.004695170949560983,(0.02131559672125798+0.019892941272329514j),97.68009768032533
233,3.77329375,0.005163832940185488,(0.009074313727389628+0.005822105647207521j),98.10113258411984
234,3.77339375,0.006723614828758192,(0.03526730711319111-0.01937605517529837j),98.52216748791434
235,3.77349375,0.0073191296367847575,(0.16775431224746967+0.011910987135066477j),98.94320239170885
236,3.77359375,0.006836171498705043,(-0.15400613521771367+0.07041890159291009j),99.36423729550336
237,3.77369375,0.006859981918429731,(-0.059529086367029325-0.07707029310779516j),99.78527219929786
238,3.7737937500000003,0.006932170047534953,(-0.012958274875230175-0.03726410399621832j),100.20630710309237
239,3.77389375,0.00714457461666999,(-0.10378684014396686-0.025192037541875274j),100.62734200688688
240,3.7739937500000003,0.007571773668226277,(0.03767109239393942-0.02411140732423725j),101.04837691068138
241,3.77409375,0.0075989976931404345,(-0.000943798319687772+0.2549813465629074j),101.46941181447589
242,3.7741937500000002,0.007189834747106425,(0.1142664657768859-0.09008555240163957j),101.8904467182704
243,3.77429375,0.007984499378261244,(-0.043293928292410355+0.05918697568431099j),102.3114816220649
244,3.77439375,0.008215080769132967,(0.014020118345087257-0.06303718436733326j),102.73251652585941
245,3.77449375,0.007851769400089468,(-0.0229281022085068-0.04376538692135237j),103.15355142965392
246,3.77459375,0.0067000055111874485,(0.1401781922702227+0.2158714491997124j),103.57458633344842
247,3.77469375,0.006009922846676763,(0.19424398621856845+0.0865855157134193j),103.99562123724291
248,3.77479375,0.006077132795152792,(-0.0019963226347511076+0.025991838689987622j),104.41665614103742
249,3.77489375,0.006730634035787165,(0.13404176516059887+0.07189342702091145j),104.83769104483193
250,3.77499375,0.006366727783783118,(0.1059953806258076-0.15898821523290974j),105.25872594862643
251,3.77509375,0.006959122428804459,(0.06291665681231971-0.1573383992079485j),105.67976085242094
252,3.77519375,0.008470187138294087,(0.13571203152086825+0.05698961685982121j),106.10079575621545
253,3.77529375,0.0086968784935441,(0.15919334024853624+0.09324868496126894j),106.52183066000995
254,3.77539375,0.008362337986293997,(0.05434918102347019-0.08191327688763302j),106.94286556380446
255,3.77549375,0.007315664385390445,(-0.1655595242268084-0.06157026773818588j),107.36390046759897
256,3.77559375,0.00787244366819933,(-0.03503416230250504+0.1398211328125003j),107.78493537139347
257,3.77569375,0.008139571950841147,(0.13189326651999422+0.020639634302644518j),108.20597027518798
258,3.77579375,0.007368515068220884,(-0.0007139970033803386-0.022168559571546766j),108.62700517898249
259,3.7758937500000003,0.005974507090251025,(0.03164781957333964-0.08553504513911606j),109.04804008277699
260,3.77599375,0.0063550119173095415,(-0.0386331163094579-0.009797522253011226j),109.4690749865715
261,3.7760937500000002,0.007609743262279348,(-0.08573170661965507-0.019491286565719343j),109.890109890366
262,3.77619375,0.00850651402186204,(0.06016283617412743-0.12628567146990824j),110.31114479416051
263,3.7762937500000002,0.007530777965461744,(0.14278156133428002+0.0946077708232266j),110.73217969795502
264,3.77639375,0.006407185328122201,(0.05619005908268082+0.005058524861576819j),111.15321460174953
265,3.77649375,0.006766027881513078,(-0.044825290888395236+0.011378978332537808j),111.57424950554403
266,3.77659375,0.007694739824659626,(0.04989264739374107-0.0714238646303758j),111.99528440933852
267,3.77669375,0.007157267550729661,(0.11187883918972032-0.02131777370537006j),112.41631931313303
268,3.77679375,0.006426386028324455,(-0.007884203817337669-0.03778458657235329j),112.83735421692754
269,3.77689375,0.005623076262118017,(0.22819937560076203-0.1750015527802116j),113.25838912072204
270,3.77699375,0.005004691724220967,(0.12458501967890538+0.1240263490745386j),113.67942402451655
271,3.77709375,0.0051680471206138395,(0.09980470259057972-0.048800453905444505j),114.10045892831106
272,3.77719375,0.004715961295012546,(0.24120394763158703-0.01760369528511281j),114.52149383210556
273,3.77729375,0.004858831769486342,(0.02102119066530604-0.09181802273135004j),114.94252873590007
274,3.77739375,0.004326707273755251,(0.17988081665506228-0.22370189726646766j),115.36356363969458
275,3.77749375,0.004134386479265501,(-0.041887255986722445-0.16472664607670787j),115.78459854348908
276,3.77759375,0.004881768438297027,(0.3417488031213172+0.06558409610326894j),116.20563344728359
277,3.77769375,0.004417812832607373,(-0.1861804228531715-0.5503294563256229j),116.6266683510781
278,3.77779375,0.004328210519044321,(0.0006739408773525999+0.14717872014061928j),117.0477032548726
279,3.77789375,0.005372619500982584,(-0.2105260146607774-0.28717247294720627j),117.46873815866711
280,3.7779937500000003,0.0043330937889912565,(0.3638081807232361+0.02923216065193291j),117.88977306246161
281,3.77809375,0.002667733620771426,(0.7010484813858333-0.3120968045923457j),118.31080796625612
282,3.7781937500000002,0.0031145712721276867,(1.2247678980963839-0.00023571077479492622j),118.73184287005063
283,3.77829375,0.004165473909353214,(0.6996630768937605-0.2338975982037027j),119.15287777384513
284,3.77839375,0.0053370596402110984,(1.6242796930824153-1.1297611577882987j),119.57391267763964
285,3.77849375,0.0038243008356445996,(30.073240161016972+3.1966972087131817j),119.99494758143415
286,3.77859375,0.002049371322594715,(-2.1405189942402174+0.8075692542198052j),120.41598248522864
287,3.77869375,0.00299631425657374,(-0.5204142605659847+0.44543569818508655j),120.83701738902315
288,3.77879375,0.0036622397182901837,(-0.6887283100328213+0.8324952366238316j),121.25805229281765
289,3.77889375,0.0034616000675972785,(-0.9638122675683037-0.011792562749247535j),121.67908719661216
290,3.77899375,0.002881981934178741,(-0.3315397307504722+0.054048842663600154j),122.10012210040667
291,3.77909375,0.0019132457512368532,(-0.30074344715105017+0.11995400458672986j),122.52115700420117
292,3.77919375,0.003045912909780816,(-0.1519866776010545+0.16360053765529242j),122.94219190799568
293,3.77929375,0.0041732847314916565,(-0.2323363571983488+0.13242333547563417j),123.36322681179018
294,3.77939375,0.003952572067508837,(-0.22951579535739886+0.13480495956270017j),123.78426171558469
295,3.77949375,0.0030848142637980875,(-0.25075797089267965-0.05913940519361329j),124.2052966193792
296,3.77959375,0.0024268562858847727,(-0.03608554079167904-0.014759234292853692j),124.6263315231737
297,3.77969375,0.002884004998347061,(-0.10801084062512346+0.03274671493088423j),125.04736642696821
298,3.77979375,0.003397792070194719,(-0.11425135168080391+0.10411761124856472j),125.46840133076272
299,3.7798937500000003,0.0032154227265243454,(-0.22886718165408843+0.07783081159552607j),125.88943623455722
300,3.77999375,0.003269094436122663,(-0.16787666222960518+0.1891037444697669j),126.31047113835173
301,3.7800937500000003,0.004306214864296968,(-0.010539492728233882-0.05734658979920747j),126.73150604214624
302,3.78019375,0.004713896824269099,(0.01250655500543535+0.16641358624989888j),127.15254094594074
303,3.7802937500000002,0.004466362679156054,(-0.3955287942333412-0.11417240080189496j),127.57357584973525
304,3.78039375,0.0039381761262929,(-0.125596990096542-0.10419923887584782j),127.99461075352976
305,3.78049375,0.003866085119273932,(-0.040127012017427494+0.043110473802846126j),128.41564565732426
306,3.78059375,0.004481351296455741,(-0.34878193252001366+0.12143642022870596j),128.83668056111875
307,3.78069375,0.005743559001091517,(0.2253971656430252-0.08264030866111899j),129.25771546491328
308,3.78079375,0.005188685132370381,(-0.1925917922037223+0.006890645605265363j),129.67875036870777
309,3.78089375,0.004524921259738584,(0.08630434115200078-0.22024775439331068j),130.0997852725023
310,3.78099375,0.004066534154363067,(-0.05642779425026397+0.12891519265937962j),130.52082017629678
311,3.78109375,0.0046324353092204425,(0.017506853608371384-0.06426901113089954j),130.9418550800913
312,3.78119375,0.005203079768612797,(-0.19765374729364277-0.19547620938774982j),131.3628899838858
313,3.78129375,0.004417165903163474,(-0.16060764534094385+0.16778991990272757j),131.7839248876803
314,3.78139375,0.004921570522192845,(0.0027860372983905847+0.11218600619976034j),132.2049597914748
315,3.78149375,0.005778073450237365,(-0.055577707456710666+0.020211854916952845j),132.62599469526933
316,3.78159375,0.006630343318597683,(-0.17414236955460688-0.15420615833933982j),133.04702959906382
317,3.78169375,0.005404767751970641,(0.12207791547089036+0.07531717816521635j),133.4680645028583
318,3.78179375,0.004637868888292773,(-0.18959109018843007+0.1743350268822374j),133.88909940665283
319,3.78189375,0.0049188670268765266,(-0.12173489885076218+0.0698786351090963j),134.31013431044732
320,3.7819937500000003,0.006906981740626588,(-0.06564289023739119+0.16164763732815424j),134.73116921424185
321,3.78209375,0.007821908087148667,(-0.1243358928294136+0.08520447145792101j),135.15220411803634
322,3.7821937500000002,0.007396187158522452,(-0.01807427052823639+0.09560280322971734j),135.57323902183086
323,3.78229375,0.00755964665376074,(-0.058936141076384285+0.05960843560618968j),135.99427392562535
324,3.78239375,0.00704601465790635,(-0.0604764412699194+0.05145553070881348j),136.41530882941987
325,3.78249375,0.007172658494517427,(-0.018269632018849246-0.004693413750065937j),136.83634373321436
326,3.78259375,0.006492441453529998,(0.03729462615549012-0.013432723543175276j),137.25737863700888
327,3.78269375,0.006901072465824507,(0.0066800293153228465+0.07522478342425379j),137.67841354080338
328,3.78279375,0.007062942663103126,(-0.2183029797241763+0.1775151269456529j),138.0994484445979
329,3.78289375,0.008711102788871558,(-0.01644541578146589-0.05997720691689484j),138.5204833483924
330,3.78299375,0.009260802825808621,(0.0048803452839550066+0.08587352097077508j),138.9415182521869
331,3.78309375,0.008354516416887132,(-0.04219364675567508-0.04688327343091182j),139.3625531559814
332,3.78319375,0.006391683845530098,(-0.056117177184477965+0.0805131009657141j),139.78358805977592
333,3.78329375,0.0060809588022191045,(0.07233106189543292+0.08948216866597142j),140.20462296357042
334,3.78339375,0.007202968569227866,(0.1488721899826247+0.027342480255691123j),140.62565786736494
335,3.78349375,0.007249803306480921,(0.16319493690164646+0.4739914915999047j),141.04669277115943
336,3.78359375,0.006954183287829238,(-0.04195814078830869-0.22281179427601752j),141.46772767495392
337,3.78369375,0.006506092119061792,(-0.16191892951792405-0.02715718662415455j),141.88876257874844
338,3.78379375,0.008164597911015365,(-0.03237712194136655+0.01510029046247972j),142.30979748254293
339,3.7838937500000003,0.009198738411415556,(-0.14543836348195646+0.03385063199119542j),142.73083238633745
340,3.78399375,0.007762881138281396,(-0.0454444590781081-0.03280404372984822j),143.15186729013195
341,3.7840937500000003,0.0065775679755534335,(-0.0282614644981157+0.10067409932440755j),143.57290219392647
342,3.78419375,0.007394114515775703,(-0.13220702156427225+0.020527181765259153j),143.99393709772096
343,3.7842937500000002,0.008216711986168255,(-0.10904802822914467-0.12564977100665514j),144.41497200151548
344,3.78439375,0.00814360594367447,(-0.1318685857671963-0.03554274582904787j),144.83600690530997
345,3.78449375,0.006768081103882085,(-0.0047350662923297815-0.04331556846050088j),145.2570418091045
346,3.78459375,0.006895533158678823,(-0.1483481350450459-0.034205518273734956j),145.67807671289899
347,3.78469375,0.007257840167175614,(-0.13058468465251802-0.06649538988055945j),146.0991116166935
348,3.78479375,0.007124678669371382,(-0.04585098252757343+0.06579331526295025j),146.520146520488
349,3.78489375,0.006231124021489733,(-0.15107448097623652+0.04431646189310494j),146.94118142428252
350,3.78499375,0.00545079548302853,(-0.2139434202695665-0.011561333839017326j),147.362216328077
351,3.78509375,0.006048684385718538,(-0.22018771947298538-0.2318119494686582j),147.78325123187153
352,3.78519375,0.006739207648362761,(-0.10747627483391449+0.12089743236022688j),148.20428613566602
353,3.78529375,0.005545476359043163,(-0.16074040999368197+0.015999767933939542j),148.62532103946054
354,3.78539375,0.004550964850370508,(-0.4822455738798553-0.21341238876075308j),149.04635594325504
355,3.78549375,0.005454286063306535,(0.2940587923107105+0.13790708581341177j),149.46739084704953
356,3.78559375,0.005799060329787313,(0.019477054492383197+0.06407466165458967j),149.88842575084405
357,3.78569375,0.005835144011157322,(-0.017025076037144954+0.024497626151019598j),150.30946065463854
358,3.78579375,0.005115059868404436,(0.10469885802751042-0.023981767198191957j),150.73049555843306
359,3.78589375,0.004554653017911866,(0.05239044718682325-0.0971836508508361j),151.15153046222756
360,3.7859937500000003,0.004719019260151249,(-0.03170582404101749-0.01107854526310149j),151.57256536602208
361,3.78609375,0.004811818090192769,(-0.023575838642525604+0.07200815352051565j),151.99360026981657
362,3.7861937500000002,0.003997557154184272,(-0.005087067974416816-0.007081247010573916j),152.4146351736111
363,3.78629375,0.003747163811887119,(-0.07804557659151962+0.030955727659024313j),152.83567007740558
364,3.7863937500000002,0.0034462299419856218,(-0.016932920269586302+0.057212775345486924j),153.2567049812001
365,3.78649375,0.00381095565584479,(-0.0004123365850793514+0.0881297847289581j),153.6777398849946
366,3.78659375,0.004233995361703203,(-0.01751528477064474-0.024052675710467604j),154.09877478878911
367,3.78669375,0.004194063819659516,(0.08452353596188569+0.11378160647853054j),154.5198096925836
368,3.78679375,0.004439785663722173,(-0.07756077560909881+0.07986384481393151j),154.94084459637813
369,3.78689375,0.003342297481464749,(-0.02953163926184013-0.31516673641518217j),155.36187950017262
370,3.78699375,0.0036967227339949234,(-0.18973729996502534-0.052271221091363396j),155.78291440396714
371,3.78709375,0.0038430585962758684,(-0.05742054377682692+0.07620401231816684j),156.20394930776163
372,3.78719375,0.003005502218771506,(-0.05777991568225857-0.052303457503261014j),156.62498421155615
373,3.78729375,0.0034395119220535703,(-0.018484809418514+0.04356989565604854j),157.04601911535065
374,3.78739375,0.0035085862572746557,(-0.04529961809103427-0.04149209911642179j),157.46705401914517
375,3.78749375,0.0037606783011074735,(-0.15297801810914913+0.02707504446316067j),157.88808892293966
376,3.78759375,0.0029394718918252984,(-0.05699139701073514+0.035535672542047946j),158.30912382673415
377,3.78769375,0.002145572287833062,(-0.0602976833454031+0.08587765768722116j),158.73015873052867
378,3.78779375,0.0022044759902469465,(-0.09190780955158179+0.049293080389881755j),159.15119363432316
379,3.78789375,0.002562616874479535,(0.025942480264044387+0.019054405448232226j),159.57222853811768
380,3.78799375,0.0037729935594891756,(-0.023186140046434572+0.04159476548609228j),159.99326344191218
381,3.7880937500000003,0.003298403512752423,(-0.006310487321261517+0.010094522290963748j),160.4142983457067
382,3.78819375,0.0032965389966925,(-0.008999959030384943+0.05543057845272756j),160.8353332495012
383,3.7882937500000002,0.003364859211732802,(0.004188099523188275+0.0921388539058002j),161.2563681532957
384,3.78839375,0.00369393702665137,(0.05721588691412978-0.057597772952790546j),161.6774030570902
385,3.78849375,0.0033892362724667504,(-0.028932373244231736+0.08307953020913755j),162.09843796088472
386,3.78859375,0.003317415850745479,(-0.017061458296346442+0.030559890992000807j),162.51947286467922
387,3.78869375,0.0042591226118499316,(-0.07230771555923644+0.09106434958898235j),162.94050776847374
388,3.78879375,0.005103378315728108,(-0.07640197162104087+0.019267639638074173j),163.36154267226823
389,3.78889375,0.004749277862916289,(-0.01983910841881662-0.004477346929728357j),163.78257757606275
390,3.78899375,0.0037451512106006567,(0.063531454530106+0.09777739129364943j),164.20361247985724
391,3.78909375,0.003515592773197362,(-0.17881068147269003+0.2623070426160214j),164.62464738365176
392,3.78919375,0.0040074996403417764,(-0.020658244368986466+0.017928088024721914j),165.04568228744625
393,3.78929375,0.0048859599893444905,(0.008836781318498813-0.07240422955840681j),165.46671719124078
394,3.78939375,0.004481257442507599,(-0.12991281413213093-0.005758430633146589j),165.88775209503527
395,3.78949375,0.004803797573522982,(-0.06547736132032983-0.0428071570138006j),166.30878699882976
396,3.78959375,0.004987480076668762,(0.04234376343444664+0.03161817548319619j),166.72982190262428
397,3.78969375,0.005478015581749962,(-0.23624579182196753+0.06694761522683139j),167.15085680641877
398,3.78979375,0.005666512730237419,(-0.06356124326422877-0.02821576081852574j),167.5718917102133
399,3.78989375,0.005108832133052372,(0.03704041632697309+0.09866319164285046j),167.99292661400779
400,3.7899937500000003,0.005393593240891698,(-0.08115486439298938+0.05883774717955443j),168.4139615178023
401,3.79009375,0.006163182433610346,(-0.16305105789067714+0.1229509861641182j),168.8349964215968
402,3.7901937500000003,0.007396274499224815,(-0.08069300784656466+0.11098575957136073j),169.25603132539132
403,3.79029375,0.006779477214254936,(-0.15866165865365478+0.034485397276779434j),169.6770662291858
404,3.7903937500000002,0.005998483137596386,(-0.14695822784288887+0.027428561260933848j),170.09810113298033
405,3.79049375,0.0063079947034372095,(-0.005821600375581784-0.016516341416512637j),170.51913603677482
406,3.79059375,0.007499747203957373,(-0.059638725686123446+0.07385313460359888j),170.94017094056935
407,3.79069375,0.007429564032861214,(-0.03637982212313166-0.038121603858439955j),171.36120584436384
408,3.79079375,0.007381675278851516,(-0.1266881686038291-0.017879387599817546j),171.78224074815836
409,3.79089375,0.006596003823580664,(-0.08304570313822318-0.04077457958249618j),172.20327565195285
410,3.79099375,0.0073216444064046595,(-0.03601666702871295-0.03693414747974351j),172.62431055574737
411,3.79109375,0.007321943143213545,(-0.0034678909861369962-0.01363548882379318j),173.04534545954186
412,3.79119375,0.008094237285803977,(-0.18703824538849712+0.046698896436370596j),173.46638036333638
413,3.79129375,0.008188245714844233,(0.07071843016564891+0.029260016433209433j),173.88741526713088
414,3.79139375,0.008157589041531764,(-0.019564856056653597-0.01461716885805318j),174.30845017092537
415,3.79149375,0.008593956687457664,(-0.20561525369099126-0.045566979464771895j),174.7294850747199
416,3.79159375,0.00846969148809708,(0.09874630835365136-0.008763012230209644j),175.15051997851438
417,3.79169375,0.008422546318030058,(-0.13135074868663252-0.06435985102850293j),175.5715548823089
418,3.79179375,0.007242013937088317,(-0.16791350510582617-0.025230765501808194j),175.9925897861034
419,3.79189375,0.007987590172835683,(-0.029747777620936666+0.040391747449491255j),176.41362468989792
420,3.79199375,0.007696925307651254,(-0.03965475425146213+0.044792124512706144j),176.8346595936924
421,3.7920937500000003,0.007161967980174987,(-0.001372334065991224+0.018824005340165116j),177.25569449748693
422,3.79219375,0.006166395200600853,(-0.045377065192586+0.07252025255420898j),177.67672940128142
423,3.7922937500000002,0.006465707386907736,(-0.1462441345528274+0.15814096319303184j),178.09776430507594
424,3.79239375,0.007426776825370294,(-0.1879374323968031-0.37391972497156145j),178.51879920887043
425,3.79249375,0.0077475573813796566,(-0.15174445593142105+0.015175856320144288j),178.93983411266495
426,3.79259375,0.007234684684047175,(-0.10694932641889086+0.0379682584813638j),179.36086901645945
427,3.79269375,0.007071262196603604,(-0.09925053818417234-0.007146255778195373j),179.78190392025397
428,3.79279375,0.007828464379913122,(-0.03864692027462626+0.06485297485361807j),180.20293882404846
429,3.79289375,0.00765744411702502,(-0.09333223348674209-0.024135705484206287j),180.62397372784298
430,3.79299375,0.006524295369077294,(-0.017137148327692905-0.08570714866186599j),181.04500863163747
431,3.79309375,0.006312201776113006,(-0.05323030024699589+0.032162153229552674j),181.466043535432
432,3.79319375,0.0066826605196573935,(-0.0379371777915194+0.022784833249991664j),181.88707843922649
433,3.79329375,0.007022224194917015,(-0.03183849562346506-0.01643553881662401j),182.308113343021
434,3.79339375,0.00729785213488533,(-0.020206227220999178+0.02334329168468528j),182.7291482468155
435,3.79349375,0.006026514783247085,(0.022275993237611875+0.027743996924778688j),183.15018315061
436,3.79359375,0.005307545340033345,(-0.045409808717391656-0.03208594550009058j),183.5712180544045
437,3.79369375,0.005250063972962581,(-0.08858978670894396-0.06428568757821662j),183.992252958199
438,3.79379375,0.005196940465338575,(-0.055398356565932665-0.03200986378693804j),184.41328786199352
439,3.79389375,0.0055457420648770805,(0.00434386297172519+0.052191718021130595j),184.83432276578802
440,3.7939937500000003,0.004774087155345349,(-0.12128915551311077+0.03046952117574875j),185.25535766958254
441,3.79409375,0.004828942763795472,(-0.07637175664943113-0.02371679184727475j),185.67639257337703
442,3.7941937500000003,0.004359305642452614,(-0.03453783830280403-0.036257741331020596j),186.09742747717155
443,3.79429375,0.0045910559922213694,(-0.09424322555776687-0.017014099840731944j),186.51846238096604
444,3.7943937500000002,0.004881738122577991,(-0.11691109161017121-0.056443121824419885j),186.93949728476056
445,3.79449375,0.0045503132889352,(-0.0453402979567974+0.06989855763964155j),187.36053218855506
446,3.79459375,0.004390408315604852,(0.07498272108998756-0.0781182348889708j),187.78156709234958
447,3.79469375,0.004580688331319163,(0.1259985347242081+0.1318043799712827j),188.20260199614407
448,3.79479375,0.003379682078865749,(0.024606879651265755-0.09430186229384906j),188.6236368999386
449,3.79489375,0.0020592894295379588,(-0.153649093611395-0.031446585948003536j),189.04467180373308
450,3.79499375,0.0024753295869327945,(0.005749832661917746+0.05048703888961239j),189.4657067075276
451,3.79509375,0.003422760360762582,(-0.1465542023280924+0.06228382080070889j),189.8867416113221
452,3.79519375,0.004100816555821755,(-0.0370305141844025-0.06735963922598003j),190.30777651511661
453,3.79529375,0.004170510709155659,(0.013946948281114036+0.16931235065181816j),190.7288114189111
454,3.79539375,0.004731309771563057,(-0.04531913309032297+0.031480220575612526j),191.1498463227056
455,3.79549375,0.004107845230247101,(0.04352591763936817+0.05252345540054111j),191.57088122650012
456,3.79559375,0.004068960568056804,(-0.1013500586678336-0.02780067371408723j),191.9919161302946
457,3.79569375,0.002997801065219466,(-0.05159377562193463+0.0161854521941188j),192.41295103408913
458,3.79579375,0.0032363612286507256,(-0.11201775946988077-0.03865061999032241j),192.83398593788363
459,3.79589375,0.0029963453371719753,(0.013509125236352643+0.024328698749114405j),193.25502084167815
460,3.79599375,0.003589438377166088,(-0.07872240725027008-0.02644672574019817j),193.67605574547264
461,3.7960937500000003,0.0035618693960047802,(-0.11253977091365353+0.05292409990933223j),194.09709064926716
462,3.79619375,0.0031892869835204217,(-0.1288941742299662-0.05323878346084168j),194.51812555306165
463,3.7962937500000002,0.0026515511816960873,(0.006914992155865187-0.09608047143875671j),194.93916045685617
464,3.79639375,0.0032148988647461617,(0.05485855382487116+0.11064096273834463j),195.36019536065066
465,3.7964937500000002,0.0034794302924725027,(-0.03895961465715135-0.04046660513305157j),195.78123026444518
466,3.79659375,0.003534889744709184,(0.013257515227533885-0.048951651017166j),196.20226516823968
467,3.79669375,0.003713431881768576,(-0.06160332576686109-0.01811870817336064j),196.6233000720342
468,3.79679375,0.0033259535902543666,(-0.08703136310329282+0.036764114731534486j),197.0443349758287
469,3.79689375,0.0038056689111993784,(-0.06789395346828056-0.04029356837929234j),197.4653698796232
470,3.79699375,0.003947809919053788,(-0.0002890743774916042-0.030914116202352807j),197.8864047834177
471,3.79709375,0.00462850992057337,(-0.05831079910728715+0.05927408159999166j),198.30743968721222
472,3.79719375,0.004166006880453137,(0.0228903832650428+0.004335894630724594j),198.72847459100672
473,3.79729375,0.0045226402843511135,(-0.04462382688801011+0.023378241130650665j),199.1495094948012
474,3.79739375,0.004186175734881467,(-0.05520844770960213-0.020019846517716922j),199.57054439859573
475,3.79749375,0.004001821943270494,(-0.018650766956939714+0.01696158781638929j),199.99157930239022
476,3.79759375,0.004073124933760114,(-0.06606762218599473-0.041892416498505995j),200.41261420618474
477,3.79769375,0.004315876681831685,(0.002288644580013075+0.010569418964784593j),200.83364910997923
478,3.79779375,0.004139424014791698,(0.044232424805694504+0.0035363889180130767j),201.25468401377375
479,3.79789375,0.00539680444170963,(-0.025329086804800865+0.06826165215382896j),201.67571891756825
480,3.7979937500000003,0.006068106476287971,(0.016536657642109067+0.04732417525054418j),202.09675382136277
481,3.79809375,0.006240825520245664,(0.048453725039040496+0.04351181262660206j),202.51778872515726
482,3.7981937500000003,0.006023681040929517,(-0.06624603629363181+0.056842945190808014j),202.93882362895178
483,3.79829375,0.005490776819689039,(-0.09818843545104824-0.026712950742927816j),203.35985853274627
484,3.7983937500000002,0.005944605523124386,(0.06403705382317354-0.08166792960142362j),203.7808934365408
485,3.79849375,0.0061545420089794065,(-0.1142218463745481+0.11532162255320054j),204.2019283403353
486,3.79859375,0.006345041562342854,(-0.03515050808200719-0.16609347273422148j),204.6229632441298
487,3.79869375,0.006726321517090232,(-0.04119967453173054-0.0669787339381543j),205.0439981479243
488,3.79879375,0.007170723943420404,(-0.12436627308018898+0.03425106874702032j),205.46503305171882
489,3.79889375,0.0072619945094476,(-0.1292923771483095-0.021526385193633438j),205.8860679555133
490,3.79899375,0.007298723282293762,(0.07406955406250137+0.054988396337957005j),206.30710285930783
491,3.79909375,0.006762749616907696,(-0.17031426593904722+0.028882361746256937j),206.72813776310232
492,3.79919375,0.007662833826344169,(-0.020082629118257863-0.0430893924391429j),207.14917266689685
493,3.79929375,0.00782672796215605,(-0.08918070074289067-0.07152434017385081j),207.57020757069134
494,3.79939375,0.007558265370704159,(-0.10210669891881596-0.0029324143695587668j),207.99124247448583
495,3.79949375,0.006847640708782878,(-0.01124289728654827+0.06824493955936327j),208.41227737828035
496,3.79959375,0.007545064460618332,(0.07789732852065938+0.014380367309039913j),208.83331228207484
497,3.79969375,0.00863954970504145,(-0.036919706015796444+0.038986266118977944j),209.25434718586936
498,3.79979375,0.008827376511112152,(-0.009203684595110895+0.0403859663793841j),209.67538208966386
499,3.79989375,0.008010398394977712,(-0.08685476249570631+0.015422338369223828j),210.09641699345838
500,3.79999375,0.008117703277383528,(0.00252421613747306+0.035219271360779215j),210.51745189725287
501,3.8000937500000003,0.008485071737931834,(-0.10751516517558048+0.04869103324747121j),210.9384868010474
502,3.8001937500000005,0.00855359680722996,(-0.1829516165530256+0.06835883783649467j),211.35952170484188
503,3.8002937500000002,0.007119014851387533,(-0.2780270938740505-0.2294251781606445j),211.7805566086364
504,3.8003937500000005,0.0066882553072847625,(-0.28341061675940865+0.1381704954759916j),212.2015915124309
505,3.8004937500000002,0.007239271947977496,(0.004231828261055323+0.09244702082894993j),212.62262641622542
506,3.8005937500000004,0.007095736651020957,(-0.07764554903508089+0.04951933256237163j),213.0436613200199
507,3.80069375,0.007224827638823917,(-0.07203190787689559+0.022899603313204012j),213.46469622381443
508,3.8007937500000004,0.0072454524994500415,(-0.06428189128685557+0.05397869418835924j),213.88573112760892
509,3.80089375,0.007607867607630064,(0.003636178244383781-0.03479178744685181j),214.30676603140344
510,3.8009937500000004,0.007779194347448507,(0.043455024042913556-0.10074460672074041j),214.72780093519793
511,3.80109375,0.007627743870016908,(0.05873247128766665+0.05464799758633728j),215.14883583899245
512,3.8011937500000004,0.007082851547169245,(-0.03334549414918175+0.015381591746649409j),215.56987074278695
513,3.80129375,0.007013878710313338,(-0.009448165651291692-0.19421628482848305j),215.99090564658144
514,3.8013937500000003,0.0063543911703367395,(0.10273380355775542+0.09601689667802543j),216.41194055037596
515,3.80149375,0.00577489719105102,(-0.16278210824607575+0.09481427522722746j),216.83297545417045
516,3.8015937500000003,0.005433810916764961,(-0.03315416428640056+0.03958633975507775j),217.25401035796497
517,3.80169375,0.005171095759888372,(-0.1707081059038968+0.018730060158515464j),217.67504526175946
518,3.8017937500000003,0.005602558289462718,(-0.01950267481002704-0.009742296035266582j),218.09608016555399
519,3.80189375,0.0058958144706590734,(-0.0033906443540450727+0.07742366364858753j),218.51711506934848
520,3.8019937500000003,0.005719036609489188,(0.010930565009499975-0.0448384859200929j),218.938149973143
521,3.80209375,0.005271444635778707,(-0.04708442831299394-0.08650314149602209j),219.3591848769375
522,3.8021937500000003,0.004843518913145906,(-0.03280937008892598+0.03474096208658752j),219.780219780732
523,3.8022937500000005,0.004813302600335466,(-0.0784286482830901-0.035805450255848095j),220.2012546845265
524,3.8023937500000002,0.005418106821377614,(-0.05826091848164319+0.03492148036831721j),220.62228958832102
525,3.8024937500000004,0.005346222667772456,(-0.11860963386696156+0.02772831116938916j),221.04332449211552
526,3.80259375,0.0040710339084720805,(-0.009001023112601871-0.021778477582823055j),221.46435939591004
527,3.8026937500000004,0.0036171174221013487,(0.08670393396686756+0.17736668648746562j),221.88539429970453
528,3.80279375,0.004174526646551081,(-0.013573860064846274-0.00252986918188379j),222.30642920349905
529,3.8028937500000004,0.00554346197780327,(-0.05926651104509817-0.13147723615938622j),222.72746410729354
530,3.80299375,0.004627156789788139,(0.017749486484744427+0.03050132787370947j),223.14849901108806
531,3.8030937500000004,0.003266016632642693,(-0.05691815479273556-0.024526926454933123j),223.56953391488256
532,3.80319375,0.00346449290493362,(0.027469367619499956-0.02939296137903131j),223.99056881867705
533,3.8032937500000004,0.003913544334934133,(-0.027578449744236316+0.010741240780857197j),224.41160372247157
534,3.80339375,0.0035948516539670203,(-0.037072387785990646-0.06561757645173041j),224.83263862626606
535,3.8034937500000003,0.0022534755581125306,(-0.047317991528770836+0.052897292241768076j),225.25367353006058
536,3.80359375,0.0022408899593250424,(-0.06059609456873123+0.048104141740778913j),225.67470843385507
537,3.8036937500000003,0.0038377668889286124,(-0.0847712141652704-0.01599654146395819j),226.0957433376496
538,3.80379375,0.004475160536590684,(0.05071352492890102+0.04009882804163376j),226.5167782414441
539,3.8038937500000003,0.0038888447968785226,(-0.013779215056751684+0.009783410887129508j),226.9378131452386
540,3.80399375,0.0030722512804792147,(-0.03502164709786397+0.043109115070519545j),227.3588480490331
541,3.8040937500000003,0.003092622479195336,(-0.0647801675018846+0.10114764212398868j),227.77988295282762
542,3.8041937500000005,0.0029548961859354617,(0.008661593831867515+0.015124635337908109j),228.2009178566221
543,3.8042937500000003,0.0031077709395177736,(-0.12758230799454134-0.022762679176899107j),228.62195276041663
544,3.8043937500000005,0.0031798987530912695,(-0.09677858108530965-0.08059183177928711j),229.04298766421113
545,3.8044937500000002,0.003545997940332399,(-0.05959823438757966+0.021986414963555696j),229.46402256800565
546,3.8045937500000004,0.0030945600927661326,(-0.08415538306137126-0.06596809865351316j),229.88505747180014
547,3.80469375,0.0022825487541248356,(-0.00421638258595218-0.03187971392394043j),230.30609237559466
548,3.8047937500000004,0.0025144730281729424,(-0.0008068744142444122+0.12603147687171173j),230.72712727938915
549,3.80489375,0.003435411815532986,(-0.06351706750135241-0.08613590009841109j),231.14816218318367
550,3.8049937500000004,0.0038337959020692375,(0.02731730500175418+0.04623020192778209j),231.56919708697816
551,3.80509375,0.0037174388076198343,(-0.11304176676272995+0.03099901864940801j),231.99023199077268
552,3.8051937500000004,0.0038098290974920524,(-0.09986569861056713+0.007387373379551018j),232.41126689456718
553,3.80529375,0.0036069114255612806,(0.06262066804108113-0.08858341220798949j),232.83230179836167
554,3.8053937500000004,0.0033345861988989794,(0.04121446107082849-0.01664776112652956j),233.2533367021562
555,3.80549375,0.0038291364348988486,(-0.06486505415863619+0.0057358690899980865j),233.67437160595068
556,3.8055937500000003,0.004129249420975346,(-0.061796062773074464+0.1400532290139631j),234.0954065097452
557,3.80569375,0.004300796147049322,(0.010647547122263887-0.11807041740688376j),234.5164414135397
558,3.8057937500000003,0.004550550505595159,(0.08794373273557214+0.013304487900896271j),234.93747631733422
559,3.80589375,0.0045929574703877625,(-0.09850451507914708+0.08302769259232581j),235.3585112211287
560,3.8059937500000003,0.005316901526632793,(0.08271384098940815-0.09204887372965555j),235.77954612492323
561,3.80609375,0.006084183303698879,(0.027792878547382237+0.048851586658921996j),236.20058102871772
562,3.8061937500000003,0.005394454910159789,(-0.06205191972937185-0.048524444413147j),236.62161593251224
563,3.8062937500000005,0.004858894421138262,(0.03433408761199132-0.01490151847822082j),237.04265083630673
564,3.8063937500000002,0.005582059679029057,(0.012484368845058207-0.12473658253091638j),237.46368574010125
565,3.8064937500000005,0.006846394415863851,(0.1368120829470271+0.011500101933109734j),237.88472064389575
566,3.80659375,0.007365608768301159,(-0.1745684231453046+0.0077858410943716545j),238.30575554769027
567,3.8066937500000004,0.007136979595146386,(0.11288141142309444-0.22849126098461484j),238.72679045148476
568,3.80679375,0.006204341780842278,(0.029929986609371333+0.1522792110412975j),239.14782535527928
569,3.8068937500000004,0.0066586007986093885,(-0.17256687216569322+0.08644184156447227j),239.56886025907377
570,3.80699375,0.006980145333065531,(0.2821585312157966-0.07493070566951564j),239.9898951628683
571,3.8070937500000004,0.006675393856492461,(-0.06878657603582798+0.32955684571775923j),240.4109300666628
572,3.80719375,0.006210279815542609,(0.30641326623471626+0.24051766162605442j),240.83196497045728
573,3.8072937500000004,0.007255708273775402,(0.050850393986411904-0.06789045988910823j),241.2529998742518
574,3.80739375,0.007996493587334463,(0.12453941901758546-0.08836520002720313j),241.6740347780463
575,3.8074937500000003,0.00767683459650531,(-0.004039250137995859+0.03982311545938997j),242.0950696818408
576,3.80759375,0.006895698695619608,(-0.12589200283528312-0.005193088278708825j),242.5161045856353
577,3.8076937500000003,0.00687051255577421,(0.031652264588118775+0.012186650457495986j),242.93713948942982
578,3.80779375,0.007259765180295331,(0.013824788055836243+0.01551126546962145j),243.35817439322432
579,3.8078937500000003,0.00664875587552625,(-0.06051591370421481+0.10596597889161923j),243.77920929701884
580,3.80799375,0.007086590880921784,(-0.07105934954532557+0.0724280622343631j),244.20024420081333
581,3.8080937500000003,0.007275127982913783,(0.017730175383242293-0.0636622717274122j),244.62127910460785
582,3.80819375,0.0082053062267285,(-0.024980143743369945+0.07561738163917693j),245.04231400840234
583,3.8082937500000003,0.008704707214778996,(-0.061581981745117316+0.08377524671089244j),245.46334891219686
584,3.8083937500000005,0.007596337569635627,(0.029338237386836906-0.1645668668482208j),245.88438381599136
585,3.8084937500000002,0.007255976240548699,(-0.028275571304477262+0.08130322204369118j),246.30541871978588
586,3.8085937500000004,0.00808779139303706,(-0.14904734990146806-0.010946347358278234j),246.72645362358037
587,3.80869375,0.008638460179369593,(-0.0555925540494526+0.0010095223290374142j),247.1474885273749
588,3.8087937500000004,0.00801098807496774,(-0.035628842123864024-0.010612665003019085j),247.56852343116938
589,3.80889375,0.006376557369888791,(-0.011306844814242926+0.09164669520779094j),247.9895583349639
590,3.8089937500000004,0.006646914055325378,(-0.06832604611480367-0.00487395005410092j),248.4105932387584
591,3.80909375,0.006828837601602295,(-0.05837773002101382-0.05013945244100484j),248.8316281425529
592,3.8091937500000004,0.007324169255301881,(0.08153654002525826-0.06473524093960273j),249.2526630463474
593,3.80929375,0.007216867041123895,(-0.04639302794048551+0.15231059303900207j),249.6736979501419
594,3.8093937500000004,0.007479526143932603,(-0.031025543521583245-0.02425871123650546j),250.09473285393642
595,3.80949375,0.007742810970266044,(0.02607824898091623+0.04501836875490252j),250.5157677577309
596,3.8095937500000003,0.007618476781039498,(-0.022663793599906643+0.07650379420522337j),250.93680266152543
597,3.80969375,0.007634323200983434,(-0.10349408797491175-0.04390035138683346j),251.35783756531993
598,3.8097937500000003,0.0072140374458054945,(-0.08097811896658283-0.10624460840092023j),251.77887246911445
599,3.80989375,0.006781104077020072,(0.2133263645048667-0.013691592952571661j),252.19990737290894
600,3.8099937500000003,0.005481341442550081,(-0.0660346193085566+0.04589516360540569j),252.62094227670346
601,3.81009375,0.004778168073932004,(-0.024442371709450177-0.055284757796509126j),253.04197718049795
602,3.8101937500000003,0.005315567211179342,(0.10501613213769012+0.008675806973044028j),253.46301208429247
603,3.8102937500000005,0.006445594616971295,(-0.1694433862460051+0.12184733210083626j),253.88404698808696
604,3.8103937500000002,0.006646159003509721,(0.03552007363674331+0.10471113604422869j),254.30508189188149
605,3.8104937500000005,0.005452554403919982,(-0.008328347858362773-0.0569514646768193j),254.72611679567598
606,3.8105937500000002,0.004101943353107372,(0.06281000549372279+0.03262097609267435j),255.1471516994705
607,3.8106937500000004,0.0036398908770450865,(-0.07292933037705127+0.040223824976208036j),255.568186603265
608,3.81079375,0.004521311017369525,(-0.05829462900228759-0.032145302278617505j),255.9892215070595
609,3.8108937500000004,0.005342506168802912,(-0.0022161556948242095+0.08672162994200525j),256.410256410854
610,3.81099375,0.004811086125492429,(-0.09375778723833014-0.030053185541665618j),256.8312913146485
611,3.8110937500000004,0.004195357741346459,(-0.0026997662231305238-0.019882025010393954j),257.252326218443
612,3.81119375,0.004088231690509471,(-0.12168254743226029-0.053810059261922j),257.6733611222375
613,3.8112937500000004,0.0041416823490063055,(-0.017623846994748837-0.035667712283140265j),258.09439602603203
614,3.81139375,0.0032994123771896843,(-0.009446252246317906+0.03662462151387237j),258.51543092982655
615,3.8114937500000003,0.003196176641739405,(-0.17033076504503675-0.010403555263950957j),258.936465833621
616,3.81159375,0.0033469750569061246,(-0.05398771031937641-0.10415665094604178j),259.35750073741553
617,3.8116937500000003,0.003231459797251406,(-0.061868209653202264-0.001594829950374646j),259.77853564121006
618,3.81179375,0.0031009244923648144,(0.04917111853392111+0.01711699691708195j),260.1995705450046
619,3.8118937500000003,0.0023322547429532737,(0.021870232846485232-0.09354877042817042j),260.62060544879904
620,3.81199375,0.002562728352280466,(0.09072230473770715+0.028301241090025554j),261.04164035259356
621,3.8120937500000003,0.002238594560680157,(-0.012193154258779707-0.049826422240036104j),261.4626752563881
622,3.81219375,0.001709634855224522,(-0.02709889028070251+0.09056331017073595j),261.8837101601826
623,3.8122937500000003,0.002030116659154366,(-0.102269334370295-0.05038238038597161j),262.30474506397707
624,3.8123937500000005,0.002982208275299512,(-0.03476792279931052-0.03181041967869611j),262.7257799677716
625,3.8124937500000002,0.00408179561489252,(-0.056225987713098016+0.0996645372680992j),263.1468148715661
626,3.8125937500000004,0.004318635421304963,(0.061713151548152365+0.14176312475104663j),263.5678497753606
627,3.81269375,0.00320978131931764,(0.010432058223880663+0.053805395201883655j),263.9888846791551
628,3.8127937500000004,0.002612552173846046,(0.15275547464664857-0.07912335122322145j),264.4099195829496
629,3.81289375,0.003112970139319784,(0.1001294701682295+0.02922922944425887j),264.83095448674413
630,3.8129937500000004,0.0042144239498320265,(0.06727855637939563+0.0746709673703238j),265.25198939053865
631,3.81309375,0.004999408474061468,(0.07204944237789533-0.08693439286204427j),265.6730242943331
632,3.8131937500000004,0.0038286955451773052,(0.055365243232024804-0.024373220866467586j),266.09405919812764
633,3.81329375,0.0033983666465860324,(0.03502319501762212-0.01718664728585187j),266.51509410192216
634,3.8133937500000004,0.003951263649717667,(-0.06723765220562195+0.06488896835795176j),266.9361290057166
635,3.81349375,0.004317462638804364,(-0.0033221943767246936+0.058947621256151196j),267.35716390951114
636,3.8135937500000003,0.0038021804253760474,(-0.11976111909241452+0.13343563297915415j),267.77819881330566
637,3.81369375,0.0036098039158817233,(0.09090608580799109-0.07487449324780476j),268.1992337171002
638,3.8137937500000003,0.003941922376777591,(-0.004962749812871696+0.1026471370262127j),268.62026862089465
639,3.81389375,0.005521325825274464,(0.09458491925616432-0.028672031329174542j),269.04130352468917
640,3.8139937500000003,0.004989134636485222,(-0.08510683621843615-0.15882799774097595j),269.4623384284837
641,3.81409375,0.004545531113479469,(0.08011915761241803-0.007593311103506816j),269.8833733322782
642,3.8141937500000003,0.004561375172734524,(-0.2150166631693396+0.08990996466926557j),270.3044082360727
643,3.8142937500000005,0.005299644083447426,(-0.021420811482770606-0.07915293350894881j),270.7254431398672
644,3.8143937500000002,0.005682365343929921,(-0.12566345768160456+0.008502194885285199j),271.1464780436617
645,3.8144937500000005,0.004954690370328955,(-0.05806561794113528+0.10537868634110167j),271.56751294745624
646,3.8145937500000002,0.004678240039452522,(-0.21006901742245973-0.012199816867716989j),271.9885478512507
647,3.8146937500000004,0.0049096653773361325,(-0.01038144942986622-0.023252211958086872j),272.4095827550452
648,3.81479375,0.0058750923522659084,(-0.18505386330491927-0.07073403418091614j),272.83061765883974
649,3.8148937500000004,0.005670355565764702,(-0.1437261772817503+0.020825302755255654j),273.25165256263426
650,3.81499375,0.005504746123495165,(-0.17989074324806406-0.04977450715934886j),273.6726874664287
651,3.8150937500000004,0.006205990614521413,(0.03827082625366703+0.007198058405387179j),274.09372237022325
652,3.81519375,0.0068753300351479816,(-0.04909872246494025+0.19870975383275555j),274.51475727401777
653,3.8152937500000004,0.007001673673160007,(-0.15907735891696248+0.013391032273535284j),274.93579217781223
654,3.81539375,0.006815540211181796,(-0.1595142661458097-0.04038940416730746j),275.35682708160675
655,3.8154937500000004,0.006270469215898755,(-0.05319189875049578-0.15872743456346997j),275.7778619854013
656,3.81559375,0.007447660359196364,(-0.050737942600757036+0.2136806679818259j),276.1988968891958
657,3.8156937500000003,0.00856250495604393,(-0.055542759293519546-0.10375437055216025j),276.61993179299026
658,3.81579375,0.007506760304576222,(-0.12009412006987591-0.03201745918640252j),277.0409666967848
659,3.8158937500000003,0.007810328488548011,(0.13333096977729902-0.004015221996595472j),277.4620016005793
660,3.81599375,0.007748776142214828,(0.010687406959652614+0.15486366404555j),277.8830365043738
661,3.8160937500000003,0.007732365078130288,(-0.26732105340006057+0.052586639906494544j),278.3040714081683
662,3.81619375,0.007135530620805779,(0.07394676734611069-0.16175335762764848j),278.7251063119628
663,3.8162937500000003,0.006019604223780089,(-0.12462452418879856+0.07998203532917836j),279.1461412157573
664,3.8163937500000005,0.005857409031080757,(-0.17190677593037618+0.18955975789727275j),279.56717611955185
665,3.8164937500000002,0.0071396385876074725,(-0.0145735580277058+0.08818201708918956j),279.9882110233463
666,3.8165937500000005,0.008180652228499107,(-0.15749982009294014-0.07200204023590805j),280.40924592714083
667,3.81669375,0.00786246861409859,(-0.12917724909510125+0.055026678108282344j),280.83028083093535
668,3.8167937500000004,0.007431923875581535,(-0.1526332074696415+0.019784805469163183j),281.25131573472987
669,3.81689375,0.0074715190797004435,(-0.08030872306319685+0.11402710842785996j),281.67235063852434
670,3.8169937500000004,0.008374364763683334,(0.12524173841941033-0.038084760151993864j),282.09338554231886
671,3.81709375,0.008904180173150193,(-0.17860162059267973-0.10402433060555168j),282.5144204461134
672,3.8171937500000004,0.008193905446102358,(-0.2256125628471449+0.010553235542030505j),282.93545534990784
673,3.81729375,0.007533351363999873,(0.10286550036730502+0.05411189750430867j),283.35649025370236
674,3.8173937500000004,0.00735499975402607,(-0.05644266789864956-0.08305625184225254j),283.7775251574969
675,3.81749375,0.007883525261217219,(-0.1333191717767378-0.07856892648009392j),284.1985600612914
676,3.8175937500000003,0.007135471188456688,(0.07827163471226825-0.17249093745057945j),284.61959496508587
677,3.81769375,0.006324155130086612,(-0.11298944586663115+0.016054282526646896j),285.0406298688804
678,3.8177937500000003,0.0062045626424716525,(-0.002645832625352295+0.011962094936962792j),285.4616647726749
679,3.81789375,0.007177500705960728,(-0.17361562228379673+0.044988320829524545j),285.88269967646943
680,3.8179937500000003,0.007715458374383083,(0.027132146268177268+0.058804486390820886j),286.3037345802639
681,3.81809375,0.007422044344834081,(0.006282799341427194+0.07639391082578102j),286.7247694840584
682,3.8181937500000003,0.005980853101524714,(-0.026364255035160086-0.02408602194875386j),287.14580438785293
683,3.8182937500000005,0.005941743038362927,(-0.17874878256071425+0.012321435953812993j),287.56683929164745
684,3.8183937500000003,0.005494822336517152,(-0.09188308910847251+0.04391640621968433j),287.9878741954419
685,3.8184937500000005,0.0046662624008165805,(-0.06388119468433737+0.006626368468062152j),288.40890909923644
686,3.8185937500000002,0.004064381691232781,(-0.07867998045482825-0.008764619147882652j),288.82994400303096
687,3.8186937500000004,0.004277449097861855,(0.0006929920360907622-0.016179386615813474j),289.2509789068255
688,3.81879375,0.006151300884039144,(-0.03146154839705085+0.04372646143260287j),289.67201381061994
689,3.8188937500000004,0.006144151461655575,(-0.1798983785733631+0.040186342603188555j),290.09304871441446
690,3.81899375,0.004724210705655384,(-0.1146428067694818-0.11496698438809569j),290.514083618209
691,3.8190937500000004,0.004243997842687756,(0.12093874673780225-0.04260521360796448j),290.93511852200345
692,3.81919375,0.00512428515342992,(-0.07550584519096352-0.03290905972976299j),291.35615342579797
693,3.8192937500000004,0.005004034814911317,(-0.11449501524717824-0.21696893411092463j),291.7771883295925
694,3.81939375,0.0038839484405134273,(-0.07612001577318794-0.1103925485874995j),292.198223233387
695,3.8194937500000004,0.0037478477914791213,(0.023816446493652464+0.07026014768656694j),292.6192581371815
696,3.81959375,0.004172135727591197,(-0.15304960394495049+0.1475455634176273j),293.040293040976
697,3.8196937500000003,0.005497555347550633,(-0.044180706936847725-0.02405156485925381j),293.4613279447705
698,3.81979375,0.005391541535809245,(-0.0034926448213291154+0.018104832154016835j),293.88236284856504
699,3.8198937500000003,0.004134295383394654,(-0.027065620338844798-0.014045011235496355j),294.3033977523595
700,3.81999375,0.004203884950805078,(-0.1333832496134113+0.19859618431451376j),294.724432656154
701,3.8200937500000003,0.0039495523776996435,(-0.08540242084856534+0.026778225902508924j),295.14546755994854
702,3.82019375,0.0038714719795530455,(0.03346327828165306+0.06428473616237111j),295.56650246374306
703,3.8202937500000003,0.00309163411414823,(-0.05196253165290972+0.04322953242336951j),295.9875373675375
704,3.8203937500000005,0.0027925517742351125,(-0.020697933046428363-0.08172036635996635j),296.40857227133205
705,3.8204937500000002,0.0027518466924407394,(0.07593839963420937-0.1131666777510908j),296.82960717512657
706,3.8205937500000005,0.002609419642957866,(0.06260708704573777+0.23734813658258624j),297.2506420789211
707,3.82069375,0.002568516370244364,(-0.17619345753420473+0.15875657630203183j),297.67167698271555
708,3.8207937500000004,0.002647993428866857,(0.05928011536954849+0.04024631403424124j),298.0927118865101
709,3.82089375,0.002648408811681363,(0.2212134336110801+0.1277769299810717j),298.5137467903046
710,3.8209937500000004,0.0028155532842945494,(-0.027862045123313327+0.03468528551073177j),298.93478169409906
711,3.82109375,0.003987467436818533,(0.047104412324779764+0.1676284582438226j),299.3558165978936
712,3.8211937500000004,0.003580618419578093,(-0.05875273464554438+0.015734067101755483j),299.7768515016881
713,3.82129375,0.0036693217550874185,(0.06789992162207752-0.0176174651870792j),300.1978864054826
714,3.8213937500000004,0.0030725032908336786,(-0.041995661656525095+0.013914952362131793j),300.6189213092771
715,3.82149375,0.0034784247987651343,(-0.09742448184167252-0.023415133067621125j),301.0399562130716
716,3.8215937500000003,0.004637679856178384,(0.03331167667911494+0.07588686905222969j),301.4609911168661
717,3.82169375,0.0039039339940602855,(0.031139635673229228-0.01701186433449741j),301.88202602066065
718,3.8217937500000003,0.003744760148566611,(-0.08910720963804229+0.006994774532972252j),302.3030609244551
719,3.82189375,0.004716378441248109,(0.03147970863279228-0.05370358904730703j),302.72409582824963
720,3.8219937500000003,0.005257249266392055,(0.01575648981949345+0.06680336161754108j),303.14513073204415
721,3.82209375,0.004930162458892388,(-0.12811812643991344-0.005261261770683104j),303.5661656358387
722,3.8221937500000003,0.0038099392849714918,(-0.05120664450782941+0.03036985551776487j),303.98720053963314
723,3.82229375,0.0032311753625658686,(0.003500770470182095+0.008498687665323718j),304.40823544342766
724,3.8223937500000003,0.004506975080951151,(-0.048313427791369615-0.03064938679159515j),304.8292703472222
725,3.8224937500000005,0.004942340888560462,(-0.011830933476478775+0.08418807159419181j),305.2503052510167
726,3.8225937500000002,0.004704157905756079,(-0.08051563595368547-0.047189771698012126j),305.67134015481116
727,3.8226937500000004,0.004933492682634536,(-0.06854763273746924+0.009371290519312027j),306.0923750586057
728,3.82279375,0.0042382965185899955,(-0.013222152241460491+0.028008503004179758j),306.5134099624002
729,3.8228937500000004,0.003964191424007597,(-0.037839253956192684-0.08198549446773226j),306.93444486619467
730,3.82299375,0.004567410164286358,(-0.08168558480978425+0.056139892266728116j),307.3554797699892
731,3.8230937500000004,0.004266842579735119,(-0.058882865784210106+0.018307755692110066j),307.7765146737837
732,3.82319375,0.005012703850650273,(-0.036671405534866267-0.07365784282962029j),308.19754957757823
733,3.8232937500000004,0.006637991498977575,(-0.05035498654629142-0.00668373714251364j),308.6185844813727
734,3.82339375,0.007796151816060701,(-0.026129704392216572+0.08533194310608416j),309.0396193851672
735,3.8234937500000004,0.007260956432808279,(-0.059161821426047284+0.001073415175672613j),309.46065428896173
736,3.82359375,0.005893158165086556,(-0.037482705766695254+0.05924723607788695j),309.88168919275626
737,3.8236937500000003,0.006420121108446079,(-0.05682655374092873+0.0454769010658282j),310.3027240965507
738,3.82379375,0.007171478076644227,(-0.11720505234192594-0.051013874351434146j),310.72375900034524
739,3.8238937500000003,0.00768946461793696,(-0.07398937594395896+0.07958396272848386j),311.14479390413976
740,3.82399375,0.00736732035000606,(-0.040791200445676676+0.052836736521782696j),311.5658288079343
741,3.8240937500000003,0.0071518378919809104,(-0.05212758186552808+0.03268409080531629j),311.98686371172874
742,3.82419375,0.007408072910230512,(0.023255385710257502-0.02629766864322193j),312.40789861552327
743,3.8242937500000003,0.008169530494754334,(-0.016662450999413634+0.0725828482125461j),312.8289335193178
744,3.8243937500000005,0.007960358160414176,(-0.07909070790346148-0.054850263841701156j),313.2499684231123
745,3.8244937500000002,0.007844229724784817,(0.05389835592476464+0.03755695024017129j),313.67100332690677
746,3.8245937500000005,0.00752948923972745,(0.006666766099328675+0.06563564713739894j),314.0920382307013
747,3.8246937500000002,0.0071723414314692115,(-0.022050043330161855+0.03647241302186478j),314.5130731344958
748,3.8247937500000004,0.0068683716119254355,(-0.10570971432675859+0.08710569242315075j),314.93410803829033
749,3.82489375,0.006886859059529731,(-0.05188918332379196+0.01103725736008307j),315.3551429420848
750,3.8249937500000004,0.0066771275383254725,(-0.0010299534232063971+0.016296952392939927j),315.7761778458793
751,3.82509375,0.006518311070543473,(-0.05340111900487479+0.004972489579508355j),316.19721274967384
752,3.8251937500000004,0.006833749705706967,(-0.08113891438060833-0.0005310955898365707j),316.6182476534683
753,3.82529375,0.007366159642637361,(-0.01605522979149366-0.015716238111031566j),317.0392825572628
754,3.8253937500000004,0.0075026944849479705,(0.019135997872221887+0.008656157694098197j),317.46031746105734
755,3.82549375,0.007335528197943225,(-0.01123243317241297+0.11993137433533327j),317.88135236485186
756,3.8255937500000003,0.008205242308823774,(-0.01781055485123771-0.019177086478324584j),318.3023872686463
757,3.82569375,0.008412180181374565,(0.002900697146692735+0.02524802966317098j),318.72342217244085
758,3.8257937500000003,0.007615910835886991,(-0.003201761635610945+0.007838901511532076j),319.14445707623537
759,3.82589375,0.007103521132768502,(-0.029891007908887816+0.02203082890341833j),319.5654919800299
760,3.8259937500000003,0.007486964212161968,(-0.027083819323863154+0.0045848879124291905j),319.98652688382435
761,3.82609375,0.007877627940490102,(-0.035037272969995065+0.000971512298414634j),320.4075617876189
762,3.8261937500000003,0.007269826855015925,(-0.06167741850921909-0.004858304008956156j),320.8285966914134
763,3.82629375,0.007422439310180803,(0.003990162717555958+0.036513470852769146j),321.2496315952079
764,3.8263937500000003,0.006097597036004735,(-0.028959507797802576+0.00022787653534614774j),321.6706664990024
765,3.8264937500000005,0.0063639553570506505,(-0.026821285915260937+0.04252717481805679j),322.0917014027969
766,3.8265937500000002,0.0062963006265351375,(-0.01912911471644653+0.024518750101929564j),322.5127363065914
767,3.8266937500000004,0.006571776920580707,(-0.013767579673724967-0.02521012468216555j),322.93377121038594
768,3.82679375,0.0054768670839643275,(-0.07507444632058387+0.02666273813404737j),323.3548061141804
769,3.8268937500000004,0.005763844900335721,(-0.006661896740261592+0.05525976208176161j),323.7758410179749
770,3.82699375,0.005192470506844337,(-0.04233718100109478+0.057946853880915576j),324.19687592176945
771,3.8270937500000004,0.005550085740554641,(-0.061584935390278164-0.04031909518155774j),324.6179108255639
772,3.82719375,0.005269602271875615,(-0.10426396707112062+0.029629371519400982j),325.03894572935843
773,3.8272937500000004,0.003964729919514622,(-0.07612520824545464+0.007489884683699596j),325.45998063315295
774,3.82739375,0.0044854387308334975,(-0.0447569501860436-0.002421028043193354j),325.8810155369475
775,3.8274937500000004,0.005299312800406995,(-0.06831041601273671-0.006441818255921879j),326.30205044074194
776,3.82759375,0.005378642862843831,(-0.04612810837074262+0.01879084724214934j),326.72308534453646
777,3.8276937500000003,0.004263862083379991,(-0.05760261881173992+0.04890101426859207j),327.144120248331
778,3.82779375,0.0035224368242647006,(0.016173110519064643+0.08626818983785522j),327.5651551521255
779,3.8278937500000003,0.0031324705311641036,(-0.06971015942226497+0.07892900186604401j),327.98619005591996
780,3.82799375,0.00401273940757448,(-0.02129843681541478+0.07701849016455777j),328.4072249597145
781,3.8280937500000003,0.0033493651045384534,(-0.10774561849841803-0.03773336465986947j),328.828259863509
782,3.82819375,0.004108409746804431,(-0.011953635891254555-0.013922079536924148j),329.2492947673035
783,3.8282937500000003,0.005187062759443344,(-0.01944905879241343+0.02330892238178188j),329.670329671098
784,3.8283937500000005,0.0055386279053206465,(-0.003832320818945037+0.0819483655581389j),330.0913645748925
785,3.8284937500000003,0.004955137531725366,(0.004462956035248711+0.07720306411944414j),330.51239947868703
786,3.8285937500000005,0.0039682219356626325,(0.03609780419491791-0.03753059529822221j),330.93343438248155
787,3.8286937500000002,0.003478612223549982,(-0.047818022289580264+0.04030016312244872j),331.354469286276
788,3.8287937500000004,0.004016183852390306,(-0.03609805148768155+0.034525066370100055j),331.77550419007054
789,3.82889375,0.0039109953372350225,(-0.024372025543254103-0.01280611870945566j),332.19653909386506
790,3.8289937500000004,0.0031130276742923966,(-0.044420318614717805-0.0171959640975443j),332.6175739976595
791,3.82909375,0.002670288230251746,(-0.026910545939711747+0.03333279037724196j),333.03860890145404
792,3.8291937500000004,0.0018908354834989895,(-0.08010435763337141+0.015300782290212853j),333.45964380524856
793,3.82929375,0.002487790378201051,(-0.015543642834070191-0.004438728590974876j),333.8806787090431
794,3.8293937500000004,0.003342112507488216,(-0.08727002387515229-0.009096207215897163j),334.30171361283755
795,3.82949375,0.003247300899512819,(-0.053475991333829936+0.09226644232090568j),334.72274851663207
796,3.8295937500000004,0.0036890770328141653,(-0.08059899535497311-0.045181605043835484j),335.1437834204266
797,3.82969375,0.0038855112355583496,(0.00964524047077198-0.07118789839834432j),335.5648183242211
798,3.8297937500000003,0.0038118412307444863,(0.005446476718763783+0.03607359686377308j),335.98585322801557
799,3.82989375,0.0037858116507295913,(-0.09838251162805961-0.07893837563852629j),336.4068881318101
800,3.8299937500000003,0.0031973696355694164,(0.04526047097340326-0.07099666111513595j),336.8279230356046
801,3.83009375,0.003588526649559525,(0.05784514285439242+0.0033527478121599674j),337.24895793939913
802,3.8301937500000003,0.004370931836216082,(0.06368585165228628+0.012956397392561887j),337.6699928431936
803,3.83029375,0.004700906919109261,(-0.08148541558189663+0.10307600090510263j),338.0910277469881
804,3.8303937500000003,0.0036817219949791444,(-0.0017801270237588753-0.052252896579845026j),338.51206265078264
805,3.8304937500000005,0.003497980958041311,(-0.13756663332989263-0.033966135522630225j),338.93309755457716
806,3.8305937500000002,0.0033369490488504754,(-0.01931081030619618+0.055390610154574985j),339.3541324583716
807,3.8306937500000005,0.0034041365846608387,(-0.015947565022227356+0.1366073669036045j),339.77516736216614
808,3.83079375,0.0039027664669680972,(0.006784206834690186+0.09244996812454807j),340.19620226596066
809,3.8308937500000004,0.0042527483944321725,(0.0009233485375050865+0.008444299250231352j),340.61723716975513
810,3.83099375,0.004619639234401482,(-0.010971035579699522+0.0005927936436117415j),341.03827207354965
811,3.8310937500000004,0.005348810458756785,(0.005238863235872031-0.005744605421151754j),341.45930697734417
812,3.83119375,0.005067247619970591,(0.05652423069762076-0.05028749342102544j),341.8803418811387
813,3.8312937500000004,0.0046755339104518675,(-0.00043738993519882793-0.032579468698022404j),342.30137678493315
814,3.83139375,0.004889878374176149,(-0.09063948415230769-0.09265478775473512j),342.7224116887277
815,3.8314937500000004,0.005357806820504691,(-0.047519572743462954+0.037364304628505096j),343.1434465925222
816,3.83159375,0.006127902813370391,(0.023113869818876226-0.033764950952043474j),343.5644814963167
817,3.8316937500000003,0.006186749943490126,(-0.0256808122686956+0.03282941941558573j),343.9855164001112
818,3.83179375,0.005829350980915743,(-0.04876203892402653-0.05610367704603179j),344.4065513039057
819,3.8318937500000003,0.00576848842629882,(0.0352659822320156+0.009042887362778987j),344.8275862077002
820,3.83199375,0.006406753838939935,(0.019267775702746445+0.08552139479379763j),345.24862111149474
821,3.8320937500000003,0.0062528490106622025,(-0.032475101076560486+0.03174742736088032j),345.6696560152892
822,3.83219375,0.006823590429635944,(-0.035246891149256436-0.009509102536228498j),346.0906909190837
823,3.8322937500000003,0.0070283627176531555,(-0.019234452512129505-0.04600753655118403j),346.51172582287825
824,3.8323937500000005,0.006361060579550519,(-0.08103699531020178+0.02235221430596395j),346.93276072667277
825,3.8324937500000003,0.007285696239494444,(0.008351631224402658+0.0567941903596466j),347.35379563046723
826,3.8325937500000005,0.007324427918823694,(-0.010803183826015875-0.006368145079884129j),347.77483053426175
827,3.8326937500000002,0.007452287801449251,(-0.020889484695782112-0.008090778222582367j),348.1958654380563
828,3.8327937500000004,0.008137766340197129,(-0.0799459613375942-0.02645855163119616j),348.61690034185074
829,3.83289375,0.008192871145867081,(-0.031964285518375525+0.08040375913959943j),349.03793524564526
830,3.8329937500000004,0.008874444961532892,(-0.0034853363584112906+0.08097002295783778j),349.4589701494398
831,3.83309375,0.0080234699030245,(-0.03677463270725286-0.013396368625035904j),349.8800050532343
832,3.8331937500000004,0.007127149114013085,(0.07136611506028726-0.037472544432919544j),350.30103995702876
833,3.83329375,0.00687547120080481,(-0.048719085120457715+0.01890021860678899j),350.7220748608233
834,3.8333937500000004,0.00683779897027155,(-0.002833654134342044-0.06942287955600612j),351.1431097646178
835,3.83349375,0.007103131663535218,(-0.044664326874142846+0.028597125111051787j),351.5641446684123
836,3.8335937500000004,0.007104274433583564,(-0.0340671997611982+0.0072357703185783676j),351.9851795722068
837,3.83369375,0.008173956460318989,(-0.00445539449550527+0.015542066498441623j),352.4062144760013
838,3.8337937500000003,0.008741829801819569,(-0.09552643520570821-0.018670444015158535j),352.82724937979583
839,3.83389375,0.008200256351024227,(-0.04073607097106227+0.04101222708520011j),353.24828428359035
840,3.8339937500000003,0.007063426065989457,(-0.08957693097123189-0.04298273909741505j),353.6693191873848
841,3.83409375,0.006838222654040814,(-0.043278794391169134+0.0796540760719531j),354.09035409117934
842,3.8341937500000003,0.007042593928469664,(-0.05703188517474564-0.0018150930262263443j),354.51138899497386
843,3.83429375,0.008285645051341415,(0.06788078571339642+0.07201469463891128j),354.9324238987684
844,3.8343937500000003,0.008125862512181354,(0.041143695680256796+0.11705321114097929j),355.35345880256284
845,3.8344937500000005,0.00698945816352515,(-0.10102926125057182+0.015607484151233263j),355.77449370635736
846,3.8345937500000002,0.006185851781904258,(-0.07324474416356559-0.09623894052129345j),356.1955286101519
847,3.8346937500000005,0.006092312005735772,(-0.05350505870875944-0.023745267470029398j),356.61656351394635
848,3.8347937500000002,0.006676650505809249,(-0.05268887486364344+0.08080401529613705j),357.03759841774087
849,3.8348937500000004,0.007535212796849047,(-0.020226961092415285+0.024593059398218195j),357.4586333215354
850,3.83499375,0.007007894261841417,(0.010183974551574469+0.08273702809442779j),357.8796682253299
851,3.8350937500000004,0.006356199546205404,(-0.1305146360776299+0.08113090718822477j),358.3007031291244
852,3.83519375,0.006752498118462187,(-0.10371955543634255-0.04257903378681363j),358.7217380329189
853,3.8352937500000004,0.006562403152373092,(-0.1465784331384936-0.005051030617412418j),359.1427729367134
854,3.83539375,0.005952386465303725,(-0.1271993469119455-0.06256633754686378j),359.56380784050793
855,3.8354937500000004,0.004771741419409742,(-0.8526658849883944-0.2096753187129612j),359.9848427443024
856,3.83559375,0.004551541004453033,(0.09809239039583664+0.17367734713357558j),360.4058776480969
857,3.8356937500000003,0.005163422083978522,(-0.012063775959042275-0.0790254309369742j),360.82691255189144
858,3.83579375,0.0052720199694186185,(0.09239536215395061+0.011042403457533094j),361.24794745568596
859,3.8358937500000003,0.004943797441607079,(-0.05142770936750083+0.004191837046652026j),361.6689823594804
860,3.83599375,0.004642504123586621,(-0.043951479453507275+0.04464162500873539j),362.09001726327494
861,3.8360937500000003,0.004522078875451881,(-0.002371987838946654+0.0360153114586884j),362.51105216706947
862,3.83619375,0.004855602953905567,(-0.06829179375939104+0.024547688296525285j),362.932087070864
863,3.8362937500000003,0.004411185222730444,(0.06902939510249459-0.09943637468822193j),363.35312197465845
864,3.83639375,0.004352093562934764,(0.01984115068550052+0.04151609264095446j),363.77415687845297
865,3.8364937500000003,0.00401465174314355,(-0.040406884237017736+0.005090646634817223j),364.1951917822475
866,3.8365937500000005,0.004092581409221105,(-0.06104585772095775+0.032626098237705556j),364.616226686042
867,3.8366937500000002,0.004142637813125905,(0.014200814251426382+0.000842186375992298j),365.0372615898365
868,3.8367937500000004,0.004545907352608495,(-0.1033982323504426+0.03918023721370817j),365.458296493631
869,3.83689375,0.004741908901761135,(0.040939163071852434+0.025078553347149535j),365.8793313974255
870,3.8369937500000004,0.0051901171548933735,(-0.07989308054576029+0.01667314273950532j),366.30036630122
871,3.83709375,0.004316451263498696,(-0.06542643514698013-0.11849279138821368j),366.7214012050145
872,3.8371937500000004,0.0029771459522678584,(0.058553599695919556-0.023032711267422894j),367.142436108809
873,3.83729375,0.0024505612270910334,(-0.07361547110459864+0.05573349561185629j),367.56347101260354
874,3.8373937500000004,0.00232530526117813,(-0.11949353370481605-0.016284976503596095j),367.984505916398
875,3.83749375,0.0025785704891658646,(-0.04483705132187246+0.09998840628703198j),368.4055408201925
876,3.8375937500000004,0.003014307608964772,(-0.035547838625149084-0.06907574905384649j),368.82657572398705
877,3.83769375,0.0028706117355485304,(-0.05931473065408006+0.086884570797398j),369.24761062778157
878,3.8377937500000003,0.00277147694809437,(0.010147390734954593-0.0010501666728783433j),369.66864553157603
879,3.83789375,0.0034055432617881454,(-0.014294219901702983+0.06330198137756579j),370.08968043537055
880,3.8379937500000003,0.0032791796355836444,(-0.0661869963638601-0.04123205287181508j),370.5107153391651
881,3.83809375,0.003389641133258614,(-0.0678349085281845+0.05628599337904421j),370.9317502429596
882,3.8381937500000003,0.0027437625845497787,(-0.038572493259403-0.05506011628998203j),371.35278514675406
883,3.83829375,0.0035463144101113503,(-0.051897257537296355-0.014309820741071774j),371.7738200505486
884,3.8383937500000003,0.004063790479422912,(-0.003212711325496685-0.021060063669331903j),372.1948549543431
885,3.8384937500000005,0.003374746636263278,(-0.04810737590321075+0.049828145518930445j),372.6158898581376
886,3.8385937500000002,0.0026293974892070333,(0.06435178020824878-0.06534827365684316j),373.0369247619321
887,3.8386937500000005,0.0034763047194792274,(-0.04520001611095875+0.027172985044731035j),373.4579596657266
888,3.8387937500000002,0.0047337498099858395,(0.006514032470924198+0.07182938123825419j),373.8789945695211
889,3.8388937500000004,0.004735460465027814,(0.04010515861967766+0.008607531607008735j),374.3000294733156
890,3.83899375,0.0033522414803014433,(-0.14151713990546064+0.02345765934362594j),374.7210643771101
891,3.8390937500000004,0.0024708385366822632,(-0.03613474184618598+0.0246779319484708j),375.14209928090463
892,3.83919375,0.0036094260898628335,(-0.04446502306360009-0.010996127030355723j),375.56313418469915
893,3.8392937500000004,0.005482845874848347,(0.07234502681257286-0.07006482013350954j),375.9841690884936
894,3.83939375,0.0065128413645441615,(-0.10690484567454989-0.08401376752338284j),376.40520399228814
895,3.8394937500000004,0.005189280740364928,(-0.01657720482699778+0.022795619721462934j),376.82623889608266
896,3.83959375,0.00471223302342981,(-0.12817929941541578+0.1108305487173189j),377.2472737998772
897,3.8396937500000003,0.004931648318071718,(-0.12981920619515858-0.05996759041446649j),377.66830870367164
898,3.83979375,0.005669879186400463,(0.01915801577823663+0.037381858699893446j),378.08934360746616
899,3.8398937500000003,0.005041764767388229,(0.006750105424514881+0.06700540587663761j),378.5103785112607
900,3.83999375,0.004517207554872379,(0.0050177174025679006-0.03289698213734589j),378.9314134150552
901,3.8400937500000003,0.005436980071066331,(-0.027864497406971507+0.043051890419997185j),379.35244831884967
902,3.84019375,0.007239195144281161,(-0.016804836339368096+0.012116277333606255j),379.7734832226442
903,3.8402937500000003,0.007657268044241102,(-0.03559532617572317-0.038856193569450886j),380.1945181264387
904,3.84039375,0.00646995311098029,(0.015358866951927848+0.034719202128995916j),380.61555303023323
905,3.8404937500000003,0.006298167361014692,(-0.053507677408402524-0.03130780376853062j),381.0365879340277
906,3.8405937500000005,0.0070730881867933975,(0.060542908160871725-0.06379257431936677j),381.4576228378222
907,3.8406937500000002,0.0076425846787540825,(0.10326764191473636+0.04657702778545014j),381.87865774161673
908,3.8407937500000005,0.007278076211250382,(-0.0331456281793251-0.023044669144527012j),382.2996926454112
909,3.84089375,0.006599196228113592,(-0.11696746596172249+0.013171512235492018j),382.7207275492057
910,3.8409937500000004,0.007413335851860131,(0.0024939316614803406+0.029600247589927176j),383.14176245300024
911,3.84109375,0.008539523111649856,(-0.011792794634411147+0.04807727780929292j),383.56279735679476
912,3.8411937500000004,0.007893277392529091,(-0.04695683498814609+0.08007236219340721j),383.9838322605892
913,3.84129375,0.007064934546487618,(-0.06726102877132348-0.021243263657659404j),384.40486716438375
914,3.8413937500000004,0.0071411132842102145,(0.03611126288449563+0.03297372642247836j),384.82590206817827
915,3.84149375,0.00800542536435224,(-0.0441554228013922+0.10300104426588381j),385.2469369719728
916,3.8415937500000004,0.008376365890653312,(-0.10661147049474703-0.009911511622959626j),385.66797187576725
917,3.84169375,0.007468636433683653,(-0.006371672722810584-0.01539518601061919j),386.08900677956177
918,3.8417937500000003,0.00717551032694024,(0.017078106259358183+0.04597409379331269j),386.5100416833563
919,3.84189375,0.008247505766499316,(-0.09417121066989537-0.011729730839130106j),386.9310765871508
920,3.8419937500000003,0.007928914521393025,(-0.007321985498494651+0.020833184580590206j),387.3521114909453
921,3.84209375,0.006707642145879451,(-0.03210781723920239+0.05942076890828753j),387.7731463947398
922,3.8421937500000003,0.006190749642796696,(0.05868697968045733+0.05839232792702924j),388.1941812985343
923,3.84229375,0.006365818717382194,(-0.050996629619536535-0.027227797964335977j),388.61521620232884
924,3.8423937500000003,0.006931713822629735,(0.02248991430188712+0.07731896371923548j),389.0362511061233
925,3.8424937500000005,0.0075590267408802,(-0.09788690206569606-0.008765064566708534j),389.4572860099178
926,3.8425937500000003,0.008069815498466672,(0.009035166189171356+0.05252152797170503j),389.87832091371234
927,3.8426937500000005,0.008266787549439185,(-0.0949586771395764+0.0412092641453366j),390.2993558175068
928,3.8427937500000002,0.008031683264758461,(-0.07566779951966066+0.02905089735796708j),390.7203907213013
929,3.8428937500000004,0.007176855884986377,(-0.005188777501797359-0.012691787597930423j),391.14142562509585
930,3.84299375,0.007109589525642728,(-0.03055196322823299+0.10300201302707578j),391.56246052889037
931,3.8430937500000004,0.007081513550739747,(0.07732501413222392+0.01845798019323802j),391.98349543268483
932,3.84319375,0.0062862240567559706,(0.13601342141864645+0.02346049160670581j),392.40453033647935
933,3.8432937500000004,0.006390498292407832,(-0.015479585616734556-0.1407536023188109j),392.8255652402739
934,3.84339375,0.007041991150069773,(-0.08163367268588971-0.06918453718888964j),393.2466001440684
935,3.8434937500000004,0.007104858482379926,(-0.14399425554237644+0.021840541813825054j),393.66763504786286
936,3.84359375,0.005706437630544433,(-0.11915066101306024+0.09555658431197056j),394.0886699516574
937,3.8436937500000004,0.004907921680532245,(-0.05285106927815597-0.025974521512615163j),394.5097048554519
938,3.84379375,0.005469351602860362,(-0.06319522351895837+0.11629496994420724j),394.9307397592464
939,3.8438937500000003,0.005665560121539602,(-0.06874651836121384-0.01482431324058853j),395.3517746630409
940,3.84399375,0.004375055752249207,(-0.03583039047351544-0.09966983196879467j),395.7728095668354
941,3.8440937500000003,0.004240554748967032,(0.03841287567658794+0.062258159816844086j),396.1938444706299
942,3.84419375,0.005611445073610415,(0.04656594370099823-0.017914827498785993j),396.61487937442445
943,3.8442937500000003,0.0062719747366237035,(-0.04531019919392035-0.07039001561945434j),397.0359142782189
944,3.84439375,0.005380596070446075,(-0.008539236251224921-0.06975550817043967j),397.45694918201343
945,3.8444937500000003,0.0042933894470702245,(-0.0667877291534596-0.027542867741726845j),397.87798408580795
946,3.8445937500000005,0.004371328828583005,(0.018919178053244154+0.06328493965014173j),398.2990189896024
947,3.8446937500000002,0.004285937184241164,(-0.12846536660160943+0.036859458797748774j),398.72005389339694
948,3.8447937500000005,0.003491635551770266,(0.015334100036199727-0.02095852197843677j),399.14108879719146
949,3.84489375,0.001983318702601107,(-0.003436215848662258+0.025054714031924656j),399.562123700986
950,3.8449937500000004,0.001720365732228089,(-0.12264828761942162+0.040160865097128164j),399.98315860478044
951,3.84509375,0.0027505437629939747,(-0.15043150540812356-0.0814405414095006j),400.40419350857496
952,3.8451937500000004,0.003559573091646066,(-0.016146807999166943+0.15554397132624814j),400.8252284123695
953,3.84529375,0.0033718699456303874,(-0.11568284519677335+0.11467411221961063j),401.246263316164
954,3.8453937500000004,0.002561124680611382,(-0.05622905631654235-0.030787930937254744j),401.66729821995847
955,3.84549375,0.003308891330109444,(-0.18841299903728104-0.02669129954162798j),402.088333123753
956,3.8455937500000004,0.003649969290886292,(0.03587672758640899+0.08755470213106742j),402.5093680275475
957,3.84569375,0.0035157786151423977,(-0.015808129724710615-0.023663825162973953j),402.93040293134203
958,3.8457937500000003,0.002821589613459879,(-0.13084081125828034+0.03698421546490657j),403.3514378351365
959,3.84589375,0.002725275116090957,(-0.08697594110683107-0.02050728274156805j),403.772472738931
960,3.8459937500000003,0.00326731929852151,(-0.11318833396399641-0.03747354365583243j),404.19350764272554
961,3.84609375,0.003062338685479645,(-0.011759770217145839+0.04929222951682784j),404.61454254652006
962,3.8461937500000003,0.0022678247287819197,(-0.09860220806854113+0.09895621280348038j),405.0355774503145
963,3.84629375,0.0024600544372177084,(0.10795201393407679-0.030576340397043177j),405.45661235410904
964,3.8463937500000003,0.003101717496756437,(0.04777667853261148-0.08487863107901014j),405.87764725790356
965,3.8464937500000005,0.0034248380957433234,(-0.09406245664183938-0.14891578611746928j),406.298682161698
966,3.8465937500000003,0.0033627871716333693,(-0.05192505375508878-0.009069925370498182j),406.71971706549255
967,3.8466937500000005,0.0033896545909066792,(-0.024715857297641808+0.04462142503436407j),407.14075196928707
968,3.8467937500000002,0.0037929154268158344,(-0.014475261824037397-0.07899674930000822j),407.5617868730816
969,3.8468937500000004,0.004090948078311102,(0.051971426778795224-0.012093284490299241j),407.98282177687605
970,3.84699375,0.004670860182142125,(-0.00667088836369277+0.008077060696132964j),408.4038566806706
971,3.8470937500000004,0.004782126617345002,(0.040350139160743696-0.07749614075399612j),408.8248915844651
972,3.84719375,0.004033237486387318,(-0.08997960399306187+0.08064482945703556j),409.2459264882596
973,3.8472937500000004,0.004140426235122319,(-0.01531088272958318+0.056606526633314225j),409.6669613920541
974,3.84739375,0.004676508598877899,(0.03519782379317024+0.006605504039292262j),410.0879962958486
975,3.8474937500000004,0.004745165850937794,(-0.04698787535827729+0.0569407034412353j),410.5090311996431
976,3.84759375,0.004464277369047453,(0.005082712985717226+0.004055854669736361j),410.93006610343764
977,3.8476937500000004,0.0038521052603920263,(0.0037617527186827315+0.08452381286641211j),411.3511010072321
978,3.84779375,0.00495570981614129,(-0.025320469022625886-0.021783010390905744j),411.7721359110266
979,3.8478937500000003,0.00602625558758698,(-0.1453984598698177-0.007374975758756364j),412.19317081482114
980,3.84799375,0.00600740570591678,(-0.017008215270670063+0.03946976963863297j),412.61420571861566
981,3.8480937500000003,0.005524199797592558,(-0.027214208634719423+0.041806644311295674j),413.03524062241013
982,3.84819375,0.005795389292898051,(-0.0044709897608762005+0.04221666632127659j),413.45627552620465
983,3.8482937500000003,0.005861205837610281,(0.050747745874623496+0.018681041908884935j),413.87731042999917
984,3.84839375,0.006141659520094676,(-0.04536556422694196+0.12771097333146292j),414.2983453337937
985,3.8484937500000003,0.006522327632314566,(0.06556075668437551-0.006814853028167825j),414.71938023758815
986,3.8485937500000005,0.007014937008258536,(-0.059364420638031+0.058754282103239824j),415.1404151413827
987,3.8486937500000002,0.007150866907501634,(-0.08884165023106666+0.025576814220372508j),415.5614500451772
988,3.8487937500000005,0.0070328394091189765,(-0.004708770260965708+0.06644565136819319j),415.98248494897166
989,3.8488937500000002,0.007800216914382815,(-0.11183185114114336-0.036596445608518824j),416.4035198527662
990,3.8489937500000004,0.007246442734233737,(-0.05499344481784951+0.050049679338817335j),416.8245547565607
991,3.84909375,0.007057916132390483,(-0.039182948665738286+0.058693285074330796j),417.2455896603552
992,3.8491937500000004,0.0069406341301747835,(0.004509446025298514+0.10988844444830598j),417.6666245641497
993,3.84929375,0.007440187867768762,(0.06078478506700186+0.008330088242403492j),418.0876594679442
994,3.8493937500000004,0.007693163910388493,(0.22551244195870757-0.18627496923478026j),418.5086943717387
995,3.84949375,0.006889537180489411,(-0.1042105992949669-4.267971749662841e-05j),418.92972927553325
996,3.8495937500000004,0.006937040189245899,(-0.15783501524577648-0.08609481190939974j),419.3507641793277
997,3.84969375,0.007426539060176982,(-0.06310737059156361+0.11483678351945314j),419.77179908312223
998,3.8497937500000003,0.008040148138901299,(0.009518096047164783+0.060900610067187846j),420.19283398691675
999,3.84989375,0.008129722686595977,(-0.04653442473574572-0.009872984668099848j),420.6138688907113
1000,3.8499937500000003,0.008037480168638464,(-0.012605858125234683-0.03155116794784142j),421.03490379450574
1001,3.85009375,0.007976525237860419,(-0.06608961402338447+0.0040805962247575656j),421.45593869830026
1002,3.8501937500000003,0.007633991972558434,(-0.02029774480806598+0.05062513766756375j),421.8769736020948
1003,3.85029375,0.007608633675597613,(-0.07170171640456999+0.017458071476467826j),422.2980085058893
1004,3.8503937500000003,0.007016421404645457,(-0.020194741164099517-0.015355746488229852j),422.71904340968376
1005,3.85049375,0.0067748359120867055,(-0.05051824623853374-0.0012861241288404292j),423.1400783134783
1006,3.8505937500000003,0.0070033512463323466,(-0.02555235508729954+0.04881438304174859j),423.5611132172728
1007,3.85069375,0.006856136338759376,(-0.10560543420725998+0.020201549604352914j),423.98214812106727
1008,3.8507937500000002,0.00804308095866716,(0.05592669255676137+0.00820464727458705j),424.4031830248618
1009,3.85089375,0.007908059911027554,(-0.0007284186878464688-0.02628296261199254j),424.8242179286563
1010,3.85099375,0.006375723108289658,(-0.04268230110202917+0.03353604750004306j),425.24525283245083
1011,3.85109375,0.006810317418385024,(-0.01380472508436206+0.03720146956133758j),425.6662877362453
1012,3.85119375,0.006955434656925815,(-0.032405173521446576+0.03907844455126216j),426.0873226400398
1013,3.85129375,0.007169047229159526,(-0.05080040448251605+0.0020180785044316765j),426.50835754383434
1014,3.85139375,0.006623687655718046,(-0.03378670281006083+0.00303781755091196j),426.92939244762886
1015,3.85149375,0.006456633956084186,(-0.028832357343052277+0.02838904773363811j),427.3504273514233
1016,3.85159375,0.005836185390004386,(0.01832274042630558+0.08543257731109594j),427.77146225521784
1017,3.8516937500000004,0.005232445664949958,(-0.048916472768432306+0.044476796417460815j),428.19249715901236
1018,3.85179375,0.004549255271738853,(-0.013961069368196133+0.040111140415245466j),428.6135320628069
1019,3.8518937500000003,0.005035367251213218,(0.10268833645147205+0.03116462701774868j),429.03456696660135
1020,3.85199375,0.005753662790868807,(-0.04396624542187798+0.06515356375742717j),429.45560187039587
1021,3.8520937500000003,0.0058324405070024005,(-0.07856173809946292+0.09375107434138763j),429.8766367741904
1022,3.85219375,0.005675494309392546,(-0.0004966889816390048+0.016462261436155305j),430.2976716779849
1023,3.8522937500000003,0.005444512469727828,(-0.09845605383530429+0.05270181289712998j),430.7187065817794
1024,3.85239375,0.004983782068318052,(0.006655204272064261-0.06331072741538797j),431.1397414855739
1025,3.8524937500000003,0.004418761509219037,(-0.03622880970983845+0.10567979173793386j),431.5607763893684
1026,3.85259375,0.004422372712282186,(0.006528611017059094+0.14054888331050341j),431.9818112931629
1027,3.8526937500000003,0.0038966733260184356,(-0.12311147867380243-0.020850824936257274j),432.4028461969574
1028,3.85279375,0.004294125047872539,(0.07103907141004456-0.03837944497343804j),432.8238811007519
1029,3.8528937500000002,0.004769704868584212,(-0.030974316467180265+0.042143448735316315j),433.24491600454644
1030,3.85299375,0.005072918479959363,(0.024845061541586853-0.07226549512990574j),433.6659509083409
1031,3.85309375,0.004679738426622916,(-0.01503646533407043-0.03562915063536706j),434.0869858121354
1032,3.85319375,0.0036578197428909476,(0.07401231771307469-0.0096661879369151j),434.50802071592994
1033,3.85329375,0.0035313614957546997,(-0.04257035401078696+0.030081633542464098j),434.92905561972447
1034,3.85339375,0.0031641632510671317,(-0.059156209581849695+0.04186685033293905j),435.35009052351893
1035,3.85349375,0.0027533877815501644,(-0.037357788746167145-0.00957759613052113j),435.77112542731345
1036,3.85359375,0.0027835716526688984,(-0.013960317164646532+0.021431823366782343j),436.19216033110797
1037,3.85369375,0.0018788337721544902,(-0.016309731143543126-0.014582201053531849j),436.6131952349025
1038,3.8537937500000004,0.0033465025506350166,(-0.08210861899944778+0.11134098084247704j),437.03423013869696
1039,3.85389375,0.0048484170692983854,(-0.11661834573429364-0.010103940561826825j),437.4552650424915
1040,3.8539937500000003,0.004713307737951932,(0.09925411349074399-0.019944891066064868j),437.876299946286
1041,3.85409375,0.004441501232819208,(-0.22753925401348918+0.05156061636073451j),438.2973348500805
1042,3.8541937500000003,0.0030776315305885145,(-0.03457347416694809+0.04109953847547574j),438.718369753875
1043,3.85429375,0.003164005895967719,(-0.0928522807727219+0.11849878373963607j),439.1394046576695
1044,3.8543937500000003,0.0030108281634130224,(-0.04722157045945354-0.017673884850192806j),439.560439561464
1045,3.85449375,0.0029534816649487393,(-0.05209948702603852-0.018658722699796793j),439.9814744652585
1046,3.8545937500000003,0.002402341832557846,(-0.130522484573786+0.07267165202635831j),440.402509369053
1047,3.85469375,0.003502191873827372,(0.04095150792638081-0.08159099121213516j),440.8235442728475
1048,3.8547937500000002,0.004065071730985088,(0.24741317837952073-0.12330443179142381j),441.24457917664205
1049,3.85489375,0.003704819497298247,(-0.11435664322715877-0.10291949098412757j),441.6656140804365
1050,3.85499375,0.003160248091425427,(-0.09760359902540458+0.08514337531972924j),442.08664898423103
1051,3.85509375,0.003184311863509569,(0.20359760081710576+0.0034581453871323524j),442.50768388802555
1052,3.85519375,0.0036599436038094305,(0.11463702394021355+0.25190901463644516j),442.9287187918201
1053,3.85529375,0.004846075492726031,(-0.21559792614234902+0.1861551564893395j),443.34975369561454
1054,3.85539375,0.004725571445273425,(0.22006356660284807+0.016147755300149808j),443.77078859940906
1055,3.85549375,0.004728176671524694,(-0.23538503038002206-0.3919098615443114j),444.1918235032036
1056,3.85559375,0.0051409938660165145,(0.015296376341338482+0.34747910490094297j),444.6128584069981
1057,3.8556937500000004,0.004951765075245068,(0.06315068720703727+0.11291144964563218j),445.03389331079256
1058,3.85579375,0.004782040204128211,(0.011205174477876261+0.10605738518919638j),445.4549282145871
1059,3.8558937500000003,0.004241695986039768,(0.01604966536786272+0.08654200509592745j),445.8759631183816
1060,3.85599375,0.004354803687097363,(0.05318505943587834+0.05334107047183488j),446.2969980221761
1061,3.8560937500000003,0.004148646395896757,(0.010056271793059493+0.013548696557374385j),446.7180329259706
1062,3.85619375,0.004784191298981055,(-0.022910675894456035+0.0004180446668068773j),447.1390678297651
1063,3.8562937500000003,0.004831188513390403,(0.07330706278646731-0.08942139751432222j),447.56010273355963
1064,3.85639375,0.005397582340323252,(-0.06167387304352319+0.15441792772272875j),447.9811376373541
1065,3.8564937500000003,0.0061415437047677,(-0.12749173921192491-0.06656293997315575j),448.4021725411486
1066,3.85659375,0.0065459942988252764,(0.0029433698941956354+0.11120945421894135j),448.82320744494314
1067,3.8566937500000003,0.0070053481604057215,(-0.12643291054096661-0.0661191001203108j),449.24424234873766
1068,3.85679375,0.006897392360804231,(0.038131655109464105+0.0006093358004280111j),449.6652772525321
1069,3.8568937500000002,0.006236238159779446,(-0.08244443817638475+0.15400547722133223j),450.08631215632664
1070,3.85699375,0.006455093412636945,(-0.002537822488204451+0.04388130087281373j),450.50734706012116
1071,3.85709375,0.006797417184930565,(-0.08074452901471167+0.0036722450577060806j),450.9283819639157
1072,3.85719375,0.007531146147147407,(-0.03575949447728595+0.10807303980669303j),451.34941686771015
1073,3.85729375,0.007818371337666696,(-0.04696201653267158+0.08689453150954782j),451.77045177150467
1074,3.85739375,0.007521762918831054,(-0.15128428109468012+0.039386945373891216j),452.1914866752992
1075,3.85749375,0.007266184020745329,(0.0351779190562415+0.05587616340618816j),452.6125215790937
1076,3.85759375,0.0072172817072996415,(-0.053747847727085275+0.05349122424631334j),453.0335564828882
1077,3.85769375,0.007097676097200181,(-0.026734477661919734+0.020404892563150888j),453.4545913866827
1078,3.8577937500000004,0.006421716252120737,(0.052264285847311784-0.007851670692176828j),453.8756262904772
1079,3.85789375,0.006870459877847552,(-0.014884832405137521+0.16344558685973998j),454.29666119427173
1080,3.8579937500000003,0.007700483602897576,(-0.06449374504295613+0.032978318794552104j),454.7176960980662
1081,3.85809375,0.007835230198517033,(-0.08793348622010588+0.31022208243919014j),455.1387310018607
1082,3.8581937500000003,0.007144972386585961,(-0.2717558940183201+0.07816232795324489j),455.55976590565524
1083,3.85829375,0.007390133713620917,(0.12228216357169326+0.14499358779854699j),455.98080080944976
1084,3.8583937500000003,0.007763782124151721,(-0.472899564602226+0.5349786117235653j),456.4018357132442
1085,3.85849375,0.008278677627353768,(-0.3955554222691936-0.13957102117329384j),456.82287061703875
1086,3.8585937500000003,0.007625409400468503,(0.16005081604378593-0.167649030977215j),457.24390552083327
1087,3.85869375,0.006988966215623326,(-0.09028202874504584-0.13827257694734568j),457.66494042462773
1088,3.8587937500000002,0.0074600255918348905,(0.41218036700706573+0.1703071047622539j),458.08597532842225
1089,3.85889375,0.0079040655746331,(-0.2928680352943639-0.07017747567467886j),458.50701023221677
1090,3.8589937500000002,0.007712715642310714,(-0.09338753718534605+0.7627511623792929j),458.9280451360113
1091,3.85909375,0.006886664687662849,(0.5058973230893399+0.018371143895864056j),459.34908003980576
1092,3.85919375,0.006179774606234362,(0.2985052211148592-0.10752353007013228j),459.7701149436003
1093,3.85929375,0.006785443856353382,(0.10352048310819625-0.24012719918867947j),460.1911498473948
1094,3.85939375,0.008070232887088382,(0.054903562526569166-0.1453868642681151j),460.6121847511893
1095,3.85949375,0.00752297590271644,(-0.09124864181302815-0.07715751902549778j),461.0332196549838
1096,3.85959375,0.007656985571883471,(0.019739290540668326-0.22650012228400218j),461.4542545587783
1097,3.85969375,0.006292672101613024,(0.007384899825356769-0.007109884978769153j),461.8752894625728
1098,3.85979375,0.006451617066500986,(0.01538472367373747-0.033387585804374176j),462.29632436636734
1099,3.8598937500000003,0.0067541876261388726,(-0.07615218672714583+0.022761941224387842j),462.7173592701618
1100,3.85999375,0.005881301258991066,(-0.08037620187193846-0.13266764781585244j),463.1383941739563
1101,3.8600937500000003,0.005342436374839197,(-0.13030977481167877-0.06177568764569791j),463.55942907775085
1102,3.86019375,0.005549364684328141,(-0.0782107145194755-0.11121873052002493j),463.98046398154537
1103,3.8602937500000003,0.005812696239407687,(-0.16203387950720638+0.07941736872171105j),464.40149888533983
1104,3.86039375,0.005052001986844011,(-0.027085068024107945-0.08146430703015989j),464.82253378913435
1105,3.8604937500000003,0.004397946495382249,(-0.08129810891069592-0.12488910737457953j),465.2435686929289
1106,3.86059375,0.004442989885193703,(-0.008713851189436673+0.051652338472622655j),465.66460359672334
1107,3.8606937500000003,0.004820498879291854,(-0.1037299481745621+0.0007836374719765483j),466.08563850051786
1108,3.86079375,0.005033460490182543,(0.07557143949555746-0.06114324861055617j),466.5066734043124
1109,3.8608937500000002,0.005083402928677634,(-0.10880367841857246-0.03394770573027796j),466.9277083081069
1110,3.86099375,0.005113497286561803,(-0.07146086102876861-0.03510611604287001j),467.34874321190136
1111,3.86109375,0.004455032189194601,(-0.08612816669059072+0.013339076184033863j),467.7697781156959
1112,3.86119375,0.004918131477639355,(0.06546841933414087-0.06347494601616743j),468.1908130194904
1113,3.86129375,0.00474256189178755,(-0.006419301821584213-0.07386571087488701j),468.6118479232849
1114,3.86139375,0.004071889541522874,(-0.010537200913912512-0.03387238210027285j),469.0328828270794
1115,3.86149375,0.0040975043723884535,(-0.06551754833834557+0.06765602352985514j),469.4539177308739
1116,3.86159375,0.004215629403993267,(-0.043798414672592836-0.06561490367881619j),469.87495263466843
1117,3.86169375,0.004236666388681599,(-0.05818058239163475+0.00047102481910572813j),470.29598753846295
1118,3.8617937500000004,0.004024462085045323,(-0.18978913736919162-0.03145935325005864j),470.7170224422574
1119,3.86189375,0.0020658827109870945,(-0.12592181247858802-0.14899276737334077j),471.13805734605194
1120,3.8619937500000003,0.0016572025283300236,(-0.05047306766043311+0.011805756047307018j),471.55909224984646
1121,3.86209375,0.0027419126221652837,(0.031680777498201695-0.0035867536031892336j),471.980127153641
1122,3.8621937500000003,0.002700790181935471,(-0.11877423879376915-0.01556396952635955j),472.40116205743544
1123,3.86229375,0.0023887187262222644,(-0.009937633178611613-0.035336366229125366j),472.82219696122996
1124,3.8623937500000003,0.0029226055722272296,(0.07159996075257542+0.012213221905183112j),473.2432318650245
1125,3.86249375,0.0031626914353514654,(-0.223778168422629+0.23382958911597143j),473.66426676881895
1126,3.8625937500000003,0.004362366746842305,(0.024176139777654197+0.28285308464276726j),474.08530167261347
1127,3.86269375,0.0024437039364138603,(-0.03091978584579711-0.06688668957148876j),474.506336576408
1128,3.8627937500000002,0.0017856858780172828,(0.13798539421985728+0.012000724387182825j),474.9273714802025
1129,3.86289375,0.0027986209865801556,(0.007355151706738844-0.11778302984815608j),475.348406383997
1130,3.8629937500000002,0.004209113757288403,(-0.1510792294206322+0.0713783079796753j),475.7694412877915
1131,3.86309375,0.005256848203991921,(-0.08876558428364095-0.059159746383658444j),476.190476191586
1132,3.86319375,0.004331275600597181,(-1.297817709546012e-05-0.15140532002697438j),476.61151109538054
1133,3.86329375,0.0037161242714754453,(-0.1864766999177923+0.08454590220884857j),477.032545999175
1134,3.86339375,0.0031211524892105604,(-0.08517440673356065+0.07180288032308826j),477.4535809029695
1135,3.86349375,0.003152803600630831,(-0.07355526542816582+0.043433252474537956j),477.87461580676404
1136,3.86359375,0.003256620529600398,(-0.07434507336110235-0.03485662104309756j),478.29565071055856
1137,3.8636937500000004,0.0033547221115446248,(-0.12655252386973082-0.18889605622366504j),478.716685614353
1138,3.86379375,0.004005015022010233,(-0.14763370274090137+0.059372080621154115j),479.13772051814755
1139,3.8638937500000003,0.004614278247971248,(-0.28928892350662855+0.019640911560302253j),479.55875542194207
1140,3.86399375,0.004619795502095191,(-2.4526274575874583-1.0613629817965249j),479.9797903257366
1141,3.8640937500000003,0.004206564513875794,(0.40868901502429056+0.16645020477625516j),480.40082522953105
1142,3.86419375,0.004265980900949775,(0.11547988485373144-0.04810501411025381j),480.8218601333256
1143,3.8642937500000003,0.0039469376310370605,(0.22900406093971148-0.008103976932085033j),481.2428950371201
1144,3.86439375,0.004061803231101494,(0.05001267192940876+0.06911363839298695j),481.66392994091456
1145,3.8644937500000003,0.005090152056351994,(0.05849091114169345+0.145903944755126j),482.0849648447091
1146,3.86459375,0.0056644801394389165,(0.0798735594742708+0.0356248733484288j),482.5059997485036
1147,3.8646937500000003,0.0053584925400840516,(0.045407954493177013-0.05129800463577859j),482.9270346522981
1148,3.86479375,0.005823898711534004,(0.028707991174407088+0.04542800635874142j),483.3480695560926
1149,3.8648937500000002,0.005036618227222937,(0.009628729370254899-0.012273580744835304j),483.7691044598871
1150,3.86499375,0.005543616765537131,(-0.1335547256745101+0.067978750444586j),484.1901393636816
1151,3.86509375,0.006151884498511858,(0.07541039482614109-0.1417422626627414j),484.61117426747614
1152,3.86519375,0.007218756990690729,(-0.05863676601204662+0.07602107171873312j),485.0322091712706
1153,3.86529375,0.008376670720800627,(-0.06370926047360041+0.15334111824753963j),485.45324407506513
1154,3.86539375,0.007922652116274975,(-0.1378025028203915-0.030671425035281766j),485.87427897885965
1155,3.86549375,0.007120076780607538,(0.059634348548847055-0.07062749644668372j),486.29531388265417
1156,3.86559375,0.00644574791096204,(0.029405925328450523+0.0023780907251866115j),486.71634878644863
1157,3.86569375,0.006804678932955147,(0.08877922242325344-0.0246282011766508j),487.13738369024315
1158,3.8657937500000004,0.007517900165697402,(-0.14243051863323453-0.061148086639524084j),487.5584185940377
1159,3.86589375,0.007888079248218197,(0.07561564667476574+0.13781919023528064j),487.9794534978322
1160,3.8659937500000003,0.00824382077773979,(-0.039655164685787295-0.07301099238201794j),488.40048840162666
1161,3.86609375,0.008916134044302651,(-0.13367816669059904-0.05808381512038202j),488.8215233054212
1162,3.8661937500000003,0.008095909154114123,(-0.03307777257224628-0.047603738313070014j),489.2425582092157
1163,3.86629375,0.007320736279051386,(0.00015680661291663303-0.040231001789117725j),489.66359311301017
1164,3.8663937500000003,0.006256002170765303,(-0.10204947513985627-0.02308546799019964j),490.0846280168047
1165,3.86649375,0.006322068721302027,(0.0015896949625140537+0.05122340739964974j),490.5056629205992
1166,3.8665937500000003,0.006631807813523557,(0.06142944171651816+0.03313184616794807j),490.9266978243937
1167,3.86669375,0.007850965480390581,(-0.15230900650700113+0.12436898296220797j),491.3477327281882
1168,3.8667937500000003,0.007958775692360363,(-0.012778314878972064-0.04116329778353168j),491.7687676319827
1169,3.86689375,0.007905272822467673,(0.020044682697779752+0.04386618525862017j),492.18980253577723
1170,3.8669937500000002,0.007509162959329295,(-0.23817730920141544-0.01121657578287753j),492.61083743957175
1171,3.86709375,0.007254535750991321,(-0.08314124890054934-0.059280730487978134j),493.0318723433662
1172,3.86719375,0.007539008408603641,(-0.051169782012660106-0.2101534556446972j),493.45290724716074
1173,3.86729375,0.008206374403842918,(0.2790571798581358+0.0662215548438003j),493.87394215095526
1174,3.86739375,0.008041099145656464,(-0.12324497537305518-0.1866639852114704j),494.2949770547498
1175,3.86749375,0.007775316957141636,(-0.09411848827000598+0.16825005571501167j),494.71601195854424
1176,3.86759375,0.008762034474980652,(0.04156476399389092-0.01336912869270665j),495.13704686233876
1177,3.86769375,0.008043982323785065,(-0.06499858933719374-0.09344739757575422j),495.5580817661333
1178,3.86779375,0.007888346765532657,(-0.01662794629745877+0.13871342978252624j),495.9791166699278
1179,3.8678937500000004,0.006417591894584149,(0.004422334718607751-0.06526972412981123j),496.40015157372227
1180,3.86799375,0.006618727501338778,(0.1063380057966621+0.027226813639881713j),496.8211864775168
1181,3.8680937500000003,0.006277600250802326,(0.0006794355622973397-0.017575149136990285j),497.2422213813113
1182,3.86819375,0.00616269506933971,(0.04995029194609339+0.04040665215971089j),497.6632562851058
1183,3.8682937500000003,0.006196842995738304,(-0.1514859204214521+0.07830594867650997j),498.0842911889003
1184,3.86839375,0.006275599922849845,(-0.03421013974776745-0.028788632052296564j),498.5053260926948
1185,3.8684937500000003,0.005884964246792469,(0.09652701547147013+0.09104151468831226j),498.92636099648934
1186,3.86859375,0.004942696015637991,(-0.005247312439078427+0.13471388879816165j),499.3473959002838
1187,3.8686937500000003,0.004601719668106153,(-0.1440885143246526-0.07334006357506168j),499.7684308040783
1188,3.86879375,0.004553453374368864,(-0.018207810971888422-0.05576432557610364j),500.18946570787284
1189,3.8688937500000002,0.0049844502767524895,(-0.0642472962000507+0.03360582960010069j),500.61050061166736
1190,3.86899375,0.0057261922329638155,(0.06407925164348854+0.08231494808675419j),501.0315355154618
1191,3.86909375,0.005255588957259576,(-0.03061128492670452+0.09621261071611356j),501.45257041925635
1192,3.86919375,0.004344829159400166,(0.045143417191357824+0.0057896152060425005j),501.87360532305087
1193,3.86929375,0.003777787410928521,(0.10482303347691999+0.02500637738381268j),502.2946402268454
1194,3.86939375,0.003785767502795081,(0.08131431645509678+0.06570408926668705j),502.71567513063985
1195,3.86949375,0.004717925970168239,(-0.04461705849696146-0.09002497651793598j),503.1367100344344
1196,3.86959375,0.00365797815983862,(0.005243140609211879+0.0083884724337518j),503.5577449382289
1197,3.86969375,0.00340393892379078,(-0.14433000581843847+0.03350041751024214j),503.9787798420234
1198,3.8697937500000004,0.003712569058969759,(-0.008077541170633445-0.04766119671991137j),504.3998147458179
1199,3.86989375,0.00499543827358542,(-0.011975879795026097+0.07573620552948718j),504.8208496496124
1200,3.8699937500000003,0.004905819867343736,(-0.12891834350130543-0.030024484907087777j),505.2418845534069
1201,3.87009375,0.003923985135884917,(0.05361700206570905+0.07466704819930733j),505.66291945720144
1202,3.8701937500000003,0.0035193902124044823,(0.0702658860150672+0.12166291213873064j),506.0839543609959
1203,3.87029375,0.0029742579651304744,(-0.06036438137102437-0.03066657100752196j),506.5049892647904
1204,3.8703937500000003,0.0033443466936562928,(-0.07462210597493044-0.03753318034571412j),506.92602416858495
1205,3.87049375,0.0031208570552665503,(-0.05179772267557802-0.013288696619242792j),507.3470590723794
1206,3.8705937500000003,0.002762164117642262,(0.04872962362146157-0.06581503423358848j),507.76809397617393
1207,3.87069375,0.0027085817604691658,(-0.09323962892141821+0.025806089830429115j),508.18912887996845
1208,3.8707937500000003,0.0023786052008897044,(-0.006911653353432121+0.04409474633117333j),508.61016378376297
1209,3.87089375,0.0027864259076535217,(-0.010801091520918002+0.020193266760177967j),509.03119868755743
1210,3.8709937500000002,0.002865632015521595,(0.044781305333458164+0.015509112418495955j),509.45223359135196
1211,3.87109375,0.00288987556581827,(-0.08466126842744066-0.04043449201115323j),509.8732684951465
1212,3.87119375,0.0031301860624724656,(0.032216333199502095+0.047233984606367185j),510.294303398941
1213,3.87129375,0.002703319113734595,(0.03835362429634772+0.0582037005701279j),510.71533830273546
1214,3.87139375,0.003454885633341421,(-0.08685560684070417-0.03452131052452184j),511.13637320653
1215,3.87149375,0.0033209016065372772,(-0.019607500742227807-0.01004686707419003j),511.5574081103245
1216,3.87159375,0.0036075067318050076,(0.02754045217483277+0.10791047296500414j),511.978443014119
1217,3.87169375,0.0035346958872845132,(0.049950915068522325+0.07770257231867332j),512.3994779179135
1218,3.87179375,0.003874785673361967,(-0.03863564419305211+0.0760430545647354j),512.820512821708
1219,3.8718937500000004,0.00369610719304158,(0.013922194819850332+0.10101702897785578j),513.2415477255025
1220,3.87199375,0.0031657142731504103,(-0.06354300455564664-0.030009626472003448j),513.662582629297
1221,3.8720937500000003,0.003629009884439413,(0.016296231676116796+0.057378333537925694j),514.0836175330916
1222,3.87219375,0.003832041760340792,(-0.013404357472097783+0.03537947206473575j),514.504652436886
1223,3.8722937500000003,0.003836388773476913,(0.062246343972803014+0.03910345235107615j),514.9256873406805
1224,3.87239375,0.0037350323046184417,(0.004877794790584575-0.016670810778670518j),515.346722244475
1225,3.8724937500000003,0.004002302475318123,(0.024381691095051772+0.002739733158620583j),515.7677571482695
1226,3.87259375,0.005322859409473042,(0.03674096130319317-0.009589216378228727j),516.1887920520641
1227,3.8726937500000003,0.005905555561781285,(0.05191310354447995-0.037399419994214506j),516.6098269558586
1228,3.87279375,0.004645090240679316,(-0.06781759735654136+0.010870162088426873j),517.0308618596531
1229,3.8728937500000002,0.004262321941343135,(0.045087244303351065+0.11918951772679984j),517.4518967634476
1230,3.87299375,0.0046067385002554985,(-0.03569017339725726+0.1854785639618236j),517.872931667242
1231,3.8730937500000002,0.004942585028374211,(-0.05815229540152057-0.02066924311576137j),518.2939665710365
1232,3.87319375,0.005198083298558459,(0.07110971389591303-0.05608402753747856j),518.7150014748311
1233,3.87329375,0.006018239172696295,(-0.05593044781616649+0.04280716119765572j),519.1360363786256
1234,3.87339375,0.007033140562844352,(0.010089474010117408+0.08572387606239583j),519.5570712824201
1235,3.87349375,0.007648490301649673,(0.06868298070297892+0.024210204599798044j),519.9781061862146
1236,3.87359375,0.006596686037407098,(0.021246224366785103+0.07758247467107854j),520.3991410900092
1237,3.87369375,0.006278531387361371,(-0.037495029711368325-0.016625964864600343j),520.8201759938037
1238,3.87379375,0.007046092337918988,(0.01843142091202918+0.07016258911600401j),521.2412108975981
1239,3.87389375,0.007814108319640507,(-0.010744071915928976-0.05592492171381554j),521.6622458013926
1240,3.8739937500000003,0.008654050005342064,(-0.09380165884932935+0.08384841360839407j),522.0832807051871
1241,3.87409375,0.009042739823912922,(0.004752737511418401+0.007672197058344658j),522.5043156089816
1242,3.8741937500000003,0.008196328500494803,(0.002115854196576193+0.08600626462496966j),522.9253505127762
1243,3.87429375,0.008053397919354109,(0.0055236250127528586+0.021180085468722815j),523.3463854165707
1244,3.8743937500000003,0.007924697324219675,(-0.024733809729027223+0.08855791751149326j),523.7674203203652
1245,3.87449375,0.007944572929653787,(-0.04127840100284376+0.06494864430710154j),524.1884552241596
1246,3.8745937500000003,0.007272582990539222,(-0.06228172532967341+0.0017597607896422725j),524.6094901279541
1247,3.87469375,0.007201947263623976,(-0.0979014198951453+0.06640554188353404j),525.0305250317487
1248,3.8747937500000003,0.0073175228308929065,(0.029152177277296375+0.002624392080385382j),525.4515599355432
1249,3.87489375,0.0073138380185781724,(-0.1228192650210775+0.06235712060351422j),525.8725948393377
1250,3.8749937500000002,0.006977060101517624,(-0.0015191855593721382+0.029514042827872986j),526.2936297431322
1251,3.87509375,0.006912286051373783,(-0.047716201006097726+0.11115864913149846j),526.7146646469267
1252,3.87519375,0.007485240646334943,(-0.023698600173240943+0.04815904305135536j),527.1356995507213
1253,3.87529375,0.007860365270530675,(0.016410843553457264+0.016359185913477056j),527.5567344545157
1254,3.87539375,0.008373407686866244,(0.004751858253748277-0.01191720091187162j),527.9777693583102
1255,3.87549375,0.007947221291164734,(-0.02514993112196131+0.011340454756951716j),528.3988042621047
1256,3.87559375,0.008059771532021304,(-0.015437766891802335-0.0425830121876652j),528.8198391658992
1257,3.87569375,0.007910523527123438,(0.06228151132375294+0.05505384568442434j),529.2408740696937
1258,3.87579375,0.007904301592503373,(0.06696398657017827-0.037886592393177036j),529.6619089734883
1259,3.8758937500000004,0.007233475675075255,(-0.057336278722147895+0.012780149399260681j),530.0829438772828
1260,3.87599375,0.007557470572232002,(-0.016500390020094166+0.025039198258937898j),530.5039787810773
1261,3.8760937500000003,0.007337831067129856,(0.021998225543683553+0.01592282043620745j),530.9250136848717
1262,3.87619375,0.007428659118793082,(-0.026103589601570415-0.08829807757912075j),531.3460485886662
1263,3.8762937500000003,0.0068667733014958435,(0.009808517577131526+0.019422299382557278j),531.7670834924608
1264,3.87639375,0.0066887722580203784,(0.05904078052126002-0.02980268175502361j),532.1881183962553
1265,3.8764937500000003,0.006629223684115897,(0.022002424659398036-0.01294193905576388j),532.6091533000498
1266,3.87659375,0.0067485186154447,(-0.10909030129675384-0.04911049059285591j),533.0301882038443
1267,3.8766937500000003,0.00677593540647105,(-0.02631473960648026+0.029637950004105282j),533.4512231076388
1268,3.87679375,0.00673516617818435,(-0.014320667114010033+0.012471339715956313j),533.8722580114332
1269,3.8768937500000002,0.005871993014412743,(-0.0890886463307058+0.033304844319686944j),534.2932929152278
1270,3.87699375,0.004905894806300243,(-0.010472638092675852-0.0213321734209284j),534.7143278190223
1271,3.8770937500000002,0.004446098067379832,(0.02499675070509624+0.03572103465620323j),535.1353627228168
1272,3.87719375,0.004565215503966249,(-0.1698195741331392-0.01380543957142086j),535.5563976266113
1273,3.87729375,0.005141513664057115,(0.011689131724888908-0.011204338210354027j),535.9774325304058
1274,3.87739375,0.0051671479615841434,(-0.023516164985787447+0.004212930345120498j),536.3984674342004
1275,3.87749375,0.004909216098121449,(0.02361498072025718+0.01563759249951532j),536.8195023379949
1276,3.87759375,0.0041612251470000555,(-0.09131682594062818+0.05808619335660928j),537.2405372417893
1277,3.87769375,0.0043903340222549965,(0.08011827042919857-0.00504329863823854j),537.6615721455838
1278,3.87779375,0.004281027831971107,(0.04504065693393938-0.007171291495498427j),538.0826070493783
1279,3.87789375,0.00377653293597546,(-0.05979104895285903+0.0076789527562776405j),538.5036419531729
1280,3.8779937500000004,0.0035218465729396128,(-0.041675122652980796+0.04218882561521225j),538.9246768569674
1281,3.87809375,0.0036490026859598117,(-0.09841902074067217+0.01105277953486718j),539.3457117607619
1282,3.8781937500000003,0.003626969447736481,(-0.02566170927423055+0.0018419725216960586j),539.7667466645564
1283,3.87829375,0.004065038121704634,(-0.016107072820277818+0.04932787908543637j),540.1877815683508
1284,3.8783937500000003,0.004271486590352264,(-0.12424740005912363-0.014728874979740597j),540.6088164721453
1285,3.87849375,0.004659057189694005,(-0.06598228784912055-0.05987108947258159j),541.0298513759399
1286,3.8785937500000003,0.004395948338497182,(0.04155801829830975+0.034986814154952764j),541.4508862797344
1287,3.87869375,0.003106730341273049,(-0.058020672961973316-0.005137998160726881j),541.8719211835289
1288,3.8787937500000003,0.0025840344131765444,(-0.031356950543347514+0.0758282558919218j),542.2929560873234
1289,3.87889375,0.0028696909471354025,(-0.03375628263983574-0.018278457678328683j),542.713990991118
1290,3.8789937500000002,0.003000778203115643,(0.021545839342976183+0.05723403481787519j),543.1350258949125
1291,3.87909375,0.002598093353726793,(-0.017076524891199596+0.02012483749474435j),543.5560607987069
1292,3.87919375,0.0019921748623167763,(-0.061819226544748404+0.006164886732852485j),543.9770957025014
1293,3.87929375,0.0022294113848578224,(0.0071870467228774895+0.04436128132930911j),544.3981306062959
1294,3.87939375,0.0029796861879508828,(-0.14481789585809257-0.06224955207937977j),544.8191655100904
1295,3.87949375,0.0026927813636301403,(-0.08728516614491856+0.01647079503834485j),545.240200413885
1296,3.87959375,0.002354625271397215,(-0.08806922654682016+0.05903850403097792j),545.6612353176795
1297,3.87969375,0.002306883871660819,(0.07616754335892449+0.06394170246553166j),546.082270221474
1298,3.87979375,0.002930735367313389,(-0.09465124934665792+0.020282331349478783j),546.5033051252685
1299,3.8798937500000004,0.003412931703510156,(-0.058240017955234195+0.09542476676668457j),546.9243400290629
1300,3.87999375,0.004142738210953895,(0.019751522222007416-0.05257924997492568j),547.3453749328575
1301,3.8800937500000003,0.003936101630127317,(-0.013761286120779787+0.036826312172575565j),547.766409836652
1302,3.88019375,0.0037701902622176596,(-0.004269244096307485+0.07879214879434275j),548.1874447404465
1303,3.8802937500000003,0.00374404431118165,(-0.12263758009241191+0.06208998538062577j),548.608479644241
1304,3.88039375,0.004470858592628773,(-0.03323089698055162-0.009189516927234229j),549.0295145480355
1305,3.8804937500000003,0.004805749873490264,(-0.04778566510541558+0.05379892337963039j),549.45054945183
1306,3.88059375,0.004786297193366381,(0.024862021805070147-0.05507189368742493j),549.8715843556245
1307,3.8806937500000003,0.004383314890436679,(-0.020310312355153407+0.06293240307974826j),550.292619259419
1308,3.88079375,0.00419212829048425,(-0.026756620065946802+0.09405063355919879j),550.7136541632135
1309,3.8808937500000003,0.004220491044404521,(0.04975452617585983-0.031190132340894863j),551.134689067008
1310,3.88099375,0.004422330838825049,(0.03618230909708464-0.021679810006938j),551.5557239708025
1311,3.8810937500000002,0.00498721575628868,(-0.09564827378751566+0.08581216642780051j),551.9767588745971
1312,3.88119375,0.0057101174795354944,(0.001131459135953257+0.023099523901337658j),552.3977937783916
1313,3.88129375,0.00554973925284437,(-0.08259940817385655-0.011891945164430241j),552.8188286821861
1314,3.88139375,0.005099925824844692,(-0.06136630343883294+0.07495265398887305j),553.2398635859805
1315,3.88149375,0.0051167160284981555,(-0.1056679436806831-0.06304748585026516j),553.660898489775
1316,3.88159375,0.005343680161034573,(-0.03386001627697945+0.03793237938140565j),554.0819333935696
1317,3.88169375,0.0062272073352319275,(0.03382558508201322+0.0028468266927991343j),554.5029682973641
1318,3.88179375,0.00722388492931698,(-0.06045441434817436+0.1547086325477881j),554.9240032011586
1319,3.88189375,0.007312205372975053,(-0.10284582374681887-0.035353611550032804j),555.3450381049531
1320,3.8819937500000004,0.00706071218522034,(0.0322929771956432-0.034165171939818745j),555.7660730087476
1321,3.88209375,0.006806775038003892,(-0.07446192471710288+0.048111196166168796j),556.187107912542
1322,3.8821937500000003,0.0063525240456298515,(-0.13145203098946096+0.07937744013994125j),556.6081428163366
1323,3.88229375,0.006598106612665403,(-0.029870160411794335-0.05990810705762127j),557.0291777201311
1324,3.8823937500000003,0.007142305075612129,(0.04391664021882927-0.0411278090828859j),557.4502126239256
1325,3.88249375,0.007962859407191006,(-0.06356229999506763+0.008064179983142128j),557.8712475277201
1326,3.8825937500000003,0.00831132063015949,(0.013201162197513966+0.02998079698931469j),558.2922824315146
1327,3.88269375,0.007870789252897093,(-0.06117966024680051-0.05719545650767585j),558.7133173353092
1328,3.8827937500000003,0.007611646502252778,(-0.14233455045971766-0.04261539945179517j),559.1343522391037
1329,3.88289375,0.007864328829141662,(-0.09366527586529651-0.019589611603101423j),559.5553871428981
1330,3.8829937500000002,0.008354763146862638,(-0.006838157881611351+0.047655005590046894j),559.9764220466926
1331,3.88309375,0.008334436808619835,(-0.07186611465663544-0.023205616431145035j),560.3974569504871
1332,3.88319375,0.0078073640111506176,(-0.050655377751759295-0.019615912692133183j),560.8184918542817
1333,3.88329375,0.00710333738032701,(0.012992232238230483-0.019629381446085344j),561.2395267580762
1334,3.88339375,0.006967672279950248,(0.02406354947630105-0.01876711580756632j),561.6605616618707
1335,3.88349375,0.0063580692536960295,(-0.05728208955197037-0.05936344002948793j),562.0815965656652
1336,3.88359375,0.0059734198011946,(-0.04580666217971511+0.02136972774375244j),562.5026314694597
1337,3.88369375,0.0066231185549090405,(0.03504344065599484+0.018400211409590934j),562.9236663732542
1338,3.88379375,0.00852193370066082,(-0.10078364882613675-0.06339410329864752j),563.3447012770487
1339,3.8838937500000004,0.00876792077130044,(0.10962789364991422+0.008023189659697304j),563.7657361808432
1340,3.88399375,0.008229011224683381,(-0.08006414759583197+0.012052481714355731j),564.1867710846377
1341,3.8840937500000003,0.008301406953733657,(0.03797879414527072+0.07077979880910597j),564.6078059884322
1342,3.88419375,0.008736747669351896,(-0.0454025389271225+0.11448661446691381j),565.0288408922268
1343,3.8842937500000003,0.00843970760038602,(-0.005753392232347915+0.0820357389171075j),565.4498757960213
1344,3.88439375,0.007365196572370416,(-0.04480605505404858-0.022642565840207164j),565.8709106998157
1345,3.8844937500000003,0.006883150189414899,(0.0016947209117568751+0.04432522367295792j),566.2919456036102
1346,3.88459375,0.00736892833701723,(-0.053000849390328675-0.0278695723579252j),566.7129805074047
1347,3.8846937500000003,0.006820202638954678,(0.046390691748217444+0.08164571947120736j),567.1340154111992
1348,3.88479375,0.006698660499330103,(-0.07971445728607085-0.00283788783207645j),567.5550503149938
1349,3.8848937500000003,0.006159531776716536,(0.01825063442236169+0.04649873642852441j),567.9760852187883
1350,3.88499375,0.006019754525793003,(-0.04554424732644968-0.054891874922894934j),568.3971201225828
1351,3.8850937500000002,0.006653473286832501,(-0.007743718817792455-0.00395750002327952j),568.8181550263773
1352,3.88519375,0.005454281934243846,(-0.06279936378783013-0.007239888165309516j),569.2391899301717
1353,3.88529375,0.005603599990689018,(0.0027644245638409615+0.053048963512029035j),569.6602248339663
1354,3.88539375,0.0059767998465281615,(-0.06737395711199645-0.036701758960534736j),570.0812597377608
1355,3.88549375,0.005292220392638799,(-0.11265841459319403-0.020848432385833685j),570.5022946415553
1356,3.88559375,0.004676541488766066,(-0.008384482375718094+0.061858504311306114j),570.9233295453498
1357,3.88569375,0.0048599860718114,(-0.015461797702827906+0.05239983094482828j),571.3443644491443
1358,3.88579375,0.004640654813858968,(0.16125950408971582+0.05786294074902924j),571.7653993529389
1359,3.88589375,0.004101256987363596,(-0.001929647515899205+0.018687168321660952j),572.1864342567333
1360,3.8859937500000004,0.004054927607722383,(-0.061734681368655515+0.08975988182062676j),572.6074691605278
1361,3.88609375,0.004123909648344605,(-0.08350626158359964+0.09142283722426409j),573.0285040643223
1362,3.8861937500000003,0.004175970087248854,(-0.011461012307694557-0.02079529963075831j),573.4495389681168
1363,3.88629375,0.003988392750863942,(-0.01724213195492715-0.006927315682565244j),573.8705738719113
1364,3.8863937500000003,0.0026866548861367023,(-0.01787144033059973+0.04366905240109083j),574.2916087757059
1365,3.88649375,0.003171000147328546,(-0.08384937442312512+0.07071940734783101j),574.7126436795004
1366,3.8865937500000003,0.003420341212951885,(0.004434775372682137-0.06522012307136818j),575.1336785832949
1367,3.88669375,0.0036937590469140495,(0.0163727478223065+0.09505348884303555j),575.5547134870893
1368,3.8867937500000003,0.004951811785584718,(-0.03651726389126157+0.06495778316352548j),575.9757483908838
1369,3.88689375,0.0051085330268503485,(0.08420326513849268-0.009352969668080927j),576.3967832946784
1370,3.8869937500000002,0.004250118626582559,(0.0870317762375761+0.09724145154979305j),576.8178181984729
1371,3.88709375,0.0030761903943937285,(-0.17780443561340095+0.1344577304130524j),577.2388531022674
1372,3.8871937500000002,0.002238964740909554,(-0.12009886407541946-0.03207505923448232j),577.6598880060619
1373,3.88729375,0.00269551476927668,(-0.05058974692219501-0.026203997487684563j),578.0809229098564
1374,3.88739375,0.0035743452888278866,(0.11184693458868766+0.1139610131576703j),578.501957813651
1375,3.88749375,0.0029126477655770466,(-0.12904960364880652-0.07358240833736251j),578.9229927174454
1376,3.88759375,0.0026159714369180143,(-0.08312097204889289-0.018180803377032234j),579.3440276212399
1377,3.88769375,0.0020036862782582916,(-0.08607919152085743+0.041893053807457795j),579.7650625250344
1378,3.88779375,0.0017594298576412727,(-0.06980950629106647+0.12093418957192932j),580.1860974288289
1379,3.88789375,0.0025776000059587446,(-0.05117320005097982-0.06431790258168957j),580.6071323326235
1380,3.88799375,0.003255582189847063,(-0.008556713110258253+0.08172790978499704j),581.028167236418
1381,3.8880937500000003,0.0032551593216006663,(-0.11589367674917596+0.05464829449031685j),581.4492021402125
1382,3.88819375,0.0038996126322769697,(-0.07944757313012153+0.034755211057803534j),581.8702370440069
1383,3.8882937500000003,0.004135863081970537,(-0.028432704509803286-0.03959695977602285j),582.2912719478014
1384,3.88839375,0.004084284848600705,(0.008483278175384606-0.03774399819247609j),582.7123068515959
1385,3.8884937500000003,0.003270703400764402,(-0.12362159805705843+0.05445835771339243j),583.1333417553905
1386,3.88859375,0.0033267409544699648,(0.04357306806764525+0.051555157003752294j),583.554376659185
1387,3.8886937500000003,0.004141552036156453,(-0.003967929085964772-0.022732028606068044j),583.9754115629795
1388,3.88879375,0.004323293548514291,(-0.03932366748935634-0.03600142881811212j),584.396446466774
1389,3.8888937500000003,0.004288073268919071,(-0.09479664529149016-0.014939539852057055j),584.8174813705685
1390,3.88899375,0.004136124588353431,(0.1028282635011332+0.06429686820175123j),585.238516274363
1391,3.8890937500000002,0.004312764120534016,(-0.08826482916861586-0.0022169614187604325j),585.6595511781575
1392,3.88919375,0.004030025700578393,(0.03132169616186306+0.025796942510487586j),586.080586081952
1393,3.88929375,0.004271414771873823,(-0.011260070066756422+0.0030595621625821162j),586.5016209857465
1394,3.88939375,0.004877646982389896,(-0.035135384348449615+0.036599842116551436j),586.922655889541
1395,3.88949375,0.005730285992200743,(-0.07169681755497458-0.00782965726952473j),587.3436907933356
1396,3.88959375,0.005657755926304695,(-0.028890687964163275+0.021416722369736407j),587.7647256971301
1397,3.88969375,0.0056474051748352854,(-0.028120732725496388+0.06144952763635145j),588.1857606009246
1398,3.88979375,0.005879896824984624,(-0.010545026041298283+0.03518916224391691j),588.606795504719
1399,3.88989375,0.005400395957128779,(-0.01306189039773338-0.027604121997061925j),589.0278304085135
1400,3.8899937500000004,0.005600720366882029,(-0.023925887779325857-0.0522156451370611j),589.448865312308
1401,3.89009375,0.005897339956290537,(0.004958170207165533+0.054296520781603796j),589.8699002161026
1402,3.8901937500000003,0.0062543232580719475,(-0.12022438423236786-0.04392398978398361j),590.2909351198971
1403,3.89029375,0.006840960167278231,(-0.08713399156885152-0.035228484830708534j),590.7119700236916
1404,3.8903937500000003,0.007114582051371996,(-0.0020798611734586386-0.1068737874969041j),591.1330049274861
1405,3.89049375,0.00713273437981755,(-0.055848841573842664+0.04484586455714559j),591.5540398312805
1406,3.8905937500000003,0.007537411741198167,(-0.0998791936826214-0.0736234100896286j),591.975074735075
1407,3.89069375,0.007287791654476381,(-0.05267762356903277-0.028308124482318064j),592.3961096388696
1408,3.8907937500000003,0.007351442172912139,(0.03423173804251463+0.007186495484064671j),592.8171445426641
1409,3.89089375,0.0076155535666268485,(0.011896395321353455-0.03593228456515185j),593.2381794464586
1410,3.8909937500000003,0.007198704222167183,(0.004616985701718528+0.027873328797282222j),593.6592143502531
1411,3.89109375,0.007567988265060185,(0.030727763549102404-0.08915763441789863j),594.0802492540477
1412,3.8911937500000002,0.00799842890417624,(-0.05873647216766357+0.067817077120533j),594.5012841578422
1413,3.89129375,0.007717108056647457,(-0.04226567622873696+0.07682267715286523j),594.9223190616366
1414,3.89139375,0.007882136430133038,(-0.11323381222331878+0.027076813564544437j),595.3433539654311
1415,3.89149375,0.008292310657140353,(0.0221499516492911+0.08946635318710577j),595.7643888692256
1416,3.89159375,0.008797655029171696,(0.035565605997870633-0.03503314490049577j),596.1854237730201
1417,3.89169375,0.008755083899079514,(-0.03885737837099754-0.010195198689894856j),596.6064586768147
1418,3.89179375,0.007799881440277813,(-0.05558582295563946-0.03210292008283014j),597.0274935806092
1419,3.89189375,0.006974817884801508,(-0.049212696792882454+0.04465399683519275j),597.4485284844037
1420,3.89199375,0.006460893642065614,(0.020202790994693867+0.012617657242245055j),597.8695633881981
1421,3.8920937500000004,0.0063352680248053884,(0.09940544675602597+0.058026651104273755j),598.2905982919926
1422,3.89219375,0.006558780736687176,(-0.08423335212981595+0.053460596655659054j),598.7116331957872
1423,3.8922937500000003,0.007375656618146451,(0.038083343632340644-0.03641941021473184j),599.1326680995817
1424,3.89239375,0.007484842114386147,(-0.12168080048598431+0.10389437146579988j),599.5537030033762
1425,3.8924937500000003,0.007089866469838185,(-0.20565688507198426+0.1556666509968824j),599.9747379071707
1426,3.89259375,0.007550324752364006,(-0.04398021654448324+0.0010103154956956559j),600.3957728109652
1427,3.8926937500000003,0.007509200755101679,(0.007010652677909429+0.05049556469244792j),600.8168077147598
1428,3.89279375,0.007338252278505456,(-0.028378394928286928-0.005627672397228537j),601.2378426185542
1429,3.8928937500000003,0.007373615482942093,(-0.04272547035358048-0.012947917042776922j),601.6588775223487
1430,3.89299375,0.007579737134836993,(-0.10598510579056174-0.12102512421548822j),602.0799124261432
1431,3.8930937500000002,0.007753059099326753,(-0.050711403909266886-0.020443567778605773j),602.5009473299377
1432,3.89319375,0.00678274449503387,(-0.03465909803218914+0.028906351406784984j),602.9219822337323
1433,3.89329375,0.006041992389536661,(-0.05039930481079677+0.03182503570692668j),603.3430171375268
1434,3.89339375,0.005820345861050274,(0.1000768840844202+0.02733352038555807j),603.7640520413213
1435,3.89349375,0.006616467342089417,(-0.055527412329261325+0.07899448385303236j),604.1850869451158
1436,3.89359375,0.006848187332785504,(-0.03812616730600074-0.0042459427254318075j),604.6061218489102
1437,3.89369375,0.006500669495056779,(-0.03554949146157198+0.02745030003817784j),605.0271567527047
1438,3.89379375,0.0055310753168936015,(-0.06652281262726617+0.016234798437576005j),605.4481916564993
1439,3.89389375,0.004196193259461719,(-0.018479230295985444+0.10340876251533795j),605.8692265602938
1440,3.8939937500000004,0.004003619279340771,(0.028940799002487964-0.0022430218996524606j),606.2902614640883
1441,3.89409375,0.00481272710763497,(-0.2002176818778604+0.057748208791257485j),606.7112963678828
1442,3.8941937500000003,0.005614069337933484,(0.006041873712317068-0.06508880902038096j),607.1323312716773
1443,3.89429375,0.00551486018394607,(-0.0407588480307675+0.03486151674778937j),607.5533661754718
1444,3.8943937500000003,0.005256663467640674,(0.04439612474947781+0.14412920738843105j),607.9744010792663
1445,3.89449375,0.004899093117505387,(-0.020846771893272047+0.029572699123257253j),608.3954359830608
1446,3.8945937500000003,0.004323813373161085,(-0.23668266554464956-0.1947836618237469j),608.8164708868553
1447,3.89469375,0.0030174131735812735,(-0.11601533239658021+0.027041252599127714j),609.2375057906498
1448,3.8947937500000003,0.0027492755057431833,(-0.05865589493342753+0.12423384300715558j),609.6585406944444
1449,3.89489375,0.0030685359405879945,(-0.157706191545889+0.07779953761654759j),610.0795755982389
1450,3.8949937500000003,0.003073789182513663,(0.07181389005209596-0.024636253882167752j),610.5006105020334
1451,3.89509375,0.0031105558630899403,(0.02513670135722255+0.020646551481972586j),610.9216454058278
1452,3.8951937500000002,0.003827043368729248,(0.012560522634352003+0.11048501081110233j),611.3426803096223
1453,3.89529375,0.0038516090314569405,(-0.22236484323414335-0.04391449607839042j),611.7637152134168
1454,3.89539375,0.004662697733101223,(0.007111669713071613-0.11456396632393862j),612.1847501172114
1455,3.89549375,0.003940116345082696,(0.08400976066131399+0.02886337703380753j),612.6057850210059
1456,3.89559375,0.0035338193833034863,(0.0038267289746225994+0.13192847590224427j),613.0268199248004
1457,3.89569375,0.003204358893676427,(-0.13436965644691407-0.029864759549410664j),613.4478548285949
1458,3.89579375,0.003106210791591126,(0.09803727576304219-0.04848254578860665j),613.8688897323893
1459,3.89589375,0.003966513910134148,(0.016024847312127225+0.2128268641008976j),614.2899246361839
1460,3.89599375,0.0029896745171627383,(-0.12042549950982398-0.00864633879294742j),614.7109595399784
1461,3.8960937500000004,0.0024017389515694366,(-0.04550040717927709-0.14565872023017593j),615.1319944437729
1462,3.89619375,0.0023548064608322618,(0.010593767332026726-0.0459414256209268j),615.5530293475674
1463,3.8962937500000003,0.0024931134202307074,(-0.04373677705400737+0.03396184339103076j),615.9740642513619
1464,3.89639375,0.0022301590976096996,(-0.042375685532198046+0.03909873099575101j),616.3950991551565
1465,3.8964937500000003,0.0019228251367657825,(-0.050194357707389926+0.036376073715108814j),616.816134058951
1466,3.89659375,0.0020188833886646,(0.06675477288984909-0.05202143720402485j),617.2371689627454
1467,3.8966937500000003,0.0036595041429951154,(-0.0135547108275418+0.03683542626103935j),617.6582038665399
1468,3.89679375,0.0047640043947466655,(-0.10072753435276535-0.04758116635738979j),618.0792387703344
1469,3.8968937500000003,0.004305735406145884,(0.05055835606947977+0.06654381755015938j),618.500273674129
1470,3.89699375,0.0038131176246367486,(-0.07560371927358643+0.04292181509292746j),618.9213085779235
1471,3.8970937500000002,0.0038843012447317533,(0.10690001303792673+0.006059212606657946j),619.342343481718
1472,3.89719375,0.0034266374546257005,(-0.11306939467845166+0.08398281338357158j),619.7633783855125
1473,3.8972937500000002,0.0038717197757967745,(0.029881003684400727-0.044010315141401066j),620.184413289307
1474,3.89739375,0.004133126010033298,(0.0984823629277359+0.019857792930539298j),620.6054481931014
1475,3.89749375,0.004261231751869934,(-0.0332880941107314+0.30577096661643544j),621.026483096896
1476,3.89759375,0.004635907901089545,(0.12441483913916099+0.11557303282727013j),621.4475180006905
1477,3.89769375,0.00489152281503973,(0.06755829800395374-0.07560171731790188j),621.868552904485
1478,3.89779375,0.005342337823792023,(-0.006852487398804733-0.06602720008969173j),622.2895878082795
1479,3.89789375,0.0056197635242283515,(-0.1153722707019605+0.08405084692641357j),622.710622712074
1480,3.8979937500000004,0.005674670635040897,(0.047457066558253116+0.0827571159314803j),623.1316576158686
1481,3.89809375,0.006189097405623375,(0.09070114831674347-0.04408291543153936j),623.552692519663
1482,3.8981937500000003,0.006478581067952805,(0.03803000897976261-0.05867448348488569j),623.9737274234575
1483,3.89829375,0.0063129860009181835,(-0.07774733838425701+0.14054076953143j),624.394762327252
1484,3.8983937500000003,0.006337732832449073,(0.11501959807428287-0.05791356975849668j),624.8157972310465
1485,3.89849375,0.006605344434361096,(0.051082977013472565-0.04292817749845406j),625.236832134841
1486,3.8985937500000003,0.006929756998575116,(-0.0766948997025058+0.1138414591578038j),625.6578670386356
1487,3.89869375,0.00721653092212065,(0.015531304858290199+0.156900194580869j),626.0789019424301
1488,3.8987937500000003,0.006649537399097647,(0.014690855287231668+0.05814443323144206j),626.4999368462246
1489,3.89889375,0.006700480041488223,(0.022417524058365695-0.008912779168425807j),626.920971750019
1490,3.8989937500000003,0.007031837434895834,(-0.017850418581421983+0.05656989832672189j),627.3420066538135
1491,3.89909375,0.007231947861817263,(-0.1110580529037433+0.03527900290200661j),627.7630415576081
1492,3.8991937500000002,0.007743531510754496,(-0.02628204824072167+0.03578259197622426j),628.1840764614026
1493,3.89929375,0.008072084871529469,(0.06035554747339952+0.01674194959632142j),628.6051113651971
1494,3.89939375,0.0075221430668850914,(0.003268784134830321-0.02381209346147702j),629.0261462689916
1495,3.89949375,0.007171151843146389,(0.04066155552386092+0.02392215543756104j),629.4471811727861
1496,3.89959375,0.007660576487779734,(-0.040376084715484234+0.04226507841652048j),629.8682160765807
1497,3.89969375,0.00776457647863326,(-0.06086573579660347-0.0790214542415924j),630.2892509803751
1498,3.89979375,0.007834371973102772,(-0.10248743142104608+0.04199926895623729j),630.7102858841696
1499,3.89989375,0.007930113520931682,(-0.10295553753097719+0.06876914858458204j),631.1313207879641
1500,3.89999375,0.008415418249635133,(-0.16758789151724776-0.004068879643425543j),631.5523556917586
1501,3.9000937500000004,0.007925945104581738,(-0.054098482667518294+0.12272540308214984j),631.9733905955532
1502,3.9001937500000006,0.00735592170510379,(-0.019434908316353847+0.25113731572864284j),632.3944254993477
1503,3.9002937500000003,0.007740476498977742,(-0.1055461398042937+0.13216099164709585j),632.8154604031422
1504,3.9003937500000005,0.007226460420773878,(-0.1098989341246259+0.039684239471541885j),633.2364953069366
1505,3.9004937500000003,0.00659489079375101,(0.05264909223548524-0.10343108517574154j),633.6575302107311
1506,3.9005937500000005,0.006382849570324324,(-0.0425812377437384-0.007751868124060288j),634.0785651145256
1507,3.9006937500000003,0.007396024965656332,(-0.1022322235508677+0.19468319031827996j),634.4996000183202
1508,3.9007937500000005,0.007821551345936014,(-0.09761571064925954+0.02531283365212012j),634.9206349221147
1509,3.9008937500000003,0.00760816036415324,(0.15934977882175952+0.03316537770562988j),635.3416698259092
1510,3.9009937500000005,0.0069092778801169786,(-0.06001435309502372+0.16952429534621655j),635.7627047297037
1511,3.9010937500000002,0.007316665170721737,(-0.22533602903908295+0.04461654204232906j),636.1837396334982
1512,3.9011937500000005,0.007536710899692831,(0.06339094915433997-0.07342442745047016j),636.6047745372927
1513,3.9012937500000002,0.007302075420663877,(-0.05591300529565092+0.16613862502956223j),637.0258094410872
1514,3.9013937500000004,0.007020694875674237,(0.07475607772642665-0.07544379779615434j),637.4468443448817
1515,3.90149375,0.00702835763498034,(-0.05550653267972795+0.08538461306170067j),637.8678792486762
1516,3.9015937500000004,0.006201523193299041,(0.1548708053125672+0.06004380374091638j),638.2889141524707
1517,3.90169375,0.005700684081063899,(-0.09232811691860185+0.000796404387216898j),638.7099490562653
1518,3.9017937500000004,0.005786852416360569,(-0.08065930060037033-0.05686343884743906j),639.1309839600598
1519,3.90189375,0.006049639507075621,(-0.1803050139468557-0.10012251282715946j),639.5520188638542
1520,3.9019937500000004,0.0062090283500471485,(-0.1699344316264565-0.09066472862874757j),639.9730537676487
1521,3.90209375,0.006046391829634782,(0.03283778257738881-0.017700288380681065j),640.3940886714432
1522,3.9021937500000003,0.005790807311485184,(-0.08899266876814524-0.02190051458616775j),640.8151235752377
1523,3.9022937500000006,0.005638837550035544,(0.05184991865891745+0.1257637063444021j),641.2361584790323
1524,3.9023937500000003,0.004979961725327143,(0.03170534096241713-0.0036457229753171783j),641.6571933828268
1525,3.9024937500000005,0.004209786408122551,(-0.02912042642573197-0.09160601723101613j),642.0782282866213
1526,3.9025937500000003,0.004409846347157261,(-0.062297803899270324+0.038120409213411706j),642.4992631904158
1527,3.9026937500000005,0.004726250963015727,(-0.11298229829820994+0.04942821553082631j),642.9202980942102
1528,3.9027937500000003,0.005137520331607966,(0.055289380136607724-0.13371881463446716j),643.3413329980048
1529,3.9028937500000005,0.005227367152193905,(0.05862995279114404+0.14139124888440768j),643.7623679017993
1530,3.9029937500000003,0.004642573859432568,(-0.08394121635547994+0.010371921657324305j),644.1834028055938
1531,3.9030937500000005,0.004678966075878076,(0.10231049147313237-0.008400020291432182j),644.6044377093883
1532,3.9031937500000002,0.004414421721068816,(0.2107434011133149+0.2270643443491157j),645.0254726131828
1533,3.9032937500000005,0.003625537179950101,(-0.05263165952524283+0.1721784402461562j),645.4465075169774
1534,3.90339375,0.002950723721192412,(0.11244663349779664+0.11942543496199484j),645.8675424207719
1535,3.9034937500000004,0.0028283636515992567,(-0.22654017991889464-0.017979903285321j),646.2885773245663
1536,3.90359375,0.0029186424416782247,(-0.00648899883500666+0.020888578056609115j),646.7096122283608
1537,3.9036937500000004,0.003138319191141218,(-0.02107923853224948-0.03545027771471155j),647.1306471321553
1538,3.90379375,0.0031165579383518067,(0.05094159796987283+0.033061984942710176j),647.5516820359499
1539,3.9038937500000004,0.0038106189047900298,(-0.04268565477490356+0.22634231208512473j),647.9727169397444
1540,3.90399375,0.004110647150268784,(0.03395134133502289-0.021472606988751267j),648.3937518435389
1541,3.9040937500000004,0.003277878960488836,(-0.00802951706670105+0.1032681306728139j),648.8147867473334
1542,3.9041937500000006,0.002188321823147672,(-0.0025058758718593047+0.01664739569313027j),649.2358216511278
1543,3.9042937500000003,0.002353921976235237,(-0.14572770342802713-0.015351322261092681j),649.6568565549223
1544,3.9043937500000006,0.0032132969196702406,(0.045177019201479165+0.025732306175827266j),650.0778914587169
1545,3.9044937500000003,0.003969246075935749,(-0.12454465991530014-0.00872074568637428j),650.4989263625114
1546,3.9045937500000005,0.00374772125090413,(-0.09835886829401011+0.035314122643064196j),650.9199612663059
1547,3.9046937500000003,0.0038059426066226116,(-0.015576653902798623+0.12176056619191512j),651.3409961701004
1548,3.9047937500000005,0.003216533192865033,(-0.15607688496012767+0.12678930296185908j),651.762031073895
1549,3.9048937500000003,0.0025704535644014096,(-0.15023509202816612-0.01445911595257715j),652.1830659776895
1550,3.9049937500000005,0.002897383069901219,(0.027620834002682393+0.06868665137161936j),652.6041008814839
1551,3.9050937500000003,0.00314215559076156,(-0.10226943340258246-0.044726467353351236j),653.0251357852784
1552,3.9051937500000005,0.0031948568202389634,(-0.04433619510469359+0.03063597779587591j),653.4461706890729
1553,3.9052937500000002,0.0036246626995126794,(0.041811564674034074-0.05239533494774595j),653.8672055928674
1554,3.9053937500000004,0.0039379813126972545,(-0.06005208055583188-0.07498517172214164j),654.288240496662
1555,3.90549375,0.004027437904608271,(-0.05772865898205729+0.09186502590223142j),654.7092754004565
1556,3.9055937500000004,0.004057570680301234,(-0.14323825636646634-0.07921032580005749j),655.130310304251
1557,3.90569375,0.003966478659255008,(0.026806983350549495-0.03715844425966343j),655.5513452080454
1558,3.9057937500000004,0.0044354233517372495,(-0.06910734826036477-0.07567317667954984j),655.9723801118399
1559,3.90589375,0.004756107966943567,(0.10420136327269974-0.0993841149689656j),656.3934150156344
1560,3.9059937500000004,0.0042376659904246146,(0.026749228533004016-0.032534227040529225j),656.814449919429
1561,3.90609375,0.004358950069998489,(-0.03798483939048361+0.061953692549804644j),657.2354848232235
1562,3.9061937500000004,0.00477336761945554,(0.020133035880099567-0.1353105087130862j),657.656519727018
1563,3.9062937500000006,0.005451610508616487,(-0.031721144454001496+0.0035826223006898686j),658.0775546308125
1564,3.9063937500000003,0.005817059825301389,(0.05482559897685259-0.0074461275482591745j),658.498589534607
1565,3.9064937500000005,0.005167195923684058,(0.048777465867934466+0.09642832789441161j),658.9196244384015
1566,3.9065937500000003,0.005585191589041467,(0.002071545274799049+0.053891593031468024j),659.340659342196
1567,3.9066937500000005,0.005971778405397059,(-0.11378910246114553-0.011087793223156029j),659.7616942459905
1568,3.9067937500000003,0.005547214753548714,(-0.0389606421939859-0.057853734321118205j),660.182729149785
1569,3.9068937500000005,0.005527500782233017,(-0.1194470084580118+0.10050770541842471j),660.6037640535795
1570,3.9069937500000003,0.006035517967367865,(-0.07239586633668935+0.09138916980227646j),661.0247989573741
1571,3.9070937500000005,0.0078041203150882605,(-0.06698221223177392+0.13180239191554388j),661.4458338611686
1572,3.9071937500000002,0.008644110027454011,(-0.01992688439073872-0.03497735211969897j),661.8668687649631
1573,3.9072937500000005,0.007791858179543434,(-0.00763187636567941-0.034869918153378615j),662.2879036687575
1574,3.90739375,0.006722550844854575,(-0.03279041680759101+0.08476445613494389j),662.708938572552
1575,3.9074937500000004,0.007368437554110854,(0.0038713098747300764-0.011529083302187548j),663.1299734763465
1576,3.90759375,0.00821277681084541,(-0.027224618630825412+0.05035520113399479j),663.5510083801411
1577,3.9076937500000004,0.007196234637102817,(-0.016942671727352247+0.07287138781749138j),663.9720432839356
1578,3.90779375,0.006886909368674451,(-0.04915654197847778+0.11490808026529442j),664.3930781877301
1579,3.9078937500000004,0.006777994513570004,(-0.0864420210564905+0.04521870005882807j),664.8141130915246
1580,3.90799375,0.006706557632948995,(-0.0006369399675439039+0.019004043540203408j),665.235147995319
1581,3.9080937500000004,0.0075843937988038426,(0.027365956244069737+0.12500648293903838j),665.6561828991136
1582,3.9081937500000006,0.007731101845483519,(-0.07625073240405662+0.060375950014857446j),666.0772178029081
1583,3.9082937500000003,0.008356899989686818,(-0.003145978321552223+0.0017017487924374207j),666.4982527067026
1584,3.9083937500000006,0.008397575025807045,(0.018393545081997906+0.11879152115126469j),666.9192876104971
1585,3.9084937500000003,0.00829363081186521,(-0.14956724869417296+0.10325216915363714j),667.3403225142916
1586,3.9085937500000005,0.008467654995310306,(-0.10787209790471838-0.07189628522007627j),667.7613574180862
1587,3.9086937500000003,0.008057163411704702,(-0.0005425912500684159+0.0007127735524383623j),668.1823923218807
1588,3.9087937500000005,0.006768078881282396,(-0.09924690623450055+0.0249227495410793j),668.6034272256751
1589,3.9088937500000003,0.006908693777783874,(0.03037815362695704+0.00175846171707824j),669.0244621294696
1590,3.9089937500000005,0.008697323317306818,(-0.040859378419120726-0.015028042953024836j),669.4454970332641
1591,3.9090937500000003,0.008106601132033877,(-0.05335574832743631+0.07059344641879334j),669.8665319370587
1592,3.9091937500000005,0.006552317422887508,(-0.06078908622533596+0.10006407444896392j),670.2875668408532
1593,3.9092937500000002,0.006102559598443275,(-0.06427663914656412-0.07251333566174353j),670.7086017446477
1594,3.9093937500000004,0.0069866025243335815,(0.1258053469497088+0.060620309739846716j),671.1296366484422
1595,3.90949375,0.007598726752745996,(0.09867966427530964+0.08218306031973263j),671.5506715522367
1596,3.9095937500000004,0.007358534815115089,(-0.052921905983310494+0.10608606625405145j),671.9717064560311
1597,3.90969375,0.007046331820040493,(-0.006388678046450641-0.016658184963332302j),672.3927413598257
1598,3.9097937500000004,0.007646526230012248,(0.12096437384160055-0.05141131479799774j),672.8137762636202
1599,3.90989375,0.007383671312569234,(0.018995587242081308-0.02174769440544363j),673.2348111674147
1600,3.9099937500000004,0.005589885174562417,(-0.11927312908055918-0.07707339303713784j),673.6558460712092
1601,3.91009375,0.004650218436409486,(-0.07648167485404683-0.018631829849481536j),674.0768809750037
1602,3.9101937500000004,0.005301536367752062,(-0.10629280227604919+0.02738298019165948j),674.4979158787983
1603,3.9102937500000006,0.006673116837736375,(0.030279962555224967+0.030007585269262005j),674.9189507825927
1604,3.9103937500000003,0.0058935875227361465,(0.010397847354754644+0.03812457839200309j),675.3399856863872
1605,3.9104937500000005,0.004883512996414806,(-0.08752949922700042-0.005128113177256879j),675.7610205901817
1606,3.9105937500000003,0.003817258334305786,(0.030106724837211232-0.025376879915292114j),676.1820554939762
1607,3.9106937500000005,0.004582115588853771,(-0.005788468406401803-0.009968678020318884j),676.6030903977708
1608,3.9107937500000003,0.005046933832450904,(-0.06675310112432108-0.009497919220241777j),677.0241253015653
1609,3.9108937500000005,0.004363213242264002,(0.05330273654298364+0.0035000185949219794j),677.4451602053598
1610,3.9109937500000003,0.004675218094679173,(-0.025787861638379758+0.005945940701293874j),677.8661951091543
1611,3.9110937500000005,0.004388445114371163,(-0.04053829383047805+0.048508057385144854j),678.2872300129487
1612,3.9111937500000002,0.0050604474911131484,(-0.010903838557304887+0.07770248674290832j),678.7082649167432
1613,3.9112937500000005,0.005368246519975497,(-0.02075801806846798+0.10872333152428676j),679.1292998205378
1614,3.9113937500000002,0.0042859578173131815,(-0.05271945258955363+0.0052497359702185446j),679.5503347243323
1615,3.9114937500000004,0.004074837667075003,(0.001620264945323668-0.01589364066691479j),679.9713696281268
1616,3.91159375,0.00451595379416994,(0.016395215245964077+0.030589612707664277j),680.3924045319213
1617,3.9116937500000004,0.004181697348783425,(-0.0017848832659798086+0.05955498673404655j),680.8134394357158
1618,3.91179375,0.003404390457652738,(0.015614964642309145+0.08105791588461647j),681.2344743395103
1619,3.9118937500000004,0.001622103654193123,(-0.024516764806039995+0.07761680293090531j),681.6555092433048
1620,3.91199375,0.0018525380802145658,(0.0064280890459132625+0.08731762683369967j),682.0765441470993
1621,3.9120937500000004,0.0018673197644790112,(-0.11406024640456276+0.048193924795074325j),682.4975790508938
1622,3.91219375,0.0030329051172137147,(0.027775627755406578+0.008637480574821308j),682.9186139546883
1623,3.9122937500000003,0.003676118825099556,(0.01549751171179982+0.07586775250726684j),683.3396488584829
1624,3.9123937500000006,0.0041080763496757,(-0.042495292693328676+0.050164974657569035j),683.7606837622774
1625,3.9124937500000003,0.004932677970258329,(-0.05449366283521684+0.0865980934802195j),684.1817186660719
1626,3.9125937500000005,0.0037771903958518844,(-0.05579503968296347-0.03591633544245561j),684.6027535698663
1627,3.9126937500000003,0.0028527990035622994,(-0.07030346134867473+0.1433704225630848j),685.0237884736608
1628,3.9127937500000005,0.0023459032060246477,(-0.028558948246726768+0.08309900750986529j),685.4448233774554
1629,3.9128937500000003,0.002673931410343913,(-0.06762926709549896+0.06064078152317677j),685.8658582812499
1630,3.9129937500000005,0.003887261571595024,(0.010624932258630568+0.023873484867706903j),686.2868931850444
1631,3.9130937500000003,0.004566037631978333,(-0.04477498575064805+0.06900405928285355j),686.7079280888389
1632,3.9131937500000005,0.0037430243319185198,(-0.014762266087148215+0.04608958612895127j),687.1289629926334
1633,3.9132937500000002,0.002665141502725354,(-0.05256274648068191+0.05477039971201551j),687.549997896428
1634,3.9133937500000004,0.0024753594788085084,(0.009952109589448213+0.023765885464375025j),687.9710328002224
1635,3.91349375,0.0035214919989145516,(-0.0658792552690332+0.0013615801844410226j),688.3920677040169
1636,3.9135937500000004,0.004311526513612882,(-0.0581753666311141+0.03694817682168533j),688.8131026078114
1637,3.91369375,0.00481807946591246,(-0.07353214639042113+0.020901656646931832j),689.2341375116059
1638,3.9137937500000004,0.005288885129154477,(0.026742344671774276+0.03961297273638831j),689.6551724154004
1639,3.91389375,0.005161300744524148,(-0.05476913333678393+0.10748364073833946j),690.076207319195
1640,3.9139937500000004,0.0048070365322482305,(-0.05328858847989895+0.019576949432515686j),690.4972422229895
1641,3.91409375,0.0033216518545552375,(0.05828909520183488+0.04169059280617016j),690.9182771267839
1642,3.9141937500000004,0.0028546119192590542,(-0.04957851564014739+0.12701414952897383j),691.3393120305784
1643,3.9142937500000006,0.0035015435106417734,(-0.06352422306428412+0.03197024393228211j),691.7603469343729
1644,3.9143937500000003,0.004615221464031962,(0.03632934635000637+0.05548443204597159j),692.1813818381675
1645,3.9144937500000005,0.005080969901102745,(-0.03796396637323549+0.08529522411594978j),692.602416741962
1646,3.9145937500000003,0.004197875277973292,(-0.010187935739959889+0.05794445877029569j),693.0234516457565
1647,3.9146937500000005,0.003537045266286442,(0.021444370134488112+0.16142605862800546j),693.444486549551
1648,3.9147937500000003,0.004701219700987809,(-0.0858055440011834+0.09799627051649196j),693.8655214533455
1649,3.9148937500000005,0.00583777604833297,(-0.1844424156773986+0.1043516426770346j),694.28655635714
1650,3.9149937500000003,0.006008218639500934,(-0.04768156193091688+0.26230213335161146j),694.7075912609345
1651,3.9150937500000005,0.005939485288788805,(-0.28869015595657804+0.27149753066751303j),695.128626164729
1652,3.9151937500000003,0.007147219198390841,(-0.28797787750897164-0.12690070574671114j),695.5496610685235
1653,3.9152937500000005,0.007356705238969491,(-0.015842263352252157+0.1868996248982491j),695.970695972318
1654,3.9153937500000002,0.00672828668506591,(-0.6676696596784933+0.016938607450033616j),696.3917308761125
1655,3.9154937500000004,0.006327293312055539,(-0.09068802631737366-0.5885759041726006j),696.8127657799071
1656,3.91559375,0.0064494085714826375,(0.2271205667141092+0.012029124212793611j),697.2338006837015
1657,3.9156937500000004,0.0071810453570491095,(0.12238071841224497-0.15864815979104915j),697.654835587496
1658,3.91579375,0.007822078493839119,(0.17323374318424095+0.8272918213785299j),698.0758704912905
1659,3.9158937500000004,0.008557429328901685,(-0.3449444679095279-0.6262132432503913j),698.496905395085
1660,3.91599375,0.007988445952020074,(-0.8520981962414249+0.7447329908729747j),698.9179402988796
1661,3.9160937500000004,0.006962810988111911,(0.5580735414744742+0.6291698919316364j),699.3389752026741
1662,3.91619375,0.006708936586469697,(0.5697465002699864+0.24150745211849522j),699.7600101064686
1663,3.9162937500000004,0.007218197873078404,(0.4011437022345887+0.011746783698442675j),700.1810450102631
1664,3.9163937500000006,0.00838528960223619,(0.11750661356192568-0.18203978467042126j),700.6020799140575
1665,3.9164937500000003,0.008020580012733798,(0.13515586942325863-0.1925223903679967j),701.023114817852
1666,3.9165937500000005,0.007262993953916259,(0.11769415581931324-0.09268796600956714j),701.4441497216466
1667,3.9166937500000003,0.007003050990825573,(-0.034421530938389615-0.08882006322628377j),701.8651846254411
1668,3.9167937500000005,0.0068334451768867245,(-0.0550147895777713+0.023772433074163726j),702.2862195292356
1669,3.9168937500000003,0.007277415117041263,(0.014420091003400835-0.041856047898869285j),702.7072544330301
1670,3.9169937500000005,0.007828031146125724,(-0.02178085842978015-0.05332927916979727j),703.1282893368247
1671,3.9170937500000003,0.00835545137525801,(-0.15178984239585086-0.2992707080517707j),703.5493242406192
1672,3.9171937500000005,0.00809692518620387,(-0.01990389963001597+0.0655387553694077j),703.9703591444136
1673,3.9172937500000002,0.007602809655188651,(-0.1573658030287157+0.07954239214146927j),704.3913940482081
1674,3.9173937500000005,0.007123411440785393,(0.03392031008772803-0.020518888757059102j),704.8124289520026
1675,3.91749375,0.007159171493607043,(0.09384138657627301+0.08781786141029847j),705.2334638557971
1676,3.9175937500000004,0.00764287549547298,(-0.008149214268689975-0.11411336871258916j),705.6544987595917
1677,3.91769375,0.007776996755623523,(0.1620835345378081-0.05098796725126594j),706.0755336633862
1678,3.9177937500000004,0.007799503972370633,(-0.009661648202819735-0.14903172692304062j),706.4965685671807
1679,3.91789375,0.0071835803528756004,(0.11128506709727812-0.02070825894522545j),706.9176034709751
1680,3.9179937500000004,0.007268543031451644,(-0.012097088564380763+0.047336451898126894j),707.3386383747696
1681,3.91809375,0.007162368889253332,(0.04611545866130295+0.007501151444384353j),707.7596732785642
1682,3.9181937500000004,0.006027528248954974,(0.058210841546615606+0.2360621382765426j),708.1807081823587
1683,3.9182937500000006,0.006086697430316633,(-0.030041014522079475+0.1973388128011769j),708.6017430861532
1684,3.9183937500000003,0.00645551020441875,(-0.018145996664292004-0.08189412620409048j),709.0227779899477
1685,3.9184937500000006,0.005758028440948882,(-0.01783935137183401-0.10047821172412728j),709.4438128937422
1686,3.9185937500000003,0.0051479770563581,(-0.049061839786300944+0.1102456205468654j),709.8648477975368
1687,3.9186937500000005,0.005028426031541862,(-0.026027959737039294+0.0726510147009425j),710.2858827013312
1688,3.9187937500000003,0.0055351495105082004,(-0.11140228038296007+0.05369283932239655j),710.7069176051257
1689,3.9188937500000005,0.005774488736633702,(0.02435075515394266+0.02545010706689698j),711.1279525089202
1690,3.9189937500000003,0.005408540444403527,(0.06761925290518048+0.14762278811743917j),711.5489874127147
1691,3.9190937500000005,0.005121652743318998,(-0.23354322380681833+0.06011242021622158j),711.9700223165092
1692,3.9191937500000003,0.005236130052858417,(-0.03578712726878981+0.008739953199847522j),712.3910572203038
1693,3.9192937500000005,0.0045826741793517185,(0.014480643749792457+0.008280315982534054j),712.8120921240983
1694,3.9193937500000002,0.0036663677016446324,(-0.20533556245178217+0.009308027631622862j),713.2331270278927
1695,3.9194937500000004,0.0035503827631180496,(-0.07908909486507143-0.07974210834260019j),713.6541619316872
1696,3.91959375,0.004239071308222075,(0.07574992119216908-0.00698123948805493j),714.0751968354817
1697,3.9196937500000004,0.004682565876175522,(-0.06125328716945494+0.025218661566259175j),714.4962317392763
1698,3.91979375,0.003988876683896288,(0.005606250829334192+0.09531013980809835j),714.9172666430708
1699,3.9198937500000004,0.004809382612116545,(-0.057067110686030764+0.09084765848396316j),715.3383015468653
1700,3.91999375,0.0049709356080846505,(-0.06732313624896627-0.20960237560210254j),715.7593364506598
1701,3.9200937500000004,0.004145903908214382,(-0.16305470295912705-0.12022124220054298j),716.1803713544543
1702,3.92019375,0.0031923708517950064,(0.17387896233524835+0.1856214318446439j),716.6014062582487
1703,3.9202937500000004,0.003587760986905495,(-0.19841528836552255-0.08400302577264507j),717.0224411620433
1704,3.9203937500000006,0.0037943217183973627,(0.13102499937681275-0.12277834799059907j),717.4434760658378
1705,3.9204937500000003,0.0029417490162890964,(-0.005609058215132287+0.13987641214771068j),717.8645109696323
1706,3.9205937500000005,0.0022902453041662024,(0.02513237244404408+0.013145277430394592j),718.2855458734268
1707,3.9206937500000003,0.0026495790681350336,(0.019586934293849154+0.25678079041845475j),718.7065807772213
1708,3.9207937500000005,0.003172559398218618,(-0.24878642363306386-0.04561505642454715j),719.1276156810159
1709,3.9208937500000003,0.003401563655364638,(-0.19014345950252073+0.059203074662983315j),719.5486505848104
1710,3.9209937500000005,0.0023994113895498227,(-0.3831865222037829-0.014814672023921213j),719.9696854886048
1711,3.9210937500000003,0.0020854813787091527,(0.27812690646300064-0.07126154408546033j),720.3907203923993
1712,3.9211937500000005,0.0031903056069626325,(0.13256056051498222+0.008748082300573667j),720.8117552961938
1713,3.9212937500000002,0.003699878343081142,(0.05512217029153765-0.01638727121769846j),721.2327901999884
1714,3.9213937500000005,0.003733036034454799,(-0.09425940622447264-0.19662814388081337j),721.6538251037829
1715,3.9214937500000002,0.00261462475832486,(-0.1723092602159028+0.08099992931889644j),722.0748600075774
1716,3.9215937500000004,0.0031334671848269905,(0.16571608092332327+0.04671461109264531j),722.4958949113719
1717,3.92169375,0.004265172466949613,(0.0640805065955675-0.24161067505550543j),722.9169298151663
1718,3.9217937500000004,0.004325362734996038,(0.11259063751566292+0.3750513759484608j),723.3379647189608
1719,3.92189375,0.003225420356025271,(-0.11754867061947552+0.08377219772315027j),723.7589996227554
1720,3.9219937500000004,0.0028831354037019232,(0.11231632370579951-0.3425075300998053j),724.1800345265499
1721,3.92209375,0.003587022787176835,(-0.09305727666667696-0.05447992033185613j),724.6010694303444
1722,3.9221937500000004,0.004107424224667682,(0.0021950854359207676+0.03398154285998176j),725.0221043341389
1723,3.9222937500000006,0.0034596883820971736,(-0.09982041174583639+0.08396284172169483j),725.4431392379335
1724,3.9223937500000003,0.003697145678209244,(-0.32834248691790435-0.0049313778751561115j),725.864174141728
1725,3.9224937500000006,0.004466908428842873,(0.12748436290170972-0.16591802782848586j),726.2852090455224
1726,3.9225937500000003,0.005146810124709552,(-0.2870913396074291-0.030136221734533553j),726.7062439493169
1727,3.9226937500000005,0.0054764148918010095,(0.062195800841329446+0.1530202309789296j),727.1272788531114
1728,3.9227937500000003,0.0052825558448648295,(0.0862262789103709+0.034606036219311506j),727.5483137569059
1729,3.9228937500000005,0.005227564241152666,(0.3618503555312913+0.24499158147473643j),727.9693486607005
1730,3.9229937500000003,0.00530733860814481,(-0.15333994416646182-0.027029717556356123j),728.390383564495
1731,3.9230937500000005,0.005516174829514966,(0.16780723513859502-0.20034582947370466j),728.8114184682895
1732,3.9231937500000003,0.005594479722585183,(-0.22920265587898217+0.14023512997302995j),729.232453372084
1733,3.9232937500000005,0.005851497318974927,(-0.22174278293957003+0.04257377173283822j),729.6534882758784
1734,3.9233937500000002,0.00610915791827922,(-0.3660879111355957-0.07144533607584945j),730.074523179673
1735,3.9234937500000004,0.00701306953851005,(0.040133455423644895+0.09867313195790911j),730.4955580834675
1736,3.92359375,0.00667443741585793,(0.15655836255432753+0.1218929501427799j),730.916592987262
1737,3.9236937500000004,0.005947422475791251,(-0.3045875370476-0.07320283477951611j),731.3376278910565
1738,3.92379375,0.006230370095981798,(0.04410312975520932-0.19132734358894554j),731.758662794851
1739,3.9238937500000004,0.007220010738190757,(0.17326614520938338+0.15191715660558142j),732.1796976986456
1740,3.92399375,0.007352727271682185,(-0.30714208793341186+0.3372702908653823j),732.60073260244
1741,3.9240937500000004,0.0075325629797582914,(-0.2140948376036389-0.18453625063462292j),733.0217675062345
1742,3.92419375,0.007209559836262803,(-0.22023683525397525-0.22375852316781036j),733.442802410029
1743,3.9242937500000004,0.008058251484495956,(0.5533744925585062+0.011794837622024781j),733.8638373138235
1744,3.9243937500000006,0.0089966335012667,(-0.14048038853732453+0.21578471825592566j),734.284872217618
1745,3.9244937500000003,0.008391821742015483,(-0.16414651648391326+0.40530602707106234j),734.7059071214126
1746,3.9245937500000005,0.007418323864760036,(-0.15241684693478752-0.4222707631423503j),735.1269420252071
1747,3.9246937500000003,0.007037804204147617,(-0.18432191984340612-0.11819286555138861j),735.5479769290016
1748,3.9247937500000005,0.007137698224415347,(-0.11490806358748032+0.2709308197205725j),735.969011832796
1749,3.9248937500000003,0.0071747044033314685,(-0.1640542982165667+0.44879741011537344j),736.3900467365905
1750,3.9249937500000005,0.0074492550921647395,(0.11603567085227368+0.07301681900837714j),736.811081640385
1751,3.9250937500000003,0.007451057295444986,(-0.18500346293378345+0.07081004844071458j),737.2321165441796
1752,3.9251937500000005,0.007672847533177665,(-0.11296801874266121+0.21606976050935045j),737.6531514479741
1753,3.9252937500000002,0.007235733382125914,(0.1472680868602975-0.0029423523533797374j),738.0741863517686
1754,3.9253937500000005,0.007471323332666616,(0.08301532820531236+0.02165716735083083j),738.4952212555631
1755,3.9254937500000002,0.007413694979359706,(-0.027333326660193197+0.12357869167790604j),738.9162561593575
1756,3.9255937500000004,0.007807447713549517,(0.08621817526617644+0.28969510341535004j),739.3372910631521
1757,3.92569375,0.008337547033958625,(-0.09550692166630426+0.08778630335965223j),739.7583259669466
1758,3.9257937500000004,0.008507228977686755,(-0.025034743669269055+0.09909241402405002j),740.1793608707411
1759,3.92589375,0.0076881438570992,(0.0037974066795156206+0.09871643609893849j),740.6003957745356
1760,3.9259937500000004,0.007058071680458189,(-0.16589614460796567+0.2726368075309723j),741.0214306783301
1761,3.92609375,0.0069313462017528025,(-0.02078065027672859+0.18146802735469042j),741.4424655821247
1762,3.9261937500000004,0.007374539574395456,(-0.1239207808448361+0.21234513615629952j),741.8635004859192
1763,3.92629375,0.007376384033048712,(-0.14675989384553895+0.14381129667202158j),742.2845353897136
1764,3.9263937500000003,0.007194977662654472,(-0.12306772680430932+0.05774834459456711j),742.7055702935081
1765,3.9264937500000006,0.007348323893682205,(0.0012405624541453886+0.5024725504700721j),743.1266051973026
1766,3.9265937500000003,0.006662260631912211,(-0.8023228985472128+0.10963360595507439j),743.5476401010972
1767,3.9266937500000005,0.006997930566547399,(-0.15920140992602372-0.3878778666357583j),743.9686750048917
1768,3.9267937500000003,0.006115521862165814,(-0.027163469581660868+0.5089486010678236j),744.3897099086862
1769,3.9268937500000005,0.005300606635428177,(-0.8295667755999838-0.24366531839989408j),744.8107448124807
1770,3.9269937500000003,0.006035723245861859,(0.23401597405484684-0.5990104625645389j),745.2317797162752
1771,3.9270937500000005,0.005710561586352585,(0.2772715805790434+0.115776975410928j),745.6528146200696
1772,3.9271937500000003,0.006131748503015565,(-0.029253388711600332-0.06302669108625034j),746.0738495238642
1773,3.9272937500000005,0.0060563545968775265,(-0.255620249660256+0.39921792309557946j),746.4948844276587
1774,3.9273937500000002,0.0053367481920728425,(0.09803273787708965-0.503759898018925j),746.9159193314532
1775,3.9274937500000004,0.004099588283160555,(-0.04885009045276198+0.0007078980605576962j),747.3369542352477
1776,3.92759375,0.0037780440988543908,(0.07552296592434443+0.3623611814707586j),747.7579891390423
1777,3.9276937500000004,0.0037289697336711372,(-0.26461202917598536-0.065053971993608j),748.1790240428368
1778,3.92779375,0.00336099539714316,(-0.1300745695811109-0.05326182097760412j),748.6000589466312
1779,3.9278937500000004,0.0036736763991021583,(0.2286253758434761+0.1666762110243129j),749.0210938504257
1780,3.92799375,0.0033309241255311617,(0.07785962788566067+0.06576126206529703j),749.4421287542202
1781,3.9280937500000004,0.004048521583196646,(-0.06484313142936457+0.06785497238534474j),749.8631636580147
1782,3.92819375,0.004151742908539736,(0.27060884619041714-0.09048200897830361j),750.2841985618093
1783,3.9282937500000004,0.0036267287276856106,(-0.04038534061761574-0.19367429077532436j),750.7052334656038
1784,3.9283937500000006,0.004569848632165773,(-0.030484090281480906+0.03904994233194062j),751.1262683693983
1785,3.9284937500000003,0.0045768296206099846,(-0.07205668595170625+0.06857136411847672j),751.5473032731928
1786,3.9285937500000006,0.004116855260798303,(0.23055408490725038+0.02511666490021843j),751.9683381769872
1787,3.9286937500000003,0.0034050113308337665,(-0.07419863330737055-0.1410762896559281j),752.3893730807818
1788,3.9287937500000005,0.002798408139326876,(-0.10555369841194512-0.03489521595382113j),752.8104079845763
1789,3.9288937500000003,0.003354643817938483,(-0.1405265141872672-0.10989746913259225j),753.2314428883708
1790,3.9289937500000005,0.0032792526494280394,(-0.02705157813674274-0.13192658314055522j),753.6524777921653
1791,3.9290937500000003,0.002959576457794972,(-0.019632014954695513+0.1389656404629072j),754.0735126959598
1792,3.9291937500000005,0.0013518949785484614,(-0.19258495216002788-0.1816510264572934j),754.4945475997544
1793,3.9292937500000003,0.0018007003117781052,(0.06926241133667921-0.10225812626629882j),754.9155825035488
1794,3.9293937500000005,0.002738706588722564,(-0.19335646872126694+0.011179640682680628j),755.3366174073433
1795,3.9294937500000002,0.0030530412876482154,(0.06018607682333631-0.006217949180590772j),755.7576523111378
1796,3.9295937500000004,0.003155337509158724,(0.056074171335963416+0.03358682287696491j),756.1786872149323
1797,3.92969375,0.0027327571915821323,(-0.1029649051344546+0.19285669276816447j),756.5997221187268
1798,3.9297937500000004,0.002911529872535629,(0.12901544060528936-0.18242828791259083j),757.0207570225214
1799,3.92989375,0.003888028027905066,(-0.22940177316000643-0.04548563609503134j),757.4417919263159
1800,3.9299937500000004,0.003949065325025366,(-0.1228005677643586-0.02479951965080132j),757.8628268301104
1801,3.93009375,0.0038653461934469668,(0.08000557268604207-0.10652998128460874j),758.2838617339048
1802,3.9301937500000004,0.004157844854127015,(0.21093428078059878-0.1809476468292404j),758.7048966376993
1803,3.93029375,0.0036993620086962,(0.22474283593474786+0.11022994279796355j),759.1259315414939
1804,3.9303937500000004,0.0035359956304382824,(-0.28469545077531044-0.09063515529802801j),759.5469664452884
1805,3.9304937500000006,0.0032706867825079665,(-0.11491425632367407-0.10874347490809216j),759.9680013490829
1806,3.9305937500000003,0.0028039216652591325,(-0.23768240896974507+0.07092227817578696j),760.3890362528774
1807,3.9306937500000005,0.002596568579811742,(0.2787278204996247+0.1973118653397019j),760.8100711566719
1808,3.9307937500000003,0.0037285018350409417,(0.23463883359471763+0.029350289310475442j),761.2311060604665
1809,3.9308937500000005,0.005271436650818621,(0.2651125485994016+0.11278919648650819j),761.6521409642609
1810,3.9309937500000003,0.005803078662691557,(0.12349789838626676-0.08091057612403943j),762.0731758680554
1811,3.9310937500000005,0.006115025716531772,(0.2644310895422427+0.27193783524606985j),762.4942107718499
1812,3.9311937500000003,0.005636244130000122,(-0.23866525769182817-0.20041899845495437j),762.9152456756444
1813,3.9312937500000005,0.005153362081804352,(0.17832799805580563+0.06323475106156927j),763.336280579439
1814,3.9313937500000002,0.005213066515571934,(-0.15192842258702038+0.2606228617473449j),763.7573154832335
1815,3.9314937500000005,0.005180374958921855,(-0.2197231708653843-0.07788742017755795j),764.178350387028
1816,3.93159375,0.005625412980335828,(0.07808782668756917+0.035616229895502456j),764.5993852908224
1817,3.9316937500000004,0.00743877708349717,(-0.20251005830711852-0.20569645205101456j),765.0204201946169
1818,3.93179375,0.007310776767291838,(-0.10985457295227866+0.03364653216704711j),765.4414550984114
1819,3.9318937500000004,0.0061301957026883205,(0.014366843414704261-0.01041866821677041j),765.862490002206
1820,3.93199375,0.006312403867366283,(0.25174376715263447-0.15025782878200705j),766.2835249060005
1821,3.9320937500000004,0.006878311841490352,(0.013256407219342306+0.10911065071119527j),766.704559809795
1822,3.93219375,0.0070572750001195225,(0.10010529090658621-0.1504751311262951j),767.1255947135895
1823,3.9322937500000004,0.006877320144567232,(-0.18827129806461182+0.03238839430678436j),767.546629617384
1824,3.93239375,0.006152877529434622,(-0.001339197811538597+0.24966009754409235j),767.9676645211784
1825,3.9324937500000003,0.006663859108847118,(0.08119984890897253+0.23105819048706616j),768.388699424973
1826,3.9325937500000006,0.008362665164724326,(-0.33153449120126544-0.0009238753848421887j),768.8097343287675
1827,3.9326937500000003,0.00862447458668005,(0.053485082856475505+0.18141512996235218j),769.230769232562
1828,3.9327937500000005,0.008534522638437238,(-0.15127585741889638+0.11882114937189289j),769.6518041363565
1829,3.9328937500000003,0.007830637580668395,(-0.13617706401523139-0.05990622135259585j),770.072839040151
1830,3.9329937500000005,0.008214636482998658,(-0.05941488731492699+0.03014605623178228j),770.4938739439456
1831,3.9330937500000003,0.007762338291084312,(-0.25327284406380446+0.11901918255618718j),770.9149088477401
1832,3.9331937500000005,0.006559204151736702,(-0.44682898601599486-0.20534081432134463j),771.3359437515345
1833,3.9332937500000003,0.006880731883659721,(-0.03860609957844597+0.006667848123536258j),771.756978655329
1834,3.9333937500000005,0.0075112898108510235,(-0.1283030969622741+0.3526218854860603j),772.1780135591235
1835,3.9334937500000002,0.008075147049571341,(-0.5476871316366079-0.14343454637486544j),772.5990484629181
1836,3.9335937500000004,0.007508064202648086,(-0.16303732710577817-0.3191340855203144j),773.0200833667126
1837,3.93369375,0.006367137239301514,(-0.14806242121978758+0.2901091946806139j),773.4411182705071
1838,3.9337937500000004,0.006989137710530773,(-0.03319623108873338-0.35463637828784367j),773.8621531743016
1839,3.93389375,0.007706296981406508,(0.28959790032251925+0.2771260547234024j),774.283188078096
1840,3.9339937500000004,0.008197537059602265,(-0.12482314540516189-0.05011741915747167j),774.7042229818906
1841,3.93409375,0.007602577619136861,(-0.2976435881263526-0.3794665395174832j),775.1252578856851
1842,3.9341937500000004,0.0076989743322927505,(0.15597532627991056-0.40980569942614575j),775.5462927894796
1843,3.93429375,0.008670770236844962,(-0.025274511271552128+0.0942645569099277j),775.9673276932741
1844,3.9343937500000004,0.008485868300400995,(0.20580028444699505+0.07852074934425661j),776.3883625970686
1845,3.9344937500000006,0.007218503481387777,(-0.016418235853558012-0.11872688629581572j),776.8093975008632
1846,3.9345937500000003,0.005573295847623339,(0.17900282205166995+0.042680290034942704j),777.2304324046577
1847,3.9346937500000005,0.006034808202664631,(-0.22693414507677948-0.5720217815551822j),777.6514673084521
1848,3.9347937500000003,0.006179562720417971,(-0.07157474292018152-0.11820253595961068j),778.0725022122466
1849,3.9348937500000005,0.006805111389473506,(0.0037808071516693964+0.07201358562688015j),778.4935371160411
1850,3.9349937500000003,0.006613184559514702,(-0.032084846270310524+0.2224260904079536j),778.9145720198356
1851,3.9350937500000005,0.0071965794116837355,(-0.1639875986998452+0.03876248730275437j),779.3356069236302
1852,3.9351937500000003,0.006869559359959009,(0.2080399692259295+0.09746383433228614j),779.7566418274247
1853,3.9352937500000005,0.006424179396954459,(-0.1904189724628968-0.00027170207711352257j),780.1776767312192
1854,3.9353937500000002,0.005493115708799054,(-0.040969305958980594-0.02501278989580169j),780.5987116350136
1855,3.9354937500000005,0.005053740623549397,(0.15428495517209767+0.2755058261060305j),781.0197465388081
1856,3.9355937500000002,0.004458378305397338,(-0.10484584365835121-0.10035940179750694j),781.4407814426027
1857,3.9356937500000004,0.00481430485057558,(-0.07003656840553404-0.03265875395314014j),781.8618163463972
1858,3.93579375,0.00453735082230684,(-0.1939890564474904+0.04223553913234484j),782.2828512501917
1859,3.9358937500000004,0.004760536440938569,(0.04145126239838107-0.12253450484393137j),782.7038861539862
1860,3.93599375,0.005197865399726269,(0.23499931527876117-0.09098778202671787j),783.1249210577807
1861,3.9360937500000004,0.005144976007700602,(0.05518958068213626+0.07135395064516417j),783.5459559615753
1862,3.93619375,0.004479643152247724,(0.044832422324394314-0.04423835599634377j),783.9669908653697
1863,3.9362937500000004,0.003288486100126779,(0.1463862322021695-0.10883971040023147j),784.3880257691642
1864,3.9363937500000006,0.003535734778215113,(0.16478309441827588-0.13314980701894857j),784.8090606729587
1865,3.9364937500000003,0.004152653338184837,(0.11436334932187037+0.10648091188460956j),785.2300955767532
1866,3.9365937500000006,0.004186622072312063,(0.027030127571887316+0.1400988210938608j),785.6511304805477
1867,3.9366937500000003,0.0044520594642729625,(-0.13670681609112267-0.03599029092661611j),786.0721653843423
1868,3.9367937500000005,0.005388741526153291,(-0.23961872145917956-0.05236267060287206j),786.4932002881368
1869,3.9368937500000003,0.004021353642031712,(0.20215945154528153+0.2746227543315139j),786.9142351919313
1870,3.9369937500000005,0.003780573291637432,(-0.09954533821237682+0.34946840887152897j),787.3352700957257
1871,3.9370937500000003,0.002889907920617299,(-0.03381639676638372+0.026432838214102004j),787.7563049995202
1872,3.9371937500000005,0.0029620450145638917,(0.3281137744510105+0.017326087183084593j),788.1773399033148
1873,3.9372937500000003,0.002728172787671259,(-0.09914506028327219-0.05329000618076504j),788.5983748071093
1874,3.9373937500000005,0.003148240099891883,(-0.015049894795777854+0.03019699633808545j),789.0194097109038
1875,3.9374937500000002,0.003001694889418198,(0.04293286091804165-0.15490537378797362j),789.4404446146983
1876,3.9375937500000004,0.002634395700052273,(-0.024042074378627917-0.006240980199612032j),789.8614795184928
1877,3.93769375,0.0030894034028574814,(-0.05498741427479996+0.03660008466879491j),790.2825144222872
1878,3.9377937500000004,0.002216664645053206,(-0.0752902490861643-0.15336209784533744j),790.7035493260818
1879,3.93789375,0.002450205131370571,(0.06742179843939133+0.12151220163189795j),791.1245842298763
1880,3.9379937500000004,0.002920473489919165,(-0.08542194422083302-0.1069922916776993j),791.5456191336708
1881,3.93809375,0.0032773468421065503,(0.0634369134278813-0.17696361621400175j),791.9666540374653
1882,3.9381937500000004,0.0032280350664423067,(-0.06652034816089036-0.07502718057250704j),792.3876889412599
1883,3.93829375,0.003218283722297825,(0.07238347508581505-0.1969075680659061j),792.8087238450544
1884,3.9383937500000004,0.003959556658341747,(-0.00837606685750919+0.03142552297521266j),793.2297587488489
1885,3.9384937500000006,0.0034803649659439517,(0.09351126921380197+0.0420215823279418j),793.6507936526433
1886,3.9385937500000003,0.0023941726856369114,(-0.0020411099881422964-0.01785432101185551j),794.0718285564378
1887,3.9386937500000005,0.0031476050651544473,(0.015533268623120135-0.22244077417769506j),794.4928634602323
1888,3.9387937500000003,0.0042177083557758555,(0.24285372298162014+0.1186427523617628j),794.9138983640269
1889,3.9388937500000005,0.004626006454961869,(-0.026276766510641526-0.04712216531428588j),795.3349332678214
1890,3.9389937500000003,0.0042328105404614855,(0.1076351304211712-0.11271009175907315j),795.7559681716159
1891,3.9390937500000005,0.004195775893424797,(0.09280085103150423+0.024593434024827596j),796.1770030754104
1892,3.9391937500000003,0.003834146671568347,(0.0821912919949407-0.2607140035189308j),796.5980379792048
1893,3.9392937500000005,0.0033490256632194,(0.07801544951997928+0.21705592403892035j),797.0190728829994
1894,3.9393937500000002,0.0032636864136929363,(0.058916107523702216-0.00031955038016235476j),797.4401077867939
1895,3.9394937500000005,0.004604563438840888,(-0.005277353713392045+0.0014337874852605459j),797.8611426905884
1896,3.9395937500000002,0.005864519425500235,(-0.26132530677003907-0.05182661070040785j),798.2821775943829
1897,3.9396937500000004,0.0061162964093662365,(0.1369195587349029+0.4603879585984473j),798.7032124981774
1898,3.93979375,0.0058538621363119535,(0.034699146975451164-0.27392102305129157j),799.124247401972
1899,3.9398937500000004,0.005114351216082715,(0.22283033640572392-0.14892626941325077j),799.5452823057665
1900,3.93999375,0.005081082904770456,(-0.08254075403797351-0.15359971348419932j),799.9663172095609
1901,3.9400937500000004,0.004926233215269375,(0.014327806349002055-0.16644083933689416j),800.3873521133554
1902,3.94019375,0.005466543852310966,(-0.16406576354816804-0.07468697514810961j),800.8083870171499
1903,3.9402937500000004,0.006680908592034447,(0.056515077779347264+0.07001053820680059j),801.2294219209444
1904,3.94039375,0.007338924215240253,(0.11135324857375563+0.07524584224319851j),801.650456824739
1905,3.9404937500000004,0.007188029848129797,(-0.15347502923993311+0.07029120361816044j),802.0714917285335
1906,3.9405937500000006,0.00687108022544498,(0.015103323308345414+0.048315607079052525j),802.492526632328
1907,3.9406937500000003,0.006794547297927732,(-0.00023260261308135494+0.06972425892051648j),802.9135615361225
1908,3.9407937500000005,0.006871749688318299,(0.05996104095301132-0.10026055014226445j),803.3345964399169
1909,3.9408937500000003,0.007389984531454224,(0.14025917660399023+0.1713005985868173j),803.7556313437115
1910,3.9409937500000005,0.007529744792631971,(-0.014469647737332931-0.018280062245658243j),804.176666247506
1911,3.9410937500000003,0.008013441190071502,(0.10363916479452674+0.07964694893722736j),804.5977011513005
1912,3.9411937500000005,0.008211777677575787,(0.0027130669788485787+0.14751293462063705j),805.018736055095
1913,3.9412937500000003,0.008593671373228362,(0.01864002566098999-0.08466660997103692j),805.4397709588895
1914,3.9413937500000005,0.008930123261838441,(0.10892027882191774-0.04538799854687019j),805.8608058626841
1915,3.9414937500000002,0.008022051009525613,(0.05650525170710517-0.024918139128750877j),806.2818407664785
1916,3.9415937500000005,0.00758295762445536,(-0.026526481963338195+0.2391303090355655j),806.702875670273
1917,3.94169375,0.00705930178819095,(-0.1930873691281758-0.09368530465799879j),807.1239105740675
1918,3.9417937500000004,0.007823313613785602,(0.08919993397794855+0.03731547852597181j),807.544945477862
1919,3.94189375,0.008206301142342234,(-0.10327913223334267+0.0017334894230044626j),807.9659803816565
1920,3.9419937500000004,0.007843653823653348,(-0.022711337368942933-0.14806894793259728j),808.3870152854511
1921,3.94209375,0.007445025481482102,(-0.10327104328737456-0.03542614419194095j),808.8080501892456
1922,3.9421937500000004,0.0071469407908872455,(-0.009936260723001553+0.12208943911811493j),809.2290850930401
1923,3.94229375,0.00789484879115656,(-0.10183913924034295-0.1366503392450235j),809.6501199968345
1924,3.9423937500000004,0.007912489815505285,(0.03530332974172748+0.11571840372464681j),810.071154900629
1925,3.9424937500000006,0.007407203625188182,(0.06287434373994627-0.05165471888280354j),810.4921898044236
1926,3.9425937500000003,0.007724006583069941,(0.14193303261063847+0.0786341854366637j),810.9132247082181
1927,3.9426937500000006,0.008969920964359657,(0.00852839604350731-0.0564765978184543j),811.3342596120126
1928,3.9427937500000003,0.008385661757446337,(-0.30002305960900294+0.08719384162529742j),811.7552945158071
1929,3.9428937500000005,0.007087869053946664,(-0.029183452333980814+0.010323963764282199j),812.1763294196016
1930,3.9429937500000003,0.006246980824185596,(0.23249841580692981+0.2519763092683606j),812.597364323396
1931,3.9430937500000005,0.006511380197850909,(-0.004657938236037211-0.0030389722581463247j),813.0183992271906
1932,3.9431937500000003,0.007117399369119247,(0.0654102522601562+0.04126148273701856j),813.4394341309851
1933,3.9432937500000005,0.006669738094047016,(-0.0031100124617719424+0.12213122635955584j),813.8604690347796
1934,3.9433937500000003,0.005696711986323766,(-0.2090351950839639+0.10984874920348078j),814.2815039385741
1935,3.9434937500000005,0.005630819341014395,(0.275627760306965+0.1459910755699334j),814.7025388423687
1936,3.9435937500000002,0.0062052610209723195,(-0.04197691345880977+0.5548823282465799j),815.1235737461632
1937,3.9436937500000004,0.005957222295995116,(-0.4553172318511241+0.03886412161491322j),815.5446086499577
1938,3.94379375,0.005225559570235153,(0.020627768001949626+0.18542837639056625j),815.9656435537521
1939,3.9438937500000004,0.005447142845252029,(-0.31742387462092747+0.5484796677409457j),816.3866784575466
1940,3.94399375,0.004875471094767384,(-0.715499547709687-0.442060841313106j),816.8077133613411
1941,3.9440937500000004,0.005719327887479093,(-0.04674021802602893-0.2496352692955695j),817.2287482651357
1942,3.94419375,0.005672728391506967,(-0.21238877511673704-0.2751644478287002j),817.6497831689302
1943,3.9442937500000004,0.005167134456159233,(0.39774403322787166-0.06167690222503109j),818.0708180727247
1944,3.94439375,0.004066665062591112,(-0.3105462535116498-0.001702768196613691j),818.4918529765192
1945,3.9444937500000004,0.0034956941919594905,(0.18577354594723539+0.3575854298087857j),818.9128878803137
1946,3.9445937500000006,0.0035368481141157355,(-0.002264889899129388-0.3745115051306174j),819.3339227841082
1947,3.9446937500000003,0.0035229099127428646,(-0.1032595175098041-0.330360359279526j),819.7549576879027
1948,3.9447937500000005,0.003888671931530446,(-0.17760851119590704-0.1471777788647413j),820.1759925916972
1949,3.9448937500000003,0.0036532369884941726,(0.05873632575229419-0.06571225045368444j),820.5970274954917
1950,3.9449937500000005,0.0037850301462394884,(-0.03181419799553477-0.05032724833462099j),821.0180623992862
1951,3.9450937500000003,0.002290747014493107,(-0.09361341722150698-0.14886236312803414j),821.4390973030808
1952,3.9451937500000005,0.0023428713026028636,(0.0340813009111485+0.10645684671025553j),821.8601322068753
1953,3.9452937500000003,0.00322990167662481,(0.0922645386609231-0.050204362920248075j),822.2811671106697
1954,3.9453937500000005,0.003879141326163866,(-0.20199000296925382+0.19097065184886303j),822.7022020144642
1955,3.9454937500000002,0.0038936828395602892,(-0.03416569345552999-0.02289260672631157j),823.1232369182587
1956,3.9455937500000005,0.0033011794545641797,(-0.013398813119946222+0.06916233909679423j),823.5442718220532
1957,3.94569375,0.0024071826947208766,(0.22648596771072294-0.04908055300332835j),823.9653067258478
1958,3.9457937500000004,0.0028576317987405704,(-0.08544923154284066+0.03408949970084642j),824.3863416296423
1959,3.94589375,0.0024461311720990584,(-0.17746371490299814-0.03856218923184829j),824.8073765334368
1960,3.9459937500000004,0.0018123583732278941,(-0.09328404837923096-0.05067861654708266j),825.2284114372313
1961,3.94609375,0.002066664016862752,(0.0909962424260286+0.16302121813624512j),825.6494463410257
1962,3.9461937500000004,0.0026580573418251313,(-0.07516356079685561-0.06390940601857995j),826.0704812448203
1963,3.94629375,0.003723685575158106,(-0.044714235388420974-0.07588977481805011j),826.4915161486148
1964,3.9463937500000004,0.004100139139063959,(0.04129341603146128-0.08083215050888459j),826.9125510524093
1965,3.94649375,0.003313240635516242,(0.04258877337686311+0.07812971260614543j),827.3335859562038
1966,3.9465937500000003,0.003547112218173708,(-0.17885594548820039+0.0011370491920720885j),827.7546208599983
1967,3.9466937500000006,0.0027188244118289914,(-0.09970600144562151-0.07976812027188591j),828.1756557637929
1968,3.9467937500000003,0.003221614122996701,(0.08763057269920577+0.09545498586155725j),828.5966906675874
1969,3.9468937500000005,0.002951094646790064,(-0.1553407123413205+0.1155362892990196j),829.0177255713818
1970,3.9469937500000003,0.0033950054260141393,(-0.12321573601309116-0.05933811494976215j),829.4387604751763
1971,3.9470937500000005,0.004526432447963101,(-0.07611534229480732-0.0861597193338333j),829.8597953789708
1972,3.9471937500000003,0.004399790147219626,(-0.002951995171002985+0.013906021030124796j),830.2808302827654
1973,3.9472937500000005,0.004088941698151033,(-0.04686820795471327+0.02913545757369866j),830.7018651865599
1974,3.9473937500000003,0.0039806765743943375,(-0.09390664288977123-0.09655738960206585j),831.1229000903544
1975,3.9474937500000005,0.0035713916935653607,(0.03883475878842623-0.01760216696882047j),831.5439349941489
1976,3.9475937500000002,0.004050461083163313,(-0.03186484243165952+0.006113855797674626j),831.9649698979433
1977,3.9476937500000004,0.004859618064263751,(-0.08155210108214431-0.03393728771294642j),832.3860048017378
1978,3.94779375,0.005301998287164265,(-0.011176636015075021-0.1546145439080167j),832.8070397055324
1979,3.9478937500000004,0.00526778413251446,(-0.01194279241063513+0.157930619241699j),833.2280746093269
1980,3.94799375,0.003865524790615182,(-0.14816707263911855+0.057486990141952285j),833.6491095131214
1981,3.9480937500000004,0.004800224410663442,(-0.027577650130129448-0.07432164254871058j),834.0701444169159
1982,3.94819375,0.005195173529814042,(0.12305980289502369+0.0444824530933177j),834.4911793207104
1983,3.9482937500000004,0.006042281303704363,(-0.05155605508895588-0.02671891610069881j),834.912214224505
1984,3.94839375,0.005280306961250875,(-0.14415651116245046-0.006414958951363526j),835.3332491282994
1985,3.9484937500000004,0.0064821873828672045,(-0.047939474447466136-0.06205307734807463j),835.7542840320939
1986,3.9485937500000006,0.0070894254748222535,(0.03505136550000776-0.025130825055115016j),836.1753189358884
1987,3.9486937500000003,0.006419221484326916,(0.004886926469317616+0.03349465096816291j),836.5963538396829
1988,3.9487937500000005,0.006558723404310495,(-0.018388224088466444-0.07894907713043971j),837.0173887434775
1989,3.9488937500000003,0.006502206397969783,(0.11409801190424511+0.10491237578411591j),837.438423647272
1990,3.9489937500000005,0.007796878305506065,(0.0235919448995191-0.005234738139260269j),837.8594585510665
1991,3.9490937500000003,0.007501782419208884,(-0.011519615305294217+0.00038197814535431696j),838.2804934548609
1992,3.9491937500000005,0.008671553283559653,(0.03132257838709622+0.02670086233776191j),838.7015283586554
1993,3.9492937500000003,0.008456584402920516,(0.019327100913703245-0.003988072555899239j),839.12256326245
1994,3.9493937500000005,0.00810422088709634,(-0.11038084844538759-0.0075162404747820925j),839.5435981662445
1995,3.9494937500000002,0.007335384015258412,(0.018326974482097767-0.08249276490311834j),839.964633070039
1996,3.9495937500000005,0.006987432213321442,(0.07027319075360874+0.14604842281208846j),840.3856679738335
1997,3.9496937500000002,0.0072220932011831385,(-0.04459269573722536-0.07983774368771977j),840.806702877628
1998,3.9497937500000004,0.008143839059430771,(0.07418709963574538-0.03698678817932187j),841.2277377814225
1999,3.94989375,0.008723323714684048,(-0.03455145512624701+0.0013568808456945018j),841.648772685217
2000,3.9499937500000004,0.00896242006636257,(-0.049512375217712026+0.010899472420712208j),842.0698075890115
2001,3.95009375,0.00827998822622062,(0.030481568220502676+0.02510460072487218j),842.490842492806
2002,3.9501937500000004,0.0073558514595689194,(-0.07023423521860314+0.01829890656048964j),842.9118773966005
2003,3.95029375,0.006684496739103101,(-0.0746804687946871-0.0033720844491157975j),843.332912300395
2004,3.9503937500000004,0.007307122040432006,(-0.04564306117889282-0.03539020927021407j),843.7539472041896
2005,3.95049375,0.007671845524680935,(-0.006217579974109917-0.02363354838041842j),844.1749821079841
2006,3.9505937500000003,0.008166050120129519,(-0.05812229765367935-0.026471382713413226j),844.5960170117786
2007,3.95069375,0.00795311621384079,(-0.011369059150133698+0.009123905286273474j),845.017051915573
2008,3.9507937500000003,0.007775760832379889,(-0.04344549565059931+0.07419586536853234j),845.4380868193675
2009,3.95089375,0.008133909373307933,(-0.0554810970113476-0.0756092911966671j),845.859121723162
2010,3.9509937500000003,0.007983219853144801,(0.02345950788223993+0.09789034280933961j),846.2801566269566
2011,3.95109375,0.0071578725797302465,(-0.11798634202525005+0.07417856623474735j),846.7011915307511
2012,3.9511937500000003,0.00686095306079405,(-0.16106745083346208-0.14909872480543604j),847.1222264345456
2013,3.95129375,0.006921261495759975,(0.018101116923969738+0.0032193149398331566j),847.5432613383401
2014,3.9513937500000003,0.007326888409137546,(0.09139367940209778-0.1985983774097496j),847.9642962421345
2015,3.95149375,0.007038312525022768,(-0.08584583337339424+0.15511305637466466j),848.3853311459291
2016,3.9515937500000002,0.006236756194979843,(-0.14256868235623366+0.16936257595623463j),848.8063660497236
2017,3.9516937500000004,0.0064884485910662185,(-0.01268358991090313-0.045709271688951544j),849.2274009535181
2018,3.95179375,0.005189846958767694,(0.2553163318285027-0.10008489423875175j),849.6484358573126
2019,3.9518937500000004,0.005213818860887695,(-0.07964977229873102-0.07928789464392066j),850.0694707611071
2020,3.95199375,0.005038951107663071,(-0.27618965706179255+0.14101720493246678j),850.4905056649017
2021,3.9520937500000004,0.005467490255431569,(-0.017102923031951652+0.04327949050941687j),850.9115405686962
2022,3.95219375,0.0063299121130710075,(0.08527364666755974-0.014254943713521161j),851.3325754724906
2023,3.9522937500000004,0.005377896372554259,(0.03466815459702284+0.05123988407551629j),851.7536103762851
2024,3.95239375,0.004467317670965033,(-0.03638875395884529-0.03576203681289304j),852.1746452800796
2025,3.9524937500000004,0.0038748069277629252,(-0.06344853975981739+0.019740008425375793j),852.5956801838742
2026,3.95259375,0.004656838372892801,(0.03016415807064912-0.019922902145931422j),853.0167150876687
2027,3.9526937500000003,0.005241356538239749,(-0.06574646128033815+0.042165659493838825j),853.4377499914632
2028,3.95279375,0.004992490528655708,(0.015115457076133737-0.05697653420222372j),853.8587848952577
2029,3.9528937500000003,0.005311203076703553,(0.012958562596236955-0.01247155411352683j),854.2798197990521
2030,3.95299375,0.004842916579298376,(-0.037739447356106105+0.07200331130046647j),854.7008547028466
2031,3.9530937500000003,0.0035633226499884835,(-0.08018231430601427+0.015079705973187373j),855.1218896066412
2032,3.95319375,0.003697559593108314,(0.005252871354007255+0.00810971547634843j),855.5429245104357
2033,3.9532937500000003,0.002708909761521496,(0.05468208510483776+0.04461897287082242j),855.9639594142302
2034,3.95339375,0.0022112573741052033,(-0.03214585991524574+0.07312483750893606j),856.3849943180247
2035,3.9534937500000003,0.0029087397117485187,(-0.044995126826186435-0.036146523124190116j),856.8060292218192
2036,3.95359375,0.0033245601038192313,(0.03361089337102676-0.05149190385115474j),857.2270641256138
2037,3.9536937500000002,0.0031388150521941124,(0.030675606443559558+0.053408267066620906j),857.6480990294082
2038,3.9537937500000004,0.0028979335133293327,(-0.09431441207135143-0.0424039376656922j),858.0691339332027
2039,3.95389375,0.003620334507876221,(0.009134345697487944-0.0641672005301894j),858.4901688369972
2040,3.9539937500000004,0.004152871022999279,(0.05753156796015341-0.03515389249941896j),858.9112037407917
2041,3.95409375,0.0028197493420646608,(0.09300820417243415+0.0973840384277812j),859.3322386445863
2042,3.9541937500000004,0.002301941433864272,(-0.11175458511787392+0.07205815833310722j),859.7532735483808
2043,3.95429375,0.0031232773910867314,(-0.055275707160915295-0.1516432791844345j),860.1743084521753
2044,3.9543937500000004,0.0024423593449246703,(0.1336621646077646-0.09341217244887308j),860.5953433559698
2045,3.95449375,0.003097095597112509,(0.05775548877005275+0.0004145457719566953j),861.0163782597642
2046,3.9545937500000004,0.002962672444245043,(0.039284993142364194+0.20240610029443104j),861.4374131635587
2047,3.95469375,0.0031930185324823258,(-0.19215905975410308+0.12008437380707515j),861.8584480673533
2048,3.9547937500000003,0.0029745455530943666,(0.10465143273832496-0.06630405615905188j),862.2794829711478
2049,3.95489375,0.003669685411250676,(-0.11959326405404294-0.25911879102068275j),862.7005178749423
2050,3.9549937500000003,0.0035053254425074327,(-0.024154882377218995+0.15033928471762784j),863.1215527787368
2051,3.95509375,0.0037654005205387297,(-0.10238547392041597+0.04314772167193917j),863.5425876825313
2052,3.9551937500000003,0.0030499676988660937,(0.11542421652987153+0.05919097805775723j),863.9636225863258
2053,3.95529375,0.0029633750625377756,(0.0033760575406509806-0.03393580267974431j),864.3846574901203
2054,3.9553937500000003,0.0045873045830440665,(-0.01872982179642297-0.004866029830996812j),864.8056923939148
2055,3.95549375,0.00519914876514395,(-0.05403530058526297+0.053189814527582036j),865.2267272977093
2056,3.9555937500000002,0.004405439550617399,(-0.008212499232434549+0.05159889193701503j),865.6477622015038
2057,3.9556937500000005,0.0036104441182653515,(0.009379354080798024+0.038912501556077325j),866.0687971052984
2058,3.95579375,0.003988518948275823,(-0.022593758662446325+0.07448745633362971j),866.4898320090929
2059,3.9558937500000004,0.004048359712187362,(0.0010048480245119507-0.010214899189390496j),866.9108669128874
2060,3.95599375,0.0037936166514498243,(0.010780761126942782+0.07851158836268003j),867.3319018166818
2061,3.9560937500000004,0.0040380490115441816,(-0.06463232458353418+0.07557844225981855j),867.7529367204763
2062,3.95619375,0.004748971497116388,(-0.019258781359645684+0.06334485483149947j),868.1739716242708
2063,3.9562937500000004,0.005797546229407337,(-0.0098064275226038-0.021535628847586606j),868.5950065280654
2064,3.95639375,0.0057348746081555485,(-0.0843269106699154+0.05684143821434758j),869.0160414318599
2065,3.9564937500000004,0.0053458269389691825,(-0.03623123754827067+0.01968872988886267j),869.4370763356544
2066,3.95659375,0.006493018694166707,(-0.029383503036403226-0.05958668891079186j),869.8581112394489
2067,3.9566937500000003,0.005897446138892306,(0.012055491091507269-0.02462229015682227j),870.2791461432435
2068,3.95679375,0.006732815423849098,(0.05240685812757638+0.11843784355224751j),870.7001810470379
2069,3.9568937500000003,0.006838199496295678,(-0.02412594619306368+0.0019478201041245556j),871.1212159508324
2070,3.95699375,0.006134036315379714,(-0.07382136823145358+0.07020426336637282j),871.5422508546269
2071,3.9570937500000003,0.007109869586395303,(0.11117346807152464-0.050970998016236044j),871.9632857584214
2072,3.95719375,0.006869871357291824,(0.01373195614383792+0.09751457958585498j),872.3843206622159
2073,3.9572937500000003,0.007590358760455954,(-0.04471842557518723+0.11118470212766851j),872.8053555660105
2074,3.95739375,0.00860363245512607,(-0.14484626731555617+0.013665925970456967j),873.226390469805
2075,3.9574937500000003,0.00817513379280659,(-0.05245931026373456-0.0650029928032849j),873.6474253735994
2076,3.95759375,0.006952971300994249,(-0.019083299077193486-0.01194448707197204j),874.0684602773939
2077,3.9576937500000002,0.007004062894912231,(0.005178202394582932+0.10518977305922274j),874.4894951811884
2078,3.9577937500000004,0.007133845502607697,(-0.008439826565746251+0.02782189595999513j),874.910530084983
2079,3.95789375,0.006812485537289063,(0.011645031854884191-0.06540963644042178j),875.3315649887775
2080,3.9579937500000004,0.007077753947422124,(-0.142999646399671-0.18987687527372196j),875.752599892572
2081,3.95809375,0.007220009121804917,(-0.10320680637476064+0.027177554365381863j),876.1736347963665
2082,3.9581937500000004,0.007940317024890146,(-0.06578169833488479+0.09762931884530054j),876.594669700161
2083,3.95829375,0.008335968868753828,(-0.004142965608350563+0.023264364570058718j),877.0157046039554
2084,3.9583937500000004,0.007596828199495699,(-0.06875676708286264+0.0027594876820159105j),877.43673950775
2085,3.95849375,0.007299266572217196,(-0.004135345897081326+0.0651020156147942j),877.8577744115445
2086,3.9585937500000004,0.008076386640598374,(-0.05209910074807731+0.05606270659004063j),878.278809315339
2087,3.95869375,0.008668987102620054,(0.006951971962788961+0.02958028327685444j),878.6998442191335
2088,3.9587937500000003,0.007914374446087025,(0.025761295122252382-0.0038271151580496696j),879.120879122928
2089,3.95889375,0.007147197412844599,(-0.07048427680039213+0.0532591319749391j),879.5419140267226
2090,3.9589937500000003,0.006945379923358415,(-0.011657845979058494+0.006515894981740503j),879.962948930517
2091,3.95909375,0.0073345908988985955,(-0.061290881931118125+0.06628605583497328j),880.3839838343115
2092,3.9591937500000003,0.0067607762242211135,(-0.0589822477338441-0.03465317933796823j),880.805018738106
2093,3.95929375,0.006050046590044448,(0.015479731572521999-0.009430534841804353j),881.2260536419005
2094,3.9593937500000003,0.006765470996362266,(-0.012191557176563287+0.050365256056625424j),881.647088545695
2095,3.95949375,0.007446115123447691,(-0.034969861631284474+0.028896960243997773j),882.0681234494896
2096,3.9595937500000002,0.007292520404694856,(-0.0032444334875783437+4.2012030705432246e-05j),882.4891583532841
2097,3.9596937500000005,0.007028498338100743,(-0.05119895908386268+0.0023694993695095104j),882.9101932570786
2098,3.9597937500000002,0.006557371701341748,(0.024722349531375636-0.004321758371808607j),883.331228160873
2099,3.9598937500000004,0.006616548354706615,(0.04857475464476724+0.03530969921862771j),883.7522630646675
2100,3.95999375,0.006770926075880389,(-0.07012613417964686+0.06777343471272759j),884.1732979684621
2101,3.9600937500000004,0.006683319665689759,(-0.026879761724817396+0.04830934126303622j),884.5943328722566
2102,3.96019375,0.005804890741027115,(-0.0340323318368557+0.011920855655639398j),885.0153677760511
2103,3.9602937500000004,0.00481359017242563,(0.000234429606412484-0.0559902153560434j),885.4364026798456
2104,3.96039375,0.005121113213873326,(0.03086840620150491+0.1494403719466315j),885.8574375836401
2105,3.9604937500000004,0.005834361112571101,(-0.1228004887928981+0.09493964899546181j),886.2784724874347
2106,3.96059375,0.006146138025505722,(-0.1855574754408945-0.03145339797682527j),886.6995073912291
2107,3.9606937500000003,0.004965635355924507,(-0.0413817020363339-0.18412462722212714j),887.1205422950236
2108,3.96079375,0.003633006653876846,(0.13384603088816574+0.029459313364791146j),887.5415771988181
2109,3.9608937500000003,0.004994047347972869,(-0.005725969292724731-0.0255151782632473j),887.9626121026126
2110,3.96099375,0.0050271374889548385,(-0.17087091167148521+0.018530234526831963j),888.3836470064072
2111,3.9610937500000003,0.004601036805212942,(-0.10855243422643948-0.06994579372058511j),888.8046819102017
2112,3.96119375,0.00442931656451225,(-0.020444007313487965+0.0540141900902944j),889.2257168139962
2113,3.9612937500000003,0.005627235334180782,(0.02504360947610659+0.04877438581904415j),889.6467517177906
2114,3.96139375,0.0063166803877644255,(0.0022213182115962404+0.044222155542571404j),890.0677866215851
2115,3.9614937500000003,0.0049376683019904544,(0.028047809646318173+0.006425108583277942j),890.4888215253796
2116,3.96159375,0.004145894302919799,(-0.021410922029717304+0.041510386519754854j),890.9098564291742
2117,3.9616937500000002,0.004214422514412303,(-0.00219960436131178+0.04896110033025851j),891.3308913329687
2118,3.9617937500000004,0.004840509064636832,(-0.04711915682327476-0.0165714510703567j),891.7519262367632
2119,3.96189375,0.003829478312817636,(-0.022188870222277467+0.0045884365390381175j),892.1729611405577
2120,3.9619937500000004,0.0019916900175575764,(-0.018622122289107475+0.05065152686543456j),892.5939960443523
2121,3.96209375,0.0015033626711666971,(0.006771269592840901+0.025946352860142505j),893.0150309481467
2122,3.9621937500000004,0.0017772687016427524,(-0.04110450845013086+0.029826852775738117j),893.4360658519412
2123,3.96229375,0.0023121694798792303,(0.0034052379172719097+0.040648537914601476j),893.8571007557357
2124,3.9623937500000004,0.0033298252620015006,(-0.021630982730698946+0.027323286899597878j),894.2781356595302
2125,3.96249375,0.0033034362547964525,(-0.04414899035794592+0.006017652934192125j),894.6991705633247
2126,3.9625937500000004,0.00401430083151079,(-0.03604987405627214+0.04563586019035801j),895.1202054671193
2127,3.96269375,0.004320045893684001,(-0.08662854849669563+0.034282517533724036j),895.5412403709138
2128,3.9627937500000003,0.0038720638565002794,(-0.04396710839330237+0.031713867982777935j),895.9622752747082
2129,3.96289375,0.003076915931934619,(-0.017755868387776826+0.0029527736609087953j),896.3833101785027
2130,3.9629937500000003,0.002904615859927233,(-0.05163213474724167-0.019858828298812047j),896.8043450822972
2131,3.96309375,0.003067448926884141,(0.0040223028487866505-0.01623335645986773j),897.2253799860918
2132,3.9631937500000003,0.0038376004841693388,(0.02531439645804308-0.030348138357777284j),897.6464148898863
2133,3.96329375,0.003902659304145436,(-0.0387975694387311+0.008422092008977707j),898.0674497936808
2134,3.9633937500000003,0.0026316042538116536,(0.030725201704478844+0.011778581199585112j),898.4884846974753
2135,3.96349375,0.0027882251892515776,(0.056882253339389954+0.10156616504593616j),898.9095196012698
2136,3.9635937500000002,0.0033690816463574818,(-0.050908929975331585-0.0035248492736201786j),899.3305545050642
2137,3.96369375,0.0039926231470239605,(-0.06474448472678866+0.07764564573731159j),899.7515894088588
2138,3.9637937500000002,0.004221105351327163,(-0.11917274331636288-0.09485072848370911j),900.1726243126533
2139,3.9638937500000004,0.003851289847556656,(-0.015586294221917173+0.17535997162484912j),900.5936592164478
2140,3.96399375,0.004228297389230873,(0.08686418192165424+0.15859819917549722j),901.0146941202423
2141,3.9640937500000004,0.0054488157203634695,(0.014058911348396673+0.07216091873088439j),901.4357290240368
2142,3.96419375,0.005426608955292794,(0.014054424181788656-0.1145050923139793j),901.8567639278314
2143,3.9642937500000004,0.004626113149245963,(-0.047148424516800375+0.014807764583014645j),902.2777988316259
2144,3.96439375,0.004156072098212684,(0.010168893741309675-0.012294104504036285j),902.6988337354203
2145,3.9644937500000004,0.005026464714878547,(-0.04311983628314373+0.0038039646789258252j),903.1198686392148
2146,3.96459375,0.004840485648241018,(-0.03749038607742364-0.03725825044580526j),903.5409035430093
2147,3.9646937500000003,0.004013942796965077,(-0.04446559474393119+0.018042149312956647j),903.9619384468039
2148,3.96479375,0.004455525767243308,(0.005286038420766359-0.01073898945143186j),904.3829733505984
2149,3.9648937500000003,0.0058451789843763985,(-0.040070188563403365+0.027455222339569624j),904.8040082543929
2150,3.96499375,0.00686172005971561,(-0.043170346376451174-0.07136762741685125j),905.2250431581874
2151,3.9650937500000003,0.006952302679166055,(-0.014205192327884225-0.01085329872765109j),905.6460780619818
2152,3.96519375,0.006507040860221134,(-0.03164172692549887+0.06544396221326079j),906.0671129657763
2153,3.9652937500000003,0.0063745198251544365,(-0.061560831926093136+0.019994261498948163j),906.4881478695709
2154,3.96539375,0.006788500934454449,(-0.0022360719756065045-0.01411182580099185j),906.9091827733654
2155,3.9654937500000003,0.007098616755244204,(-0.021945016367394106+0.013740271195887561j),907.3302176771599
2156,3.96559375,0.007308416115450274,(-0.04129105508684079+0.034589682082234445j),907.7512525809544
2157,3.9656937500000002,0.007244441065742728,(-0.051149969170695406+0.018439883693486925j),908.172287484749
2158,3.9657937500000005,0.008001558478898023,(-0.046550858928719865-0.05821826243213577j),908.5933223885435
2159,3.96589375,0.008796668285402211,(0.09478862135575686-0.03293118283394672j),909.0143572923379
2160,3.9659937500000004,0.007966575643889987,(-0.06407375457390388+0.06386194737176662j),909.4353921961324
2161,3.96609375,0.005903150459370021,(-0.10478539426376147+0.0288047177098106j),909.8564270999269
2162,3.9661937500000004,0.0055161716091948745,(0.07454585839128844-0.05547423281948634j),910.2774620037214
2163,3.96629375,0.0065381021908500845,(0.07856644662612393+0.12283647058510447j),910.698496907516
2164,3.9663937500000004,0.007448705612016422,(-0.024242966833629837+0.03409907780911175j),911.1195318113105
2165,3.96649375,0.007192162102560108,(-0.03748763479722772+0.10562774207067513j),911.540566715105
2166,3.9665937500000004,0.006459791439465821,(0.01765958740220064-0.07758442204692266j),911.9616016188995
2167,3.96669375,0.007584263209830913,(0.07514199721503607-0.024756518501151646j),912.3826365226939
2168,3.9667937500000003,0.00843787215814733,(-0.07230571281373842-0.09706890512683125j),912.8036714264884
2169,3.96689375,0.008111172113834799,(0.02680555127888251+0.03556762691935073j),913.224706330283
2170,3.9669937500000003,0.007483131554229464,(-0.13612644136230284-0.0919066384622368j),913.6457412340775
2171,3.96709375,0.00786002562090114,(-0.171044019465255+0.04707687320145765j),914.066776137872
2172,3.9671937500000003,0.008149514346448195,(-0.04709441449278817+0.05649133557193518j),914.4878110416665
2173,3.96729375,0.008301702737138586,(-0.05459099371833952+0.06195567725760788j),914.908845945461
2174,3.9673937500000003,0.0074828736739425295,(0.04279192254343131+0.0646805288620838j),915.3298808492555
2175,3.96749375,0.006770152480429036,(0.03808639268607342+0.0313519259173743j),915.75091575305
2176,3.9675937500000003,0.006472151675039111,(-0.002236916443507188+0.035197524073141626j),916.1719506568445
2177,3.96769375,0.007196185391098726,(-0.03611872593621845+0.035455802150243174j),916.592985560639
2178,3.9677937500000002,0.00792435680207152,(-0.032861661420993345+0.11190466309215955j),917.0140204644335
2179,3.9678937500000004,0.007171855686027038,(-0.048353667466262636+0.045054256930561094j),917.4350553682281
2180,3.96799375,0.006234982512947119,(-0.06374551811858492+0.0032810926248401373j),917.8560902720226
2181,3.9680937500000004,0.005886884855971411,(0.014505939153410759+0.07642495435728104j),918.2771251758171
2182,3.96819375,0.00673276622261965,(0.01745860536197795+0.024232224060503224j),918.6981600796115
2183,3.9682937500000004,0.006850133762310995,(-0.03344187746363468-0.03477715718754165j),919.119194983406
2184,3.96839375,0.005618627938021519,(-0.05573368365086272+0.019081335572450037j),919.5402298872006
2185,3.9684937500000004,0.005931236707600202,(-0.0502627886221286+0.07976635998533221j),919.9612647909951
2186,3.96859375,0.00630249351459115,(-0.03041818640443742+0.01959860124089602j),920.3822996947896
2187,3.9686937500000004,0.00559891387000563,(0.0452740457561745+0.04969396340622427j),920.8033345985841
2188,3.96879375,0.004841434977327679,(-0.050939344039191675+0.0431493081352029j),921.2243695023786
2189,3.9688937500000003,0.004607900207165467,(-0.02344898162594458-0.051380188331537874j),921.645404406173
2190,3.96899375,0.0055160871410626245,(0.05807599183916734+0.03718837728967618j),922.0664393099676
2191,3.9690937500000003,0.00635314612137307,(-0.055704994748298015+0.10943136124169414j),922.4874742137621
2192,3.96919375,0.005812649575791788,(-0.10351963013199761-0.004593186967827456j),922.9085091175566
2193,3.9692937500000003,0.0052677290425391,(-0.015975353426544464-0.054177438773121665j),923.3295440213511
2194,3.96939375,0.0053599965482841105,(-0.04451371240619033+0.04192217662898471j),923.7505789251456
2195,3.9694937500000003,0.005916500275593316,(0.05197094285854956+0.035315905762260236j),924.1716138289402
2196,3.96959375,0.005485012806534193,(-0.04246296335961563+0.20876069731631264j),924.5926487327347
2197,3.9696937500000002,0.004701604430319415,(-0.09979979844921882-0.0302330860851599j),925.0136836365291
2198,3.9697937500000005,0.004845234161438133,(-0.03454951566862024+0.07298190432517682j),925.4347185403236
2199,3.96989375,0.005218207490252489,(-0.042539718772079675+0.010098704079738055j),925.8557534441181
2200,3.9699937500000004,0.00514886287224666,(0.029413602294234117+0.09087363310381912j),926.2767883479127
2201,3.97009375,0.004424074148363871,(-0.02774476306142545+0.0030999065916235934j),926.6978232517072
2202,3.9701937500000004,0.0033514715040404036,(-0.035852394186129066+0.12217370616328714j),927.1188581555017
2203,3.97029375,0.0029119929401019585,(-0.021714919453952868+0.043797504603034526j),927.5398930592962
2204,3.9703937500000004,0.0027660867320377903,(-0.015022633440676787+0.09072674541069536j),927.9609279630907
2205,3.97049375,0.0027517593023778423,(-0.0018655608759619371-0.05810688853464591j),928.3819628668851
2206,3.9705937500000004,0.002841549508265791,(0.012533937044216504-0.015434165548142885j),928.8029977706797
2207,3.97069375,0.0021816407902339047,(-0.0037851340461155236+0.019670915582131576j),929.2240326744742
2208,3.9707937500000003,0.0024819114701919386,(-0.04020964573918709-0.033918403898779856j),929.6450675782687
2209,3.97089375,0.003257595841450594,(-0.02885482467229107+0.027363148395678216j),930.0661024820632
2210,3.9709937500000003,0.003773763932982456,(-0.06574615017555428+0.04774222893558919j),930.4871373858577
2211,3.97109375,0.0033081025690315903,(-0.04114606595303561+0.002386173605470228j),930.9081722896523
2212,3.9711937500000003,0.0021459474628304194,(-0.006225807782957046+0.053877372043270005j),931.3292071934467
2213,3.97129375,0.0017683672539234208,(0.055495436743801155+0.0066424928964180716j),931.7502420972412
2214,3.9713937500000003,0.003357603167023578,(-0.051037397402993276+0.08566207474020018j),932.1712770010357
2215,3.97149375,0.0036788346673185227,(-0.005293280784884721+0.03051748129564308j),932.5923119048302
2216,3.9715937500000003,0.003337659544827442,(-0.0057742655433854866-0.028593738882807536j),933.0133468086248
2217,3.97169375,0.0032801430303549656,(-0.06918803406430671+0.1201533574695123j),933.4343817124193
2218,3.9717937500000002,0.0038462799162053613,(-0.05819088176030105+0.06488058839810334j),933.8554166162138
2219,3.9718937500000004,0.004345175923929608,(-0.09077240563575771+0.052950037805051045j),934.2764515200083
2220,3.97199375,0.002779213652360234,(-0.1475410632431306+0.15456539876775008j),934.6974864238027
2221,3.9720937500000004,0.0021561264211582528,(-0.26048371374035767+0.09123079142717125j),935.1185213275973
2222,3.97219375,0.0025477012371955734,(-0.04836574179994273-0.015444336537877145j),935.5395562313918
2223,3.9722937500000004,0.0038375606432441227,(-0.15633324554821165+0.2124059574594537j),935.9605911351863
2224,3.97239375,0.005064650914185998,(-0.5351648054862514-0.10514628302105308j),936.3816260389808
2225,3.9724937500000004,0.004526635659688844,(0.08101043496441801-0.4915610805424395j),936.8026609427753
2226,3.97259375,0.004266183786795511,(0.28517597000806066+0.024760501011660947j),937.2236958465699
2227,3.9726937500000004,0.005052311764442171,(0.163615442951488-0.02411160764392254j),937.6447307503643
2228,3.97279375,0.0047803486183520625,(0.03337842075767969+0.6779714372774888j),938.0657656541588
2229,3.9728937500000003,0.004506350127827254,(-0.1650265451437931-0.5164387794757559j),938.4868005579533
2230,3.97299375,0.004010529546478141,(-0.6989652646330913+0.47670277170583286j),938.9078354617478
2231,3.9730937500000003,0.004705993810395003,(0.5866768641631783+0.4265449953007945j),939.3288703655423
2232,3.97319375,0.006271402012952904,(0.49405796102632815+0.12219817812318357j),939.7499052693369
2233,3.9732937500000003,0.006859657558085777,(0.27435906397282783-0.09370464544933008j),940.1709401731314
2234,3.97339375,0.006111498508266954,(0.08196505937029738-0.12181054842133988j),940.5919750769259
2235,3.9734937500000003,0.006392590820644957,(0.12163228167699915-0.06938005602333416j),941.0130099807203
2236,3.97359375,0.007012028075229105,(0.08057591778305405-0.0728386455860945j),941.4340448845148
2237,3.9736937500000002,0.006697108554233206,(0.07075194749687722-0.03440887858060394j),941.8550797883094
2238,3.9737937500000005,0.006299543197254203,(0.012927510314303559-0.019267810020557503j),942.2761146921039
2239,3.9738937500000002,0.006772489430925839,(-0.013788428725140554+0.037412320345523435j),942.6971495958984
2240,3.9739937500000004,0.008212688360595187,(0.006416967042882756-0.05096003980083977j),943.1181844996929
2241,3.97409375,0.00830804366310399,(-0.02300530700673074-0.03126556558977923j),943.5392194034874
2242,3.9741937500000004,0.008053790302587401,(-0.05045132262014804+0.005425514560377591j),943.960254307282
2243,3.97429375,0.007498411609474212,(-0.008431037619385504+0.017669831482281153j),944.3812892110764
2244,3.9743937500000004,0.008001460625297508,(-0.007725172395323492+0.007228586540562151j),944.8023241148709
2245,3.97449375,0.007619602788055235,(-0.020566865483295185-0.02005075801486095j),945.2233590186654
2246,3.9745937500000004,0.007512274787272706,(0.025392125740292613+0.010572706664557712j),945.6443939224599
2247,3.97469375,0.007562163998814881,(-0.07661725156966433-0.00704592606494181j),946.0654288262544
2248,3.9747937500000003,0.006577201257000411,(0.005131635089378882+0.013648277499298344j),946.486463730049
2249,3.97489375,0.0073166186958953695,(0.05964941333354813+0.03264439645885238j),946.9074986338435
2250,3.9749937500000003,0.00727549708027055,(-0.08085001351869109+0.052698595882310455j),947.3285335376379
2251,3.97509375,0.007632355254634521,(-0.07704997959352268-0.06042149824757189j),947.7495684414324
2252,3.9751937500000003,0.007204704037363477,(0.0693682086033321-0.06090804658722622j),948.1706033452269
2253,3.97529375,0.006818044408336271,(0.023297739167200383+0.1493743709696143j),948.5916382490215
2254,3.9753937500000003,0.0073915032253685274,(-0.12389974194009487+0.04006087991208565j),949.012673152816
2255,3.97549375,0.007747029102337036,(-0.15054516860112568-0.018593606835016048j),949.4337080566105
2256,3.9755937500000003,0.008597670337930144,(0.023817719563707512-0.11297977399286988j),949.854742960405
2257,3.97569375,0.008991953087102893,(0.16500030067932692-0.027231782233744832j),950.2757778641995
2258,3.9757937500000002,0.008347244548638316,(-0.05395028253876501+0.06540148254949414j),950.696812767994
2259,3.9758937500000004,0.006979681749600556,(-0.12322927654324134+0.01980645579759966j),951.1178476717885
2260,3.97599375,0.006661037041635733,(-0.15467509854477038+0.007141942756590164j),951.538882575583
2261,3.9760937500000004,0.0064091068926186694,(0.00409783952733617+0.18954966023592917j),951.9599174793775
2262,3.97619375,0.00607256209064324,(0.05747546796964606+0.11458124528708044j),952.380952383172
2263,3.9762937500000004,0.007408176151203507,(0.05523721743773408+0.02470957032348408j),952.8019872869666
2264,3.97639375,0.007628986080122245,(0.041267519514084444-0.04776233131094508j),953.2230221907611
2265,3.9764937500000004,0.007868467454047028,(0.018760685948064505+0.035684711682329145j),953.6440570945555
2266,3.97659375,0.006777308975267841,(-0.029665627750882592+0.008208353389627221j),954.06509199835
2267,3.9766937500000004,0.005693611531440838,(-0.0028344866962356427+0.012892891062854553j),954.4861269021445
2268,3.97679375,0.006053640958997373,(-0.012398871400260698+0.04456044595007162j),954.907161805939
2269,3.9768937500000003,0.005541447955290618,(-0.017071759355102308+0.046836877224252255j),955.3281967097336
2270,3.97699375,0.00527772631351245,(-0.03519332355795983-0.04624709964431387j),955.7492316135281
2271,3.9770937500000003,0.006076616510173111,(-0.011764620250918244-0.022358856496245787j),956.1702665173226
2272,3.97719375,0.006186053744910445,(0.030281018542810643-0.02821134133617713j),956.5913014211171
2273,3.9772937500000003,0.006273712787772828,(-0.04382230756173766+0.027017179658622364j),957.0123363249115
2274,3.97739375,0.005145716633424411,(0.0318370208852849-0.00045943228601131106j),957.433371228706
2275,3.9774937500000003,0.004272175354709861,(-0.030484446347085324-0.022551642552179667j),957.8544061325006
2276,3.97759375,0.004148938894131951,(-0.03796151981479881+0.07619162405122265j),958.2754410362951
2277,3.9776937500000003,0.004224373404180509,(-0.044845421911492996+0.01416704382252711j),958.6964759400896
2278,3.97779375,0.004635806084449341,(0.03400698601411087-0.011369696036391319j),959.1175108438841
2279,3.9778937500000002,0.0049467731589761775,(0.024603912539866383-0.040552880779885704j),959.5385457476787
2280,3.9779937500000004,0.004097280848445153,(0.034668519529475444+0.06522317960069803j),959.9595806514732
2281,3.97809375,0.0035168155638152445,(-0.010354532090770904+0.051194628173805684j),960.3806155552676
2282,3.9781937500000004,0.003933439159081658,(-0.0508406442841801-0.012795491396355815j),960.8016504590621
2283,3.97829375,0.003909735929900824,(0.04604383786910651-0.006970233627570132j),961.2226853628566
2284,3.9783937500000004,0.004448915950395002,(-0.036773222637086024+0.0687998018189656j),961.6437202666511
2285,3.97849375,0.003364808586228082,(-0.02241160144618932+0.06216487136924363j),962.0647551704457
2286,3.9785937500000004,0.003261452708668182,(-0.08191189951456351+0.1103650496974386j),962.4857900742402
2287,3.97869375,0.00403198913286661,(-0.14681040298968223-0.026237677028644116j),962.9068249780347
2288,3.9787937500000004,0.0037523764176976334,(0.06426715729531772-0.0267993000330937j),963.3278598818291
2289,3.97889375,0.0028880705120386194,(-0.04312330888924598-0.15311169765464658j),963.7488947856236
2290,3.9789937500000003,0.0021391103559685984,(-0.0882661623735169+0.1253607416146524j),964.1699296894182
2291,3.97909375,0.0028468266746263238,(-0.04091582263002989+0.02899393744756975j),964.5909645932127
2292,3.9791937500000003,0.002637752579292559,(-0.023312403189082655-0.014385322808916592j),965.0119994970072
2293,3.97929375,0.002757366065381461,(-0.010823677593409433+0.00793368570789086j),965.4330344008017
2294,3.9793937500000003,0.0031409835161563906,(-0.06168386418810325+0.048181984959959075j),965.8540693045962
2295,3.97949375,0.003633485419087874,(-0.03796386430894265+0.03924961106112711j),966.2751042083908
2296,3.9795937500000003,0.004065817946772972,(0.02461946077271987-0.011348070607793775j),966.6961391121852
2297,3.97969375,0.0038431974710902905,(0.0034195180386930174+0.05499668324892673j),967.1171740159797
2298,3.9797937500000002,0.003246030030938712,(-0.05781446162714092-0.006307709899529352j),967.5382089197742
2299,3.9798937500000005,0.0026887808649363894,(-0.03976304089862229-0.04933309480611175j),967.9592438235687
2300,3.97999375,0.0032161990291779863,(-0.04448193787113669+0.02157498762065877j),968.3802787273632
2301,3.9800937500000004,0.0036450309370650805,(-0.021209136436694462+0.08067490789422663j),968.8013136311578
2302,3.98019375,0.0033276878952418864,(-0.04236422104117185-0.05520503933881174j),969.2223485349523
2303,3.9802937500000004,0.0030763637048965486,(-0.03758077883225969+0.0019253957375234068j),969.6433834387468
2304,3.98039375,0.0033934240627242654,(-0.02406384066713943+0.0744549101262201j),970.0644183425412
2305,3.9804937500000004,0.0038030500656884743,(-0.01732107515195503+0.06385570186395424j),970.4854532463357
2306,3.98059375,0.0037051869362882753,(-0.00031471394115365533-0.014800531569568166j),970.9064881501303
2307,3.9806937500000004,0.0036155950637569026,(-0.002324655481461175+0.03048306568904044j),971.3275230539248
2308,3.98079375,0.004456011746607998,(-0.03162939486021605+0.015602287182792274j),971.7485579577193
2309,3.9808937500000003,0.005093940830369615,(-0.06373889999869148-0.04429380145616351j),972.1695928615138
2310,3.98099375,0.004647662754806573,(0.014008535210928034-0.044377360504542135j),972.5906277653083
2311,3.9810937500000003,0.004327196206615223,(0.054575969107927905+0.021325536233014628j),973.0116626691027
2312,3.98119375,0.005314560847814444,(-0.04913824892301788-0.02583975001270966j),973.4326975728973
2313,3.9812937500000003,0.0045618906722765095,(0.007823101764293523-0.029590964504754756j),973.8537324766918
2314,3.98139375,0.005121295527093215,(0.03824856524775279-0.05989710183759485j),974.2747673804863
2315,3.9814937500000003,0.00506158150341303,(0.08235033705522828+0.14364351058565655j),974.6958022842808
2316,3.98159375,0.005121175008988969,(-0.0709021004944903+0.022132198695723276j),975.1168371880754
2317,3.9816937500000003,0.005522499417047655,(-0.10748645312901711+0.007537949545100269j),975.5378720918699
2318,3.98179375,0.005678571716085978,(0.004733152586103795-0.10527334946034567j),975.9589069956644
2319,3.9818937500000002,0.006533261749652115,(-0.10873511763244662+0.07241298233397152j),976.3799418994588
2320,3.9819937500000004,0.007245779311114891,(-0.05260915644927304+0.1444198007815769j),976.8009768032533
2321,3.98209375,0.007246783765097026,(0.004913754039242768+0.09945035014439164j),977.2220117070478
2322,3.9821937500000004,0.006632303847871614,(0.08413597402896952-0.017291210164380115j),977.6430466108424
2323,3.98229375,0.007098148886771918,(0.01420611046482484-0.03613372848292683j),978.0640815146369
2324,3.9823937500000004,0.007230902933601745,(0.04310710940210902+0.0013623467015197593j),978.4851164184314
2325,3.98249375,0.00743613607070008,(-0.06984970269929851+0.05535536377300386j),978.9061513222259
2326,3.9825937500000004,0.007422039246462924,(-0.018462682754209037+0.016973015004888972j),979.3271862260203
2327,3.98269375,0.008097416700976122,(0.02076288325246923-0.056207535627819924j),979.7482211298149
2328,3.9827937500000004,0.007770770463099019,(0.07022017067098604+0.023769863385859236j),980.1692560336094
2329,3.98289375,0.00752122909100123,(0.029654669107282927+0.05904066684655883j),980.5902909374039
2330,3.9829937500000003,0.006585062138546029,(-0.10438023682523612-0.024817667784130006j),981.0113258411984
2331,3.98309375,0.006705350691267675,(-0.056512584063484195-0.014527391411255988j),981.4323607449929
2332,3.9831937500000003,0.0072388636234117145,(0.04344591122752559+0.032855386080464524j),981.8533956487875
2333,3.98329375,0.007837963320640134,(0.0720897125831713+0.018322996738344876j),982.274430552582
2334,3.9833937500000003,0.007463805738737693,(-0.018610586717773797+0.04149984247038918j),982.6954654563764
2335,3.98349375,0.00789051479046563,(0.0478147200616381-0.04636236725482959j),983.1165003601709
2336,3.9835937500000003,0.007487480955441765,(0.02653335018707049-0.053316402271011434j),983.5375352639654
2337,3.98369375,0.007904373771007663,(-0.05825948683059537+0.05325871290311153j),983.95857016776
2338,3.9837937500000002,0.008208005493984238,(-0.030792541360010483-0.01309870386975727j),984.3796050715545
2339,3.9838937500000005,0.00759488524956107,(-0.08747700579301507-0.04276889200087301j),984.800639975349
2340,3.9839937500000002,0.0079354147672227,(0.03075049422985457-0.035287025361339285j),985.2216748791435
2341,3.9840937500000004,0.008182576687953946,(-0.09311571895551575+0.05553965855659891j),985.642709782938
2342,3.98419375,0.008475639531444411,(0.004641724608767259-0.0446737519016277j),986.0637446867324
2343,3.9842937500000004,0.008446873377353182,(-0.016481312678254117-0.06396723050389802j),986.484779590527
2344,3.98439375,0.007551516730083448,(0.08598754350406228+0.05910652187511683j),986.9058144943215
2345,3.9844937500000004,0.007181657828810009,(0.08765503052417473-0.021042217475674793j),987.326849398116
2346,3.98459375,0.0070119033433141496,(0.06286481636171795+0.0885822430305255j),987.7478843019105
2347,3.9846937500000004,0.007103210765032996,(-0.027936323543575024+0.017598022756666484j),988.168919205705
2348,3.98479375,0.0071075256717534506,(-0.0003200393142351113-0.05524747340162409j),988.5899541094996
2349,3.9848937500000003,0.006283473361061233,(0.06809794588507263-0.011624916198098148j),989.010989013294
2350,3.98499375,0.006362765404507911,(-0.05031491096389645+0.08250308694509081j),989.4320239170885
2351,3.9850937500000003,0.007832050443583868,(0.0003774820234944756+0.11655824596621187j),989.853058820883
2352,3.98519375,0.006782090273157632,(0.003722004102707198+0.05247929467564263j),990.2740937246775
2353,3.9852937500000003,0.005384114794036082,(0.025326847044433942-0.0881819532267891j),990.695128628472
2354,3.98539375,0.003838676127241214,(-0.006994548532987109+0.03669298446840768j),991.1161635322666
2355,3.9854937500000003,0.003876322272441193,(-0.0706110282780674-0.026085138685955106j),991.5371984360611
2356,3.98559375,0.005301971996548318,(-0.04845058065660819+0.026751908612499674j),991.9582333398556
2357,3.9856937500000003,0.005449632312427238,(-0.03556315693405718+0.02706098265391857j),992.37926824365
2358,3.98579375,0.0044417529532697776,(-0.053973712244012415+0.10198704427698305j),992.8003031474445
2359,3.9858937500000002,0.004577994847957268,(-0.01926613564974375+0.034036677396979464j),993.2213380512391
2360,3.9859937500000004,0.004858742241984257,(-0.010379528589952239-0.05200320171420227j),993.6423729550336
2361,3.98609375,0.004688041926281138,(-0.05678396894902907-0.058830023426231066j),994.0634078588281
2362,3.9861937500000004,0.0035400021554258835,(-0.027432544176538343+0.02150600129702499j),994.4844427626226
2363,3.98629375,0.003634870913837111,(-0.049578941655244874+0.02921726146461933j),994.9054776664171
2364,3.9863937500000004,0.0040226966810745675,(-0.07711804919431253-0.017030304933252464j),995.3265125702115
2365,3.98649375,0.0040453906386894965,(-0.07616047740877023+0.06427345582760652j),995.7475474740061
2366,3.9865937500000004,0.0028532617595146163,(-0.049071755905381265-0.012449813718768708j),996.1685823778006
2367,3.98669375,0.002556327346913573,(0.028539169769584115-0.03563050298105985j),996.5896172815951
2368,3.9867937500000004,0.00392919370995727,(-0.026435812286057445+0.04973043500242663j),997.0106521853896
2369,3.98689375,0.0055432691182145605,(0.046960882707870646+0.09117403297944479j),997.4316870891842
2370,3.9869937500000003,0.005035539929198987,(-0.026723330473339846-0.018848512923174264j),997.8527219929787
2371,3.98709375,0.0034537656928135493,(-0.03658676983326781-0.008097234581521708j),998.2737568967732
2372,3.9871937500000003,0.002581732416173636,(-0.06420855991152122-0.01981780665516754j),998.6947918005676
2373,3.98729375,0.0031751291126072456,(-0.04256507906750943-0.013227360877493172j),999.1158267043621
2374,3.9873937500000003,0.0041590489184964744,(-0.020918918057533927+0.02822533354009521j),999.5368616081566
2375,3.98749375,0.0032844634154834853,(-0.05021799121180173+0.05664364833820582j),999.9578965119512
2376,3.9875937500000003,0.0026847134850697847,(-0.0022115076340370673+0.01689718166977532j),1000.3789314157457
2377,3.98769375,0.002467559984615991,(-0.05072305036348401-0.09139549407964234j),1000.7999663195402
2378,3.9877937500000002,0.0037372168442462283,(0.04580359167391547-0.020785126972504196j),1001.2210012233347
2379,3.98789375,0.0033407490846927546,(-0.019940205356382246+0.04018977258067665j),1001.6420361271292
2380,3.9879937500000002,0.0028385255112651255,(0.001118699709217269+0.0026242981657686737j),1002.0630710309237
2381,3.9880937500000004,0.0018931868246950753,(-0.048697393386787705-0.07623720837623335j),1002.4841059347182
2382,3.98819375,0.0026892401267233613,(0.007753754970744986-0.0006390736186700635j),1002.9051408385127
2383,3.9882937500000004,0.003396785061472987,(-0.07854441846538308+0.061559827886186115j),1003.3261757423072
2384,3.98839375,0.004581095215006792,(-0.06270551051398573+0.043866993538467694j),1003.7472106461017
2385,3.9884937500000004,0.0047436985106191825,(-0.014045904897858737-0.09217359007248375j),1004.1682455498963
2386,3.98859375,0.0045396046828384395,(-0.005684923472999731+0.053507466237585864j),1004.5892804536908
2387,3.9886937500000004,0.0031630860787367375,(-0.02858284168671965+0.0013166648411181087j),1005.0103153574852
2388,3.98879375,0.0027119288233791064,(0.02070848903960281-0.041428848818494776j),1005.4313502612797
2389,3.9888937500000003,0.0028060902038513852,(-0.017771824144126376+0.04924689303965202j),1005.8523851650742
2390,3.98899375,0.0034863580974126224,(0.04046533873265605+0.02738560564852113j),1006.2734200688687
2391,3.9890937500000003,0.0051004950998465625,(-0.08119021828365186-0.004425848220124762j),1006.6944549726633
2392,3.98919375,0.005513602558366398,(-0.04476750496656168-0.03669405882159422j),1007.1154898764578
2393,3.9892937500000003,0.004979784801598096,(0.10226505950662215-0.00577573064522249j),1007.5365247802523
2394,3.98939375,0.003651425369986063,(-0.044444868203291785+0.0836111305540761j),1007.9575596840468
2395,3.9894937500000003,0.0033372300791043694,(-0.12828977603881045+0.03638130967832827j),1008.3785945878412
2396,3.98959375,0.0040088818563806475,(0.039645955594703734+0.025429980408661023j),1008.7996294916358
2397,3.9896937500000003,0.0048588369636392015,(-0.06942473115575057+0.06352038157709024j),1009.2206643954303
2398,3.98979375,0.005427588289435418,(-0.01403821105010112+0.023287491653776277j),1009.6416992992248
2399,3.9898937500000002,0.006322644092543451,(0.03300150046380944+0.07124076344414607j),1010.0627342030193
2400,3.9899937500000004,0.0069480923530432235,(-0.005512027659671556-0.007054359627050713j),1010.4837691068138
2401,3.99009375,0.0069661577060820675,(-0.011536273521268257+0.07217200545741907j),1010.9048040106084
2402,3.9901937500000004,0.006191152606569469,(0.016356542773598826+0.004339772096093271j),1011.3258389144029
2403,3.99029375,0.00619577286852575,(-0.04908773800467231+0.045760931065818286j),1011.7468738181973
2404,3.9903937500000004,0.006993274928224502,(-0.052334847272843404+0.07019594472036707j),1012.1679087219918
2405,3.99049375,0.0071394383444898695,(-0.026927298150737796+0.027696187395185222j),1012.5889436257863
2406,3.9905937500000004,0.007247390466181641,(-0.024772189110293316-0.02110744777807379j),1013.0099785295808
2407,3.99069375,0.006559108725221865,(0.04667046521939061+0.03485126085805633j),1013.4310134333754
2408,3.9907937500000004,0.00620921251730854,(-0.07950284672676233+0.028729449284647324j),1013.8520483371699
2409,3.99089375,0.006220794271111447,(-0.11569089526026477-0.04592162047769176j),1014.2730832409644
2410,3.9909937500000003,0.007298857543493148,(-0.054832228449836276+0.06973830415453389j),1014.6941181447588
2411,3.99109375,0.007594621206103001,(0.005431986316107279+0.11794593417173314j),1015.1151530485533
2412,3.9911937500000003,0.007565677305321826,(0.06382916768296851+0.09014668027399211j),1015.5361879523479
2413,3.99129375,0.009479836527931452,(0.09330474193305902-0.03244043626175189j),1015.9572228561424
2414,3.9913937500000003,0.008488334779940182,(0.022633974174637306-0.002738063627087511j),1016.3782577599369
2415,3.99149375,0.008653902111659496,(0.0012847130814011487-0.10803884686855243j),1016.7992926637314
2416,3.9915937500000003,0.007293685234552611,(0.07157219953452379+0.003900102391603495j),1017.2203275675259
2417,3.99169375,0.0062622878443961295,(-0.05710566155293648-0.039938458561949594j),1017.6413624713205
2418,3.9917937500000003,0.007509486197901047,(-0.016578543491036726-0.003504227905327069j),1018.0623973751149
2419,3.99189375,0.008216635801398026,(0.032000358311763996+0.044944699370229796j),1018.4834322789094
2420,3.9919937500000002,0.008375117368429223,(0.026553960667144577+0.02350674809495734j),1018.9044671827039
2421,3.9920937500000004,0.006838662535396131,(0.06566466369710516+0.058557484061341925j),1019.3255020864984
2422,3.99219375,0.005300051958669614,(-0.018652187001920367+0.04835364578266145j),1019.746536990293
2423,3.9922937500000004,0.0067269764346878595,(-0.045681924953243934+0.004204545150071758j),1020.1675718940875
2424,3.99239375,0.007339708386331851,(0.09311448751429485+0.001228085164355644j),1020.588606797882
2425,3.9924937500000004,0.00859155543134925,(0.00234686416739055+0.03493268012667968j),1021.0096417016764
2426,3.99259375,0.008991430984955426,(-0.06980003861468198-0.013091591113074764j),1021.4306766054709
2427,3.9926937500000004,0.008358436985978638,(0.029621623602517085-0.040985312171296265j),1021.8517115092654
2428,3.99279375,0.008226241159625104,(0.0179792648029975+0.041613146141849924j),1022.27274641306
2429,3.9928937500000004,0.006536869645866535,(-0.053083564748539376+0.10775514073397527j),1022.6937813168545
2430,3.99299375,0.00608131512977468,(-0.006447847214806346+0.028862165127607177j),1023.114816220649
2431,3.9930937500000003,0.006452683333226004,(-0.04206263407712467-0.03508383911731425j),1023.5358511244435
2432,3.99319375,0.006198033259098379,(0.05336927509739412-0.046279789915739576j),1023.956886028238
2433,3.9932937500000003,0.006462126644925449,(0.08394628601518053+0.0779515008001517j),1024.3779209320326
2434,3.99339375,0.005771820852480466,(-0.0183988637739963+0.0039737992755489275j),1024.798955835827
2435,3.9934937500000003,0.005589381263712902,(0.03227885162325172-0.009610397881317831j),1025.2199907396216
2436,3.99359375,0.005429795384845522,(0.01679376172635192+0.06366917810105266j),1025.641025643416
2437,3.9936937500000003,0.004871984847160399,(-0.0016973477678812812+0.023227954393873054j),1026.0620605472104
2438,3.99379375,0.005206561776869983,(0.02087899291591719+0.048700594116012824j),1026.483095451005
2439,3.9938937500000002,0.004236422283056901,(0.03064165517545487-0.06380354923784723j),1026.9041303547995
2440,3.9939937500000005,0.004747295875513415,(-0.13790423100927274+0.20692051907632641j),1027.325165258594
2441,3.99409375,0.004540429378092399,(0.07894004921835826+0.22323476357705946j),1027.7462001623885
2442,3.9941937500000004,0.005643419929495556,(0.07996069550403465-0.04573622976195887j),1028.1672350661831
2443,3.99429375,0.00604468107040356,(-0.0054889866725933364-0.0019450931008672644j),1028.5882699699775
2444,3.9943937500000004,0.004451854286249311,(0.01766925712434119-0.098656916777378j),1029.009304873772
2445,3.99449375,0.004422567831453962,(-0.11027785716056576+0.006192509058365037j),1029.4303397775666
2446,3.9945937500000004,0.004690315171639121,(-0.009355601610265732+0.13460255786812864j),1029.851374681361
2447,3.99469375,0.005160783869281579,(-0.0834050348772791+0.11478104987552475j),1030.2724095851556
2448,3.9947937500000004,0.004308553051893473,(-0.01286659386735809-0.0069646776586434565j),1030.69344448895
2449,3.99489375,0.00284280639537767,(0.09363923656702164+0.07766437143239384j),1031.1144793927447
2450,3.9949937500000003,0.00218338709341818,(-0.03486225795228626+0.10052204777016246j),1031.535514296539
2451,3.99509375,0.00321436079758951,(-0.05153997268736788+0.02421394852500723j),1031.9565492003337
2452,3.9951937500000003,0.003488631020788647,(-0.02799825133462769-0.03514813174760935j),1032.3775841041281
2453,3.99529375,0.004386717673996461,(-0.01883531045280659-0.028248361702203358j),1032.7986190079225
2454,3.9953937500000003,0.0044349966276164225,(-0.018967822415237583+0.07227823025122546j),1033.2196539117172
2455,3.99549375,0.004626524555022374,(-0.05639255328052083+0.09799949206854719j),1033.6406888155116
2456,3.9955937500000003,0.0027650501703822706,(-0.057810702517416754-0.0030575026064332753j),1034.0617237193062
2457,3.99569375,0.0016920568371365317,(-0.00807921657465549+0.043663406677842104j),1034.4827586231006
2458,3.9957937500000003,0.0020102266649235016,(-0.02290561452067156-0.05603480477820773j),1034.9037935268952
2459,3.99589375,0.0035392921242699492,(0.008667310434428262-0.0010058217895249078j),1035.3248284306896
2460,3.9959937500000002,0.004539554109863367,(0.029397663303783763+0.06640981308746219j),1035.745863334484
2461,3.9960937500000004,0.0029770629565373688,(-0.052738400961319196+0.062320708953995906j),1036.1668982382787
2462,3.99619375,0.002849843724774245,(-0.03337950298423592+0.030631475063895467j),1036.587933142073
2463,3.9962937500000004,0.003085080676877478,(-0.01660140335189355+0.0001997733109670788j),1037.0089680458677
2464,3.99639375,0.003080343010067895,(0.060259184012989735+0.009869407981482857j),1037.4300029496621
2465,3.9964937500000004,0.003481887710223528,(0.0035484893162391618+0.059639305875986606j),1037.8510378534568
2466,3.99659375,0.0036246981992631364,(-0.08988195888027359+0.04102414527634296j),1038.2720727572512
2467,3.9966937500000004,0.00425315192590211,(0.002674932901370601-0.036750496867445366j),1038.6931076610456
2468,3.99679375,0.004316570681297336,(0.022559869424084472+0.042821122815391036j),1039.1141425648402
2469,3.9968937500000004,0.004234025100146228,(-0.010613388784747851-0.020091963010834137j),1039.5351774686346
2470,3.99699375,0.003974374683148339,(-0.01673352650022295+0.00696075903454009j),1039.9562123724293
2471,3.9970937500000003,0.004021529572862765,(-0.05488958921701762-0.01605300032851468j),1040.3772472762237
2472,3.99719375,0.004093828137756525,(-0.007776395297796987+0.0025324041877514865j),1040.7982821800183
2473,3.9972937500000003,0.0035521823971432324,(-0.10048364017933532-0.013724885398037068j),1041.2193170838127
2474,3.99739375,0.004561247242563924,(-0.015202359679266968+0.013946975723907601j),1041.6403519876073
2475,3.9974937500000003,0.004207886640510853,(0.050962077320271366+0.07310959001256946j),1042.0613868914018
2476,3.99759375,0.0036548534967380986,(-0.004266642050988936+0.06644256415198521j),1042.4824217951962
2477,3.9976937500000003,0.0035824839368794044,(-0.022108801407500357+0.03138418298257423j),1042.9034566989908
2478,3.99779375,0.00449996702032843,(-0.07211678643119118+0.039974082651958655j),1043.3244916027852
2479,3.9978937500000002,0.005879260053468601,(-0.019176252533350903+0.03123429788184686j),1043.7455265065798
2480,3.9979937500000005,0.005970358982593503,(0.019731387032594024+0.08912797924065444j),1044.1665614103742
2481,3.9980937500000002,0.006199069102991559,(0.015367242975848495-0.025753800936349006j),1044.5875963141689
2482,3.9981937500000004,0.005638612904215167,(-0.025611419666192986+0.007920089387632754j),1045.0086312179633
2483,3.99829375,0.00568955841915801,(0.025072516038553226+0.05915595663811944j),1045.4296661217577
2484,3.9983937500000004,0.005931101306039445,(-0.04294945485479044+0.057777889952213474j),1045.8507010255523
2485,3.99849375,0.00558679599123922,(-0.013135509737366609+0.034554060057329736j),1046.2717359293467
2486,3.9985937500000004,0.0066270171950020195,(-0.024592053594166087+0.14399426622769598j),1046.6927708331414
2487,3.99869375,0.007902589126403153,(-0.07579071419084973+0.03800095415777528j),1047.1138057369358
2488,3.9987937500000004,0.0071660215250066665,(-0.04014781207630838+0.005284168465743186j),1047.5348406407304
2489,3.99889375,0.006720716409808349,(-0.04057865071725881+0.10840773084375967j),1047.9558755445248
2490,3.9989937500000003,0.006562068578538676,(-0.0986828125658484-0.011648718429441424j),1048.3769104483192
2491,3.99909375,0.007269032358657011,(-0.027539965598892116+0.02935111648769168j),1048.7979453521139
2492,3.9991937500000003,0.007263071870517028,(-0.05721306495455143+0.04147837829700579j),1049.2189802559083
2493,3.99929375,0.006967540226763987,(0.02494632222053512-0.03324419698403471j),1049.640015159703
2494,3.9993937500000003,0.0075806316088229036,(-0.025715738504537546+0.05097362852442802j),1050.0610500634973
2495,3.99949375,0.007551856133556768,(-0.017448396820430544+0.06358716993529856j),1050.482084967292
2496,3.9995937500000003,0.006760460736994435,(0.011316742465523152+0.14216013405128308j),1050.9031198710863
2497,3.99969375,0.007290294223091396,(-0.1594018437199013+0.04495829985945093j),1051.324154774881
2498,3.9997937500000003,0.007724373322097524,(0.007411945509523295+0.03454580320029037j),1051.7451896786754
2499,3.99989375,0.007418406709079,(-0.022379532056238608+0.03768230674152505j),1052.1662245824698
2500,3.9999937500000002,0.00744529651069894,(0.01952594992885326+0.1387368066207837j),1052.5872594862644
2501,4.00009375,0.008046727491562978,(0.03228706332833064+0.05430831550497642j),1053.0082943900588
2502,4.00019375,0.008444434709059102,(0.012636832132194326+0.18324661090534294j),1053.4293292938535
2503,4.00029375,0.00695373475078488,(-0.07423608103792366+0.19176698955169882j),1053.8503641976479
2504,4.00039375,0.006987646181831072,(-0.11175130324098075+0.11053847219466201j),1054.2713991014425
2505,4.00049375,0.0068004035808473355,(0.14184087500994866+0.09925861355590579j),1054.692434005237
2506,4.00059375,0.007529709249168065,(-0.07594964080881722+0.46319217785149697j),1055.1134689090313
2507,4.00069375,0.006777120223651175,(-0.3044122986436174-0.01202029113397231j),1055.534503812826
2508,4.00079375,0.007145286080473501,(0.042640437692685+0.08374497287515943j),1055.9555387166204
2509,4.00089375,0.00833988939011185,(-0.4235340904270701+0.4677646925070137j),1056.376573620415
2510,4.00099375,0.008274436209209143,(-0.4625030605884492-0.39233510817165373j),1056.7976085242094
2511,4.00109375,0.008225736887503618,(0.24189977857631564-0.17768408619169457j),1057.218643428004
2512,4.00119375,0.007140274420974496,(-0.023341391153139587-0.2885771023710909j),1057.6396783317985
2513,4.00129375,0.00710534055253403,(0.6892090463529279+0.30466716162154694j),1058.0607132355929
2514,4.00139375,0.006795334198351337,(-0.5551877147204282-0.09359347060548723j),1058.4817481393875
2515,4.00149375,0.006774775939697038,(-0.0812372947809729+0.8886965463931055j),1058.902783043182
2516,4.00159375,0.005822367472952345,(0.5654100825728565-0.11604505919669053j),1059.3238179469765
2517,4.00169375,0.005370854063650441,(0.40399144001535253-0.3412609192945993j),1059.744852850771
2518,4.00179375,0.006185585045107427,(0.10099789992917851-0.27257050273815375j),1060.1658877545656
2519,4.00189375,0.00584292471499628,(0.10761348824448896-0.054476363080629454j),1060.58692265836
2520,4.00199375,0.005729183672423859,(-0.11943570410516734-0.19735703747935682j),1061.0079575621546
2521,4.00209375,0.005501652451134629,(0.046131020646153584-0.22927748091050637j),1061.428992465949
2522,4.00219375,0.0045010027353311974,(0.0155894235453811-0.05882336090779296j),1061.8500273697434
2523,4.00229375,0.0055189918147917905,(-0.07681276071587166+0.024542118408685067j),1062.271062273538
2524,4.00239375,0.005668980170197864,(-0.1294490539107549-0.05841432554045856j),1062.6920971773325
2525,4.00249375,0.005216725722183538,(-0.014648576912950139-0.11176926680809662j),1063.113132081127
2526,4.00259375,0.0046234261055604345,(-0.02970478394993952-0.08786980529157166j),1063.5341669849215
2527,4.00269375,0.004592403475928748,(-0.043200539006815517+0.08370362793815805j),1063.9552018887161
2528,4.00279375,0.006145174814723473,(-0.08899897550986245+0.00705488379354418j),1064.3762367925106
2529,4.00289375,0.0053199080623888275,(-0.05724726930209417-0.008892183266188763j),1064.797271696305
2530,4.00299375,0.0044845168591794845,(-0.06015572296983653-0.044825697257955724j),1065.2183066000996
2531,4.00309375,0.0038639287313122247,(0.014510226288200305-0.11030356593152016j),1065.639341503894
2532,4.00319375,0.004598469623405602,(-0.022190835189296133-0.04548755641250646j),1066.0603764076886
2533,4.00329375,0.004261757825919092,(0.0037457328134129463-0.014506621110246677j),1066.481411311483
2534,4.00339375,0.002678635718345367,(0.047266596700021056-0.037487199922904856j),1066.9024462152777
2535,4.00349375,0.002129045280418654,(0.04112357124206303-0.039652890050003706j),1067.323481119072
2536,4.00359375,0.002859721401034431,(-0.06525540303818064+0.03599193329538697j),1067.7445160228665
2537,4.00369375,0.003189884213903281,(-0.10208706707143503-0.05785737133868789j),1068.1655509266611
2538,4.00379375,0.003854713088851876,(0.04627715559199366-0.014660246384223904j),1068.5865858304555
2539,4.00389375,0.0036418934178485407,(0.0011514564640784618-0.01594568333180274j),1069.0076207342502
2540,4.00399375,0.00428923853217726,(-0.0692378762383265-0.028017481143224783j),1069.4286556380446
2541,4.00409375,0.0037603402755408363,(0.0918392679825531-0.01707354774672641j),1069.8496905418392
2542,4.00419375,0.0028348139938170667,(-0.062340477427778526+0.05697484671598939j),1070.2707254456336
2543,4.00429375,0.002475224328251724,(-0.05394344715315083-0.002569467586582141j),1070.691760349428
2544,4.00439375,0.0025146433899525637,(-0.016489224041028573+0.016011951834534077j),1071.1127952532227
2545,4.00449375,0.003574653864456125,(-0.052737797733934486+0.05788603226616369j),1071.533830157017
2546,4.00459375,0.0034427561546940795,(-0.04447595680512566-0.04225134542286988j),1071.9548650608117
2547,4.00469375,0.004009343922428292,(-0.027867988813166565-0.03628285765958758j),1072.375899964606
2548,4.00479375,0.0028900356665437577,(-0.030427162378853387-0.022461541112717538j),1072.7969348684007
2549,4.00489375,0.0030337102882869314,(0.019459155364682332-0.003470900661650997j),1073.2179697721951
2550,4.00499375,0.003583687767735929,(0.09576324589802092-0.009244748509328476j),1073.6390046759898
2551,4.00509375,0.0032535948886470733,(-0.03206858215522347-0.01979122996107789j),1074.0600395797842
2552,4.00519375,0.0033379880287665326,(0.021272436339480782+0.020978308535324102j),1074.4810744835786
2553,4.00529375,0.0028626876083405273,(0.053680223117100925+0.08638258293976342j),1074.9021093873732
2554,4.00539375,0.0033965284173852637,(-0.014640025502133051+0.06256145640180066j),1075.3231442911676
2555,4.00549375,0.004571601699197583,(-0.1240395851232838+0.14382082559929157j),1075.7441791949623
2556,4.00559375,0.004525407841124587,(-0.13550121737570361-0.04732970561647067j),1076.1652140987567
2557,4.00569375,0.004248624721835525,(0.10679683259868115-0.1009233369844311j),1076.5862490025513
2558,4.00579375,0.004196493995523066,(-0.15214850389159779+0.06672007859639939j),1077.0072839063457
2559,4.00589375,0.004240736243471105,(0.10366250109239308-0.052909023236752874j),1077.4283188101401
2560,4.00599375,0.00438999019137486,(-0.1636078901040876-0.0590582504267071j),1077.8493537139348
2561,4.00609375,0.0043855942006189395,(-0.05449629660465299+0.06431143659038233j),1078.2703886177292
2562,4.00619375,0.005398181681296931,(0.03072316627652516+0.07155629825193646j),1078.6914235215238
2563,4.00629375,0.004804838960824946,(0.014466856447629323-0.02092870742846939j),1079.1124584253182
2564,4.00639375,0.005440210780109602,(-0.08119895475450475-0.04934008016773062j),1079.5334933291128
2565,4.00649375,0.0060839565635650095,(-0.05202183543869118+0.038830411434465334j),1079.9545282329073
2566,4.00659375,0.006047994971718498,(0.001332196768518007-0.14103621924122406j),1080.3755631367017
2567,4.00669375,0.00651594861769437,(-0.026065785966737778-0.019702542636585003j),1080.7965980404963
2568,4.00679375,0.006132465147280587,(-0.11366512928484251-0.007862976902586555j),1081.2176329442907
2569,4.00689375,0.006482092303938251,(0.017505784325149716-0.09421681857072496j),1081.6386678480853
2570,4.00699375,0.00650627069195856,(-0.15799795049400445+0.007063102999948216j),1082.0597027518797
2571,4.00709375,0.006507230769856222,(-0.04162659856257456+0.08801831633336417j),1082.4807376556744
2572,4.00719375,0.0076589251773335094,(-0.05504855972708038+0.0033036238080520544j),1082.9017725594688
2573,4.00729375,0.007955130609929263,(0.03522402415148955-0.1280208940999694j),1083.3228074632634
2574,4.00739375,0.008244815113553329,(0.07952245524557404-0.008932769581969527j),1083.7438423670578
2575,4.00749375,0.008109146541614053,(-0.08120678755172038+0.09066436206381653j),1084.1648772708522
2576,4.00759375,0.008358629574929397,(-0.07576324652869437-0.022613213083002716j),1084.5859121746469
2577,4.00769375,0.007625530772367237,(-0.07867035038682577-0.08455314420342253j),1085.0069470784413
2578,4.00779375,0.0062249332638544845,(-0.023106018662066987+0.1428468092173827j),1085.427981982236
2579,4.00789375,0.0062916361881059715,(-0.19016739713638847+0.0075419628422907364j),1085.8490168860303
2580,4.00799375,0.00666098406511203,(-0.04815466025683249-0.0768236918417416j),1086.270051789825
2581,4.00809375,0.0059141436254317465,(-0.08416939720751405-0.05081525577307662j),1086.6910866936194
2582,4.00819375,0.007200129337575254,(-0.0778856477405433-0.0952020377200623j),1087.1121215974138
2583,4.00829375,0.008160379113111328,(0.04395236027510405-0.09645641233970398j),1087.5331565012084
2584,4.00839375,0.009514051791115943,(0.11685784492751186+0.044219879013831884j),1087.9541914050028
2585,4.00849375,0.007660782088239263,(0.11732558203220755+0.00991319206795064j),1088.3752263087974
2586,4.00859375,0.006760775922066328,(-0.007054504051997416+0.16133677765924925j),1088.7962612125918
2587,4.00869375,0.007443540196526684,(-0.1480079756438462-0.21040298668978194j),1089.2172961163865
2588,4.00879375,0.007983920619918924,(0.09098343953691575-0.04087568063807452j),1089.6383310201809
2589,4.00889375,0.008762758080749729,(0.04855940794514671+0.056466397225291565j),1090.0593659239753
2590,4.00899375,0.007720301073471661,(-0.03681958193781325+0.13634337711720773j),1090.48040082777
2591,4.00909375,0.007868266682825075,(-0.052161386792650824-0.12947716524577957j),1090.9014357315643
2592,4.00919375,0.007445803222250185,(-0.06157682745105924+0.010387669607374327j),1091.322470635359
2593,4.00929375,0.005863841979484172,(-0.02619575891337557+0.1270750332326797j),1091.7435055391534
2594,4.00939375,0.005876463942027229,(-0.038989167030306054-0.014206108919053731j),1092.164540442948
2595,4.00949375,0.006204054997822766,(-0.047142422436038056+0.05329264498066963j),1092.5855753467424
2596,4.00959375,0.0069733864832382045,(-0.03534933355434351+0.0537047544949745j),1093.006610250537
2597,4.00969375,0.007938756895834696,(-0.00697871562867735+0.004238584243431428j),1093.4276451543315
2598,4.00979375,0.008166114848484786,(-0.13859644492176923+0.03721969262906945j),1093.8486800581259
2599,4.00989375,0.007538426124481388,(-0.040999929158322033-0.009988430288974656j),1094.2697149619205
2600,4.00999375,0.006276940255259692,(0.0012965330021349267+0.10079246513614358j),1094.690749865715
2601,4.01009375,0.005074924948985597,(0.030101771348957057+0.05102220015831259j),1095.1117847695095
2602,4.01019375,0.005609246004132551,(-0.06874960048912523-0.02033088818610835j),1095.532819673304
2603,4.01029375,0.005985436814514888,(-0.035631732848245945-0.09069922660117928j),1095.9538545770986
2604,4.01039375,0.006283965790325847,(-0.028034088138104266-0.08303662899785308j),1096.374889480893
2605,4.01049375,0.006981340418904188,(0.07724911033255594+0.02057971661561231j),1096.7959243846874
2606,4.01059375,0.005152054518346111,(-0.047404651024117936-0.060928960517181434j),1097.216959288482
2607,4.01069375,0.005133969634433152,(-0.021165991303746953-0.06296097394511325j),1097.6379941922764
2608,4.01079375,0.004598409832130446,(-0.015047537132580531+0.03651354796362398j),1098.059029096071
2609,4.01089375,0.004923845046178174,(0.0020351019439831947+0.003297816688363351j),1098.4800639998655
2610,4.01099375,0.005084180742646273,(0.09804691211513386+0.17593843807995166j),1098.90109890366
2611,4.01109375,0.005656786042146112,(-0.16438492508158647+0.09898740803557432j),1099.3221338074545
2612,4.01119375,0.0044305862505214875,(0.06903403912361566-0.05929618941803803j),1099.743168711249
2613,4.01129375,0.004716685084067617,(0.058256419433518974+0.12059486242944828j),1100.1642036150436
2614,4.01139375,0.0052479080842315045,(-0.11808377258285763-0.02581691487730887j),1100.585238518838
2615,4.01149375,0.005732787051661221,(-0.10656998021712118+0.0050451475371472085j),1101.0062734226326
2616,4.01159375,0.00568132936725347,(-0.0016294923804722194-0.15772321238950077j),1101.427308326427
2617,4.01169375,0.00327847190917414,(-0.07511676377245755-0.015961098610675795j),1101.8483432302216
2618,4.01179375,0.0038458983205430564,(-0.047063855032050975-0.04573314885668285j),1102.269378134016
2619,4.01189375,0.0023538819230571047,(0.09462756538896952+0.13152378965561967j),1102.6904130378107
2620,4.01199375,0.0022293708608215426,(0.027607864005870657-0.09001164253510005j),1103.111447941605
2621,4.01209375,0.0014468928002928062,(-0.05890352630731743+0.00026720211442773575j),1103.5324828453995
2622,4.01219375,0.0016055585519103815,(0.0016767776994639598+0.017996014972223272j),1103.9535177491941
2623,4.01229375,0.003714633314657278,(0.0051061919113589045+0.014114442027048025j),1104.3745526529885
2624,4.01239375,0.003805196260791229,(0.08610251573213473-0.06343860267420226j),1104.7955875567832
2625,4.01249375,0.0029371005314427477,(-0.012888515503586034+0.15184518633158203j),1105.2166224605776
2626,4.01259375,0.002918935608376931,(0.05911630485782697-0.03486490293756377j),1105.6376573643722
2627,4.01269375,0.002724406601152973,(0.040136993592305305+0.04738252422205886j),1106.0586922681666
2628,4.01279375,0.003329474045058864,(-0.15037401561793204+0.06995392843078857j),1106.479727171961
2629,4.01289375,0.003473689884930926,(-0.09377763386048073-0.04519659412926038j),1106.9007620757557
2630,4.01299375,0.003042652668145048,(-0.008446089596134276-0.003679856153516556j),1107.32179697955
2631,4.01309375,0.0030872725373252744,(-0.036164199932002-0.08114682923792962j),1107.7428318833447
2632,4.01319375,0.0028136446806887954,(-0.054352454254511226-0.04720340336376047j),1108.163866787139
2633,4.01329375,0.0026763669404801906,(-0.15381072136806748-0.11945296324005598j),1108.5849016909337
2634,4.01339375,0.0024326833922159595,(0.05817950470358173+0.05518724841783819j),1109.0059365947282
2635,4.01349375,0.0028628130096105537,(-0.042896752989227044-0.038512683007652954j),1109.4269714985226
2636,4.01359375,0.003698364459591095,(0.06609986271884524+0.004942486430465136j),1109.8480064023172
2637,4.01369375,0.005014503364610441,(0.006670513277297625-0.015347094706424355j),1110.2690413061116
2638,4.01379375,0.004833724959038031,(-0.08846688118265919+0.008135000261018217j),1110.6900762099062
2639,4.01389375,0.004401811458945306,(0.1492877544560492-0.0663920867216798j),1111.1111111137006
2640,4.01399375,0.003858495583428563,(0.107164501868323+0.1386805223008123j),1111.5321460174953
2641,4.01409375,0.004212363740630699,(-0.05565394007847362+0.03899410071626642j),1111.9531809212897
2642,4.01419375,0.004490982608668883,(0.15276829875475406+0.10244849540710785j),1112.374215825084
2643,4.01429375,0.003635461021044557,(-0.2254854577812362+0.1880719597731023j),1112.7952507288787
2644,4.01439375,0.0036596821997931218,(-0.14484229621188585-0.038537416373089044j),1113.2162856326731
2645,4.01449375,0.0037004331172901953,(-0.0149830709350495+0.07231239480307593j),1113.6373205364678
2646,4.01459375,0.004114339944633385,(0.03860784162824569-0.005285738055080341j),1114.0583554402622
2647,4.01469375,0.005016619607794836,(0.08665219053867136+0.1734751862090056j),1114.4793903440568
2648,4.01479375,0.005862636272956551,(-0.2338074068452179+0.13352148508652464j),1114.9004252478512
2649,4.01489375,0.0066823037631229465,(-0.1341837521381263-0.21273039058452115j),1115.3214601516459
2650,4.01499375,0.007595690153615703,(-0.20943757372297495-0.0002901252506080365j),1115.7424950554403
2651,4.01509375,0.0073476715172642055,(-0.015472582605472164+0.1959339235740678j),1116.1635299592347
2652,4.01519375,0.007113436044997432,(0.011835252235593403+0.08704424131950964j),1116.5845648630293
2653,4.01529375,0.00677886673386517,(-0.08707862729959343-0.2446252449256781j),1117.0055997668237
2654,4.01539375,0.0070953921961216205,(-0.15174165393048888+0.04091838360901019j),1117.4266346706183
2655,4.01549375,0.008317134376868226,(-0.0413414849214299+0.012916642817767734j),1117.8476695744127
2656,4.01559375,0.008145232762410424,(-0.0019600580037526065-0.054588846184923996j),1118.2687044782074
2657,4.01569375,0.006774470020960917,(0.06763894931808698-0.040091788940783885j),1118.6897393820018
2658,4.01579375,0.006655432170634699,(-0.11192113907717502+0.11904114206437984j),1119.1107742857962
2659,4.01589375,0.007216049342759116,(-0.16453383593663015+0.03142608146229815j),1119.5318091895908
2660,4.01599375,0.007264331911989317,(-0.18621944563940562-0.20210208680739186j),1119.9528440933852
2661,4.01609375,0.006878138862139209,(-0.061537415880288965+0.06426357016476103j),1120.3738789971799
2662,4.01619375,0.006526792693267947,(-0.04296814625550047-0.28228495239602347j),1120.7949139009743
2663,4.01629375,0.007209231158418492,(-0.08613822578356896-0.06621650307699826j),1121.215948804769
2664,4.01639375,0.0076616222562443815,(-0.1260915827229285-0.1336483123596178j),1121.6369837085633
2665,4.01649375,0.008433758314946591,(0.03186203878270383+0.03934709813936634j),1122.0580186123577
2666,4.01659375,0.007116612559886815,(-0.047861025395285396-0.03729051970483384j),1122.4790535161524
2667,4.01669375,0.007650264786098154,(0.03948036007898623-0.10868936966421494j),1122.9000884199468
2668,4.01679375,0.007359088427021749,(0.12987891220441317-0.05160313734553164j),1123.3211233237414
2669,4.01689375,0.007322561625601476,(-0.013496426368109517-0.10031663330573914j),1123.7421582275358
2670,4.01699375,0.007701236717784999,(0.022018684006644546-0.20519445066944014j),1124.1631931313304
2671,4.01709375,0.0066166079021386884,(0.21799940689223768+0.012181246501962305j),1124.5842280351249
2672,4.01719375,0.00706420606920989,(-0.04862091042745282-0.009421885979294994j),1125.0052629389195
2673,4.01729375,0.007193677809238673,(0.22984234791785102-0.07224873731619057j),1125.426297842714
2674,4.01739375,0.007392215597485351,(0.07941144218294435+0.1976789752874651j),1125.8473327465083
2675,4.01749375,0.0077003774286350905,(-0.14914410090225616-0.15002346785746967j),1126.268367650303
2676,4.01759375,0.008048575158027574,(0.13530834819578746+0.22288939273584352j),1126.6894025540973
2677,4.01769375,0.008056150210558034,(-0.22600376083539792+0.050664696023251465j),1127.110437457892
2678,4.01779375,0.008212313947771263,(0.09566244108877993+0.03580635854693937j),1127.5314723616864
2679,4.01789375,0.0070170907904987855,(-0.11157444007237911-0.00840717492315285j),1127.952507265481
2680,4.01799375,0.006699789811527467,(-0.14556604494005687+0.02746811829671781j),1128.3735421692754
2681,4.01809375,0.0057719149715571225,(0.09558018380783326+0.006179225535169218j),1128.7945770730698
2682,4.01819375,0.006656676774315854,(0.0022326378356528342-0.010029691584104806j),1129.2156119768645
2683,4.01829375,0.007684178520740052,(-0.087441348157701-0.10502355222677912j),1129.6366468806589
2684,4.01839375,0.006411122984903731,(0.01698514550954089+0.03725516735903783j),1130.0576817844535
2685,4.01849375,0.005782141761247686,(-0.05751453178247479-0.0036324714694097038j),1130.478716688248
2686,4.01859375,0.0049416885529429844,(-0.04813544834597247-0.01319716558743872j),1130.8997515920425
2687,4.01869375,0.004929463714998081,(-0.010932854951884341-0.045955269524784556j),1131.320786495837
2688,4.01879375,0.00502597094022029,(0.018698642944374566+0.09411791334997152j),1131.7418213996314
2689,4.01889375,0.00437004982445096,(-0.2774500201313168+0.09617788250485587j),1132.162856303426
2690,4.01899375,0.004923478668465445,(-0.1358041747641127-0.152848081739273j),1132.5838912072204
2691,4.01909375,0.0055489032454447435,(0.09446627150889199-0.0010158646686243278j),1133.004926111015
2692,4.01919375,0.005317705735180268,(-0.11769775508277208+0.0462172684778298j),1133.4259610148094
2693,4.01929375,0.004609120663033861,(-0.11088937203652961-0.04215506705693753j),1133.846995918604
2694,4.01939375,0.004018171407188135,(0.07509612411318439+0.04175836457500594j),1134.2680308223985
2695,4.01949375,0.004030353025275069,(0.003450270444316783-0.08930618927377552j),1134.6890657261931
2696,4.01959375,0.004065601144349565,(-0.09803113948280646-0.08231036115276029j),1135.1101006299875
2697,4.01969375,0.0038417011569631225,(-0.09087039045637046-0.024198532489056172j),1135.531135533782
2698,4.01979375,0.0042543730651266225,(-0.0505358538325299-0.08633109930793512j),1135.9521704375766
2699,4.01989375,0.004854256168814564,(-0.018580897618150398-0.05542523779656108j),1136.373205341371
2700,4.01999375,0.004984539972771516,(-0.036658048708351-0.06936428692133237j),1136.7942402451656
2701,4.02009375,0.004635381625369654,(0.07701339858609128+0.023130454428696812j),1137.21527514896
2702,4.02019375,0.003555415555116468,(-0.013828238435308282+0.14415892933272118j),1137.6363100527547
2703,4.02029375,0.002503336320578884,(0.001109192771525179-0.008203580614185042j),1138.057344956549
2704,4.02039375,0.0024578628626478263,(0.11975116297387278-0.048086515863265504j),1138.4783798603435
2705,4.02049375,0.0039387397106094785,(-0.1531036839251282-0.2275339788582703j),1138.899414764138
2706,4.02059375,0.003983471859352836,(0.09392053779305784+0.1683553204082928j),1139.3204496679325
2707,4.02069375,0.003517905279290929,(-0.1516052383579113-0.03503374165899291j),1139.7414845717271
2708,4.02079375,0.0034385044637223255,(0.2235142658035611+0.1701992283004112j),1140.1625194755215
2709,4.02089375,0.0031702843581413293,(-0.025712748638976574+0.24799110668339328j),1140.5835543793162
2710,4.02099375,0.0027749647026366086,(-0.09245632992624596-0.14946714105682046j),1141.0045892831106
2711,4.02109375,0.0033857337605080287,(0.14363913903393177+0.09194791499049977j),1141.425624186905
2712,4.02119375,0.002862220236731323,(-0.26724403510769956+0.014382461186803953j),1141.8466590906996
2713,4.02129375,0.002792189880063643,(0.1728407087153404-0.058618279157904116j),1142.267693994494
2714,4.02139375,0.0029525363813682664,(0.13963629988767534+0.4383813314299148j),1142.6887288982887
2715,4.02149375,0.0038513218843928524,(0.25252835554575537+0.06423142321600263j),1143.109763802083
2716,4.02159375,0.004302555059790727,(-0.044846671662523714+0.3107635839419627j),1143.5307987058777
2717,4.02169375,0.004585669377246586,(-0.21289978782129987+0.30919584828513647j),1143.9518336096721
2718,4.02179375,0.0036594233685528,(0.18982155756747904-0.17583364413817257j),1144.3728685134665
2719,4.02189375,0.003403890668684197,(0.30339427036329214-0.011264983863918795j),1144.7939034172612
2720,4.02199375,0.003550086604099147,(-0.10567486047243288+0.0862820471687532j),1145.2149383210556
2721,4.02209375,0.0036928602511033613,(-0.04845237292750288-0.022179476129523302j),1145.6359732248502
2722,4.02219375,0.003956727089198814,(0.051983805686353766+0.07356723295601751j),1146.0570081286446
2723,4.02229375,0.0034611114712757253,(-0.02871374061293952+0.12047795764906424j),1146.4780430324392
2724,4.02239375,0.004830976689695704,(-0.12197278784574894-0.1276683648177343j),1146.8990779362337
2725,4.02249375,0.0043601368273720395,(-0.00760801157441009+0.009743218070287472j),1147.3201128400283
2726,4.02259375,0.004630956041969968,(-0.0615698098496979+0.23992972062846515j),1147.7411477438227
2727,4.02269375,0.004595346757727686,(-0.13574031505106712+0.06405640423946143j),1148.162182647617
2728,4.02279375,0.004884570693572515,(0.012881594189656726-0.02315751997554346j),1148.5832175514117
2729,4.02289375,0.005799171465279618,(-0.062337927149161726+0.15012672858274817j),1149.0042524552061
2730,4.02299375,0.0048826412345345524,(-0.16728538489864808+0.14535351952394665j),1149.4252873590008
2731,4.02309375,0.005537994791246952,(-0.03501818545633355-0.1147480126229347j),1149.8463222627952
2732,4.02319375,0.005492289047098562,(-0.07455014919599123-0.025167556143594373j),1150.2673571665898
2733,4.02329375,0.005642148578917749,(-0.04572252496196703-0.1580061697235962j),1150.6883920703842
2734,4.02339375,0.0057490228599229405,(0.15467964049161956-0.18913479842142308j),1151.1094269741786
2735,4.02349375,0.0054752209020730285,(-0.15558932389793434+0.2454705205714955j),1151.5304618779733
2736,4.02359375,0.0061613706509715946,(-0.2752059370374574-0.15518692534529374j),1151.9514967817677
2737,4.02369375,0.006130610339859949,(0.06273644334303008-0.03713439133831662j),1152.3725316855623
2738,4.02379375,0.006743569911326324,(-0.039086624393038415-0.08743159673232681j),1152.7935665893567
2739,4.02389375,0.006831881828504765,(0.022944994863282605-0.06274267746762766j),1153.2146014931513
2740,4.02399375,0.0059722619445133065,(0.08644304657684654-0.1517381193565178j),1153.6356363969458
2741,4.02409375,0.006797083418183223,(-0.028556376079102185-0.25601706498717897j),1154.0566713007402
2742,4.02419375,0.007017919840714096,(-0.0396119277505396+0.27322225549182333j),1154.4777062045348
2743,4.02429375,0.008318351590306442,(0.03483471665251209+0.02723907601417687j),1154.8987411083292
2744,4.02439375,0.007499759299367002,(-0.08233760568493803+0.0007703749476977995j),1155.3197760121238
2745,4.02449375,0.007638886835680163,(-0.051390657232110726-0.24725059756594547j),1155.7408109159182
2746,4.02459375,0.007753837558396986,(0.16909494231402714-0.2721283127049236j),1156.1618458197129
2747,4.02469375,0.007261615691873897,(-0.10402390179843826+0.06872048096470533j),1156.5828807235073
2748,4.02479375,0.006313675380516977,(0.05148489835023101-0.03744926598905147j),1157.003915627302
2749,4.02489375,0.00613915925507609,(-0.009668739370325297-0.1309670503661027j),1157.4249505310963
2750,4.02499375,0.00736901672401856,(0.15567641532529441+0.1833094196568742j),1157.8459854348907
2751,4.02509375,0.007921495039230139,(0.16116390303778488+0.03762540390138327j),1158.2670203386854
2752,4.02519375,0.007671494551349232,(0.011817407679470732-0.0732271422325829j),1158.6880552424798
2753,4.02529375,0.007941174199247501,(-0.06741090289427537-0.13858001399698358j),1159.1090901462744
2754,4.02539375,0.008721480021609182,(-0.020366034894148625+0.01207814134364912j),1159.5301250500688
2755,4.02549375,0.0076606086471119285,(-0.2068664347155529-0.08924858552179102j),1159.9511599538635
2756,4.02559375,0.008117768704547732,(0.13258723288763186-0.033742390211591394j),1160.3721948576579
2757,4.02569375,0.007513171779155874,(-0.025032847523060633+0.2337373987088596j),1160.7932297614523
2758,4.02579375,0.007717965507009963,(-0.2115774834762505+0.18897971684275972j),1161.214264665247
2759,4.02589375,0.007574377893248717,(0.17412608154849057-0.1374369987949215j),1161.6352995690413
2760,4.02599375,0.007459644916699979,(0.08877256269937424+0.259755795897084j),1162.056334472836
2761,4.02609375,0.007814868818614153,(-0.2970420467827383-0.10342683236340947j),1162.4773693766303
2762,4.02619375,0.006653099308837175,(0.10590449621572906+0.08046170930855312j),1162.898404280425
2763,4.02629375,0.006502832652445806,(-0.21725018533160692+0.17854903056741034j),1163.3194391842194
2764,4.02639375,0.006897314364966436,(-0.2228090714440098-0.10468356155687801j),1163.7404740880138
2765,4.02649375,0.007322298023183274,(0.0074385479842119274+0.0015193838173843469j),1164.1615089918084
2766,4.02659375,0.00792239761046065,(-0.12954805348596746-0.22470048898603345j),1164.5825438956028
2767,4.02669375,0.006379565109074281,(0.05049692383202148-0.08521619502133695j),1165.0035787993975
2768,4.02679375,0.005657608986371057,(-0.1604873597382891+0.02415846208701028j),1165.4246137031919
2769,4.02689375,0.005913736710429545,(0.11727142546568971-0.10144463458306247j),1165.8456486069865
2770,4.02699375,0.00445290571449864,(-0.1332600577344935+0.18235810250985696j),1166.266683510781
2771,4.02709375,0.005184288615325464,(0.1162115478617095-0.2024940561907141j),1166.6877184145756
2772,4.02719375,0.0044769754975615824,(-0.05932069669691111-0.3691817564868488j),1167.10875331837
2773,4.02729375,0.005315445953679359,(-0.09316985856361432-0.10782563443928692j),1167.5297882221644
2774,4.02739375,0.004705456540536671,(-0.19980821317286335+0.08314460541045476j),1167.950823125959
2775,4.02749375,0.004483743985314826,(-0.21540462607089822-0.21010140758236004j),1168.3718580297534
2776,4.02759375,0.005244961649987826,(0.07199437745557649+0.019228478155230218j),1168.792892933548
2777,4.02769375,0.0046133603960613586,(0.04934317843187129+0.13633141974472796j),1169.2139278373425
2778,4.02779375,0.005615122984471483,(-0.012576991714228346+0.09473715936007418j),1169.634962741137
2779,4.02789375,0.005150972280673271,(-0.048939430091884464+0.12178739694750457j),1170.0559976449315
2780,4.02799375,0.00521535506598916,(0.024406735940820504+0.04569113514965925j),1170.477032548726
2781,4.02809375,0.004545099966347598,(0.05293391760652176+0.025779140602042002j),1170.8980674525205
2782,4.02819375,0.00338455569437833,(-0.10420638991940598-0.09034674695224676j),1171.319102356315
2783,4.02829375,0.004344043261686879,(0.05471799043251818-0.05956590368738737j),1171.7401372601096
2784,4.02839375,0.00458449314584188,(-0.061814952295739294+0.11241346446783908j),1172.161172163904
2785,4.02849375,0.003613654570679344,(0.06877288790824726-0.0006446411001935319j),1172.5822070676986
2786,4.02859375,0.0032518471619224234,(0.04345159134272862+0.10839031458427767j),1173.003241971493
2787,4.02869375,0.0034113544283604106,(-0.22195597732223682-0.16995725310094642j),1173.4242768752874
2788,4.02879375,0.0038533557882972995,(0.06640017968425528-0.08885619915308116j),1173.845311779082
2789,4.02889375,0.003028714410132611,(-0.03863810329216653+0.07457512193465096j),1174.2663466828765
2790,4.02899375,0.0019396429373269082,(-0.01634607264512549-0.35564602234036174j),1174.687381586671
2791,4.02909375,0.0017913833713470956,(0.3095660568350615-0.04492973698408781j),1175.1084164904655
2792,4.02919375,0.0031067468806552723,(0.14235688655996254+0.09149994331592617j),1175.5294513942601
2793,4.02929375,0.0032444809320487035,(-0.004536377177287779-0.08755792211356446j),1175.9504862980546
2794,4.02939375,0.0036462686725446374,(0.3416310616473963-0.04302681962381266j),1176.3715212018492
2795,4.02949375,0.003301387108364576,(0.2803922114227988+0.4314226062953621j),1176.7925561056436
2796,4.02959375,0.0031122349715167327,(-0.08047127647604627+0.2638082659359381j),1177.213591009438
2797,4.02969375,0.0027487776213373687,(-0.08675422198419333+0.2743405381574956j),1177.6346259132326
2798,4.02979375,0.002559327023325564,(-0.4415645724217884-0.1353169989407515j),1178.055660817027
2799,4.02989375,0.0023792341365638865,(0.23194519978973077+0.015829596650590486j),1178.4766957208217
2800,4.02999375,0.0034083789671615905,(0.29701521339814435-0.35908780737602203j),1178.897730624616
2801,4.03009375,0.0044772263817810685,(-0.48908356549086157+0.052959537625175204j),1179.3187655284107
2802,4.03019375,0.004841413080461229,(-0.4510989698307458+0.015539488090503022j),1179.7398004322051
2803,4.03029375,0.00431119988058292,(-0.21326166019292078+0.4300003070396712j),1180.1608353359995
2804,4.03039375,0.004096533776968151,(-0.13104357221442903+0.21713192155540864j),1180.5818702397942
2805,4.03049375,0.00442573519476976,(0.1645414447478626+0.30239861508068744j),1181.0029051435886
2806,4.03059375,0.003524932677419002,(0.05940120041529808+0.0029390398971430344j),1181.4239400473832
2807,4.03069375,0.003929341666327786,(0.1958996450198457-0.016004484032921318j),1181.8449749511776
2808,4.03079375,0.004343532197543892,(-0.027798676953323817-0.06251759389766576j),1182.2660098549723
2809,4.03089375,0.003686730368915782,(0.22536077472005994+0.11770192090496247j),1182.6870447587667
2810,4.03099375,0.004341477824387685,(0.001447210139780223+0.16205603884493666j),1183.108079662561
2811,4.03109375,0.004686790307323668,(-0.05996885799611288+0.12247228199156346j),1183.5291145663557
2812,4.03119375,0.004738699970694008,(-0.07461321135890088-0.024847237465701673j),1183.95014947015
2813,4.03129375,0.004015399406672093,(0.07371312427694973-0.03762258950302118j),1184.3711843739447
2814,4.03139375,0.004373635637647622,(0.029690438648278524-0.013519460893120672j),1184.7922192777392
2815,4.03149375,0.005365350153320719,(0.08017556899498221-0.19367250085333837j),1185.2132541815338
2816,4.03159375,0.006498627737624962,(0.1578186622571925+0.18257175619161403j),1185.6342890853282
2817,4.03169375,0.0064709631155009896,(-0.09358432065103466-0.02125097173834199j),1186.0553239891226
2818,4.03179375,0.006340820144427781,(0.14835446672080926-0.145700645287919j),1186.4763588929172
2819,4.03189375,0.006787375083248512,(0.1360001612489972-0.015091976019322115j),1186.8973937967116
2820,4.03199375,0.006718043531133434,(-0.06883008676000638+0.2473659889584805j),1187.3184287005063
2821,4.03209375,0.006682543874795376,(-0.11746392947556354-0.02995185597253894j),1187.7394636043007
2822,4.03219375,0.006933023906264291,(-0.09076354158462993-0.01373089902820785j),1188.1604985080953
2823,4.03229375,0.007100084105028729,(0.012672630006364899-0.18385199211720146j),1188.5815334118897
2824,4.03239375,0.006936784155902647,(0.21398623762872712-0.03010573362261361j),1189.0025683156844
2825,4.03249375,0.006258098354738616,(0.023268938502560038-0.017805982205655435j),1189.4236032194788
2826,4.03259375,0.006023685382779266,(0.24612098867295348-0.16657328763024098j),1189.8446381232732
2827,4.03269375,0.00824968826996801,(0.4043081942864529+0.43036789640538486j),1190.2656730270678
2828,4.03279375,0.00845387060541716,(0.026618769239316536+0.47425875449799826j),1190.6867079308622
2829,4.03289375,0.007732845127078419,(0.15686538184794116+0.2220711158557484j),1191.1077428346568
2830,4.03299375,0.008239637592735985,(-0.18910297876937376+0.4571733387156957j),1191.5287777384513
2831,4.03309375,0.00829272143763897,(-0.07678089095835856-0.3142873701006081j),1191.949812642246
2832,4.03319375,0.007743323009407014,(-0.11474356773370627-0.007945692781261074j),1192.3708475460403
2833,4.03329375,0.00696103023078671,(-0.039276374106483686+0.0569693658283468j),1192.7918824498347
2834,4.03339375,0.007276837435975693,(0.11944229495072489+0.2449966116865191j),1193.2129173536293
2835,4.03349375,0.006900100362600457,(0.18994742791878114+0.12169661559923264j),1193.6339522574237
2836,4.03359375,0.006387564000450626,(-0.1342924328296764+0.3462369713469727j),1194.0549871612184
2837,4.03369375,0.005532588837228801,(-0.0789262000165023+0.18139977581605077j),1194.4760220650128
2838,4.03379375,0.006757229359860332,(-0.1172650370392142+0.1180887693953753j),1194.8970569688074
2839,4.03389375,0.007919153323816876,(0.05907222263717468+0.025994838918672866j),1195.3180918726018
2840,4.03399375,0.00815417834907616,(0.01678920404040926+0.1421831219551568j),1195.7391267763962
2841,4.03409375,0.00786696765963416,(-0.1281607019574374+0.1664537767856588j),1196.1601616801909
2842,4.03419375,0.0076125859569786975,(-0.07289132034890723+0.044840355157950346j),1196.5811965839853
2843,4.03429375,0.00805651523372424,(-0.0037231007464728835+0.2665027808915473j),1197.00223148778
2844,4.03439375,0.00866954839333687,(-0.2080857660231804-0.009576232760654758j),1197.4232663915743
2845,4.03449375,0.0076115326447638324,(-0.33798856401127153-0.03580538784428568j),1197.844301295369
2846,4.03459375,0.007040732605210137,(0.13523884638476158-0.06618607023118755j),1198.2653361991634
2847,4.03469375,0.007013304222582106,(0.0983376176498163+0.11483490892982909j),1198.686371102958
2848,4.03479375,0.006885061147973827,(-0.06415340604994843+0.12699842146073997j),1199.1074060067524
2849,4.03489375,0.006801182407453088,(-0.008664384064365808+0.06790562302530068j),1199.5284409105468
2850,4.03499375,0.0059861607352309255,(0.31875934068238965+0.41607523046135597j),1199.9494758143414
2851,4.03509375,0.006643374925842412,(-0.4690723820316887+0.38395881356937595j),1200.3705107181358
2852,4.03519375,0.006019566319864635,(-0.35947103017362225-0.19535719609736227j),1200.7915456219305
2853,4.03529375,0.006379228725543276,(-0.06649596694179896+0.33737240416269243j),1201.212580525725
2854,4.03539375,0.0048442750352271045,(-0.6093868475764157-0.320305543917906j),1201.6336154295195
2855,4.03549375,0.0052036601796003525,(-0.2878801024377895-0.2101342781608736j),1202.054650333314
2856,4.03559375,0.0059196363246869855,(-0.4151108935625367-0.0654077110376386j),1202.4756852371083
2857,4.03569375,0.005717638228614711,(-0.10825020546069264-0.38429478461136335j),1202.896720140903
2858,4.03579375,0.00487193299164267,(0.35265333679301436-0.1203330371754043j),1203.3177550446974
2859,4.03589375,0.004607974562155947,(0.06777075564862917+0.1017275650264452j),1203.738789948492
2860,4.03599375,0.004730998862531334,(-0.12774404387520505+0.0004986316017005638j),1204.1598248522864
2861,4.03609375,0.004527072904998228,(-0.30908055698032866-0.08044964893455278j),1204.580859756081
2862,4.03619375,0.004739964883859796,(0.28294810503251044+0.03314907475188941j),1205.0018946598755
2863,4.03629375,0.0046457317871515065,(-0.03809607373538324-0.1834285755563584j),1205.4229295636699
2864,4.03639375,0.004289211362696235,(0.17446782700945512-0.07318019785341016j),1205.8439644674645
2865,4.03649375,0.004107399175071273,(-0.03521898113015927+0.005451847334166343j),1206.264999371259
2866,4.03659375,0.004965218604810517,(0.14112734142146988+0.053516524006784374j),1206.6860342750535
2867,4.03669375,0.004125855655640833,(-0.05126935343082975+0.13077280351028744j),1207.107069178848
2868,4.03679375,0.0038618352495302572,(0.03716412445376918+0.24007122001761708j),1207.5281040826426
2869,4.03689375,0.003989579428873651,(-0.14724585415855695+0.10439801653194067j),1207.949138986437
2870,4.03699375,0.004369612062620499,(0.22683038207762596-0.1382892192950108j),1208.3701738902316
2871,4.03709375,0.004626170069212255,(0.035073205369761315+0.0415266857922332j),1208.791208794026
2872,4.03719375,0.003644600194099357,(-0.1359967232934162+0.1233250010853436j),1209.2122436978204
2873,4.03729375,0.0026306507892316835,(-0.0637137685884129-0.12671720606606254j),1209.633278601615
2874,4.03739375,0.0032410709273596574,(0.054413709360085626+0.12083871788194074j),1210.0543135054095
2875,4.03749375,0.0027774230176892197,(-0.2947819745578084+0.0022050944020224894j),1210.4753484092041
2876,4.03759375,0.002681744912127614,(0.007474094884795571-0.07821478913338273j),1210.8963833129985
2877,4.03769375,0.001657448569623456,(-0.24185499542956873+0.03574561265899049j),1211.3174182167932
2878,4.03779375,0.0018297859950070089,(0.003159493808245418-0.26719025798692486j),1211.7384531205876
2879,4.03789375,0.003251384148067628,(0.22448117851336757-0.05450200794411593j),1212.159488024382
2880,4.03799375,0.002917972354311182,(0.06043678814561774-0.11394903691077485j),1212.5805229281766
2881,4.03809375,0.003434321244635751,(0.04147469989644543+0.07601684368541389j),1213.001557831971
2882,4.03819375,0.0028173600229025723,(-0.2065243805117318+0.1246328473410318j),1213.4225927357656
2883,4.03829375,0.004070524377600184,(0.05635306338391654+0.22988742517473326j),1213.84362763956
2884,4.03839375,0.0040163007188878845,(-0.22920266632218786+0.03283346135706349j),1214.2646625433547
2885,4.03849375,0.004314455404397845,(0.059253368295323336-0.09674487950344855j),1214.685697447149
2886,4.03859375,0.0038877953454548885,(-0.1985157642118876+0.19619361583876993j),1215.1067323509435
2887,4.03869375,0.003589935720530917,(-0.2839783660886449-0.21512538341289963j),1215.5277672547381
2888,4.03879375,0.003776557063678695,(0.06707058320978149-0.30650817898437444j),1215.9488021585325
2889,4.03889375,0.0037221393381480106,(0.0475785040088843+0.03454727427316816j),1216.3698370623272
2890,4.03899375,0.0031782134147792505,(0.26304784138395637-0.1699152792052164j),1216.7908719661216
2891,4.03909375,0.003215832862714359,(-0.06425286274431252+0.01539795812332364j),1217.2119068699162
2892,4.03919375,0.003942741234741738,(-0.1127261889292748-0.02010889930932809j),1217.6329417737106
2893,4.03929375,0.004418450669348816,(-0.09676791319943301-0.06542348674223458j),1218.0539766775053
2894,4.03939375,0.00352475564025702,(-0.031410979052953134+0.10660156647233263j),1218.4750115812997
2895,4.03949375,0.003429463391813315,(-0.051429795672986-0.06132610912079193j),1218.896046485094
2896,4.03959375,0.00506399786914181,(0.2871705253371867-0.12587663218231815j),1219.3170813888887
2897,4.03969375,0.0058293272253091355,(0.12419849854761822+0.08674215658455525j),1219.7381162926831
2898,4.03979375,0.006484822097256749,(0.03861046398987061+0.01947571895300136j),1220.1591511964778
2899,4.03989375,0.006065922293891918,(-0.01122824669543377+0.03703901282212929j),1220.5801861002722
2900,4.03999375,0.005721138640509196,(-0.044906532296785734+0.004544650673107137j),1221.0012210040668
2901,4.04009375,0.005733392197963771,(0.010230239869284218+0.087342653787363j),1221.4222559078612
2902,4.04019375,0.006125758086826012,(0.013292147423645512-0.01990681161724102j),1221.8432908116556
2903,4.04029375,0.0060006331477914085,(0.01915077055918027+0.1056405783075603j),1222.2643257154502
2904,4.04039375,0.0067915870760805715,(-0.12154676539200321-0.018389968212870887j),1222.6853606192446
2905,4.04049375,0.007371340689450683,(0.07262480626560336-0.06159265739713521j),1223.1063955230393
2906,4.04059375,0.0081352973884913,(-0.1484692895388405-0.02929295345914679j),1223.5274304268337
2907,4.04069375,0.007855072287003476,(-0.05502821604679856-0.05281106741835645j),1223.9484653306283
2908,4.04079375,0.007148774545238918,(-0.244893380397121-0.014933214365707222j),1224.3695002344227
2909,4.04089375,0.006325124611243425,(-0.04403919031406946-0.16291553733427572j),1224.7905351382171
2910,4.04099375,0.007069739538484892,(0.11405901189659078-0.053224839879571786j),1225.2115700420118
2911,4.04109375,0.007290447815986737,(0.22075625692922768+0.004096332461437816j),1225.6326049458062
2912,4.04119375,0.008363905993692468,(0.016377102988454816+0.16342743210688038j),1226.0536398496008
2913,4.04129375,0.008261981264438374,(0.2599943525020316+0.12233247760967733j),1226.4746747533952
2914,4.04139375,0.008563622949029421,(0.005042922438594676+0.14947103843338413j),1226.8957096571899
2915,4.04149375,0.008637637324640356,(-0.07423511899653328+0.1929804242250898j),1227.3167445609843
2916,4.04159375,0.008107850696038895,(0.08677147384339273+0.26884226365779973j),1227.7377794647787
2917,4.04169375,0.007505596785037327,(-0.3253939824336107+0.35662439447622984j),1228.1588143685733
2918,4.04179375,0.00678860601357294,(-0.34759016971231976-0.17526831104980312j),1228.5798492723677
2919,4.04189375,0.006918673435813882,(0.2122488391957585+0.09217080403392523j),1229.0008841761623
2920,4.04199375,0.007917119807236353,(0.13518093671807524-0.03966202918049298j),1229.4219190799568
2921,4.04209375,0.007600222036416613,(-0.06667030620715006-0.013883935180136437j),1229.8429539837514
2922,4.04219375,0.006578230044598525,(-0.4606638142599534-0.13070220355531945j),1230.2639888875458
2923,4.04229375,0.006470382387705697,(-0.062107120737905315+0.3847511330008706j),1230.6850237913404
2924,4.04239375,0.007770388337057234,(0.1801590391396875+0.22908142598430592j),1231.1060586951348
2925,4.04249375,0.007768994352475865,(0.04194515487811348-0.010018826954759738j),1231.5270935989292
2926,4.04259375,0.007399916784982812,(0.1982839416083971-0.2794562865140982j),1231.9481285027239
2927,4.04269375,0.006981493611800551,(0.08559917383267415-0.26674697019288457j),1232.3691634065183
2928,4.04279375,0.009387110478307422,(0.01619865009012094+0.057901179091038375j),1232.790198310313
2929,4.04289375,0.010477718747893952,(0.043259734245414516-0.05436239416881866j),1233.2112332141073
2930,4.04299375,0.007777932175217054,(0.03506518949189666+0.0327640147434449j),1233.632268117902
2931,4.04309375,0.006448436344036073,(-0.14133231433215443+0.17751977120582432j),1234.0533030216964
2932,4.04319375,0.005483982213377733,(-0.2345585578733469-0.31019356744266735j),1234.4743379254908
2933,4.04329375,0.004720620945413889,(0.1439431028296147+0.07560080885025279j),1234.8953728292854
2934,4.04339375,0.005255595893638401,(-0.2731792952655807+0.11167438598938016j),1235.3164077330798
2935,4.04349375,0.005753526068199998,(0.01639752729652707-0.12103195303475318j),1235.7374426368744
2936,4.04359375,0.007323696500640785,(0.09865539793859589+0.007670041594732363j),1236.1584775406689
2937,4.04369375,0.007609231179223965,(-0.20800608891388023+0.05275705014211746j),1236.5795124444635
2938,4.04379375,0.005639878493638824,(0.050060429143936186-0.20396370325718255j),1237.000547348258
2939,4.04389375,0.005073685317690682,(-0.006947369264235018-0.059865756485614624j),1237.4215822520523
2940,4.04399375,0.004044101141707,(0.11864617504734107+0.21334187661168075j),1237.842617155847
2941,4.04409375,0.004985203747418974,(-0.05668601565416785+0.10662996374054276j),1238.2636520596413
2942,4.04419375,0.004508124720955789,(-0.022964790545819805-0.08276350910274596j),1238.684686963436
2943,4.04429375,0.0057439089068409815,(0.03932598133030778-0.011292766782333076j),1239.1057218672304
2944,4.04439375,0.006169311049197999,(0.2845050684905403+0.06410591130372428j),1239.526756771025
2945,4.04449375,0.005182388428082898,(-0.17954647129759693+0.1425704456842909j),1239.9477916748194
2946,4.04459375,0.0037666014145315138,(0.12086044351998064-0.054693478057397785j),1240.368826578614
2947,4.04469375,0.003085392165092329,(0.11947965019102322+0.06994283841753303j),1240.7898614824085
2948,4.04479375,0.003585829760065866,(0.07882667433701812+0.0840401642026804j),1241.2108963862029
2949,4.04489375,0.004039744046740477,(-0.12437678649925718+0.100263282798778j),1241.6319312899975
2950,4.04499375,0.0035150645847719913,(-0.006440288037027175+0.07409554883052728j),1242.052966193792
2951,4.04509375,0.0028645219890344,(0.09309169707670842-0.1261723111272548j),1242.4740010975866
2952,4.04519375,0.0028267052589430425,(-0.21561903689094286-0.052668493821663706j),1242.895036001381
2953,4.04529375,0.0030202508986477018,(-0.05023122022648697-0.2538294885584319j),1243.3160709051756
2954,4.04539375,0.003999289004723425,(-0.12619085956634263+0.1322683720792916j),1243.73710580897
2955,4.04549375,0.003531189443928913,(-0.14433532732256205-0.04265542613457903j),1244.1581407127644
2956,4.04559375,0.004227904471788905,(0.09543913659794652+0.020934301492548477j),1244.579175616559
2957,4.04569375,0.002863970487820905,(-0.03288510031867467+0.025024239286778098j),1245.0002105203534
2958,4.04579375,0.0027530078671077285,(-0.021359951454368337+0.03210640253786096j),1245.421245424148
2959,4.04589375,0.0032328888552553697,(0.0008752061948827626+0.11759158931602762j),1245.8422803279425
2960,4.04599375,0.00314354266887058,(-0.07093155523919062-0.10892529550472466j),1246.2633152317371
2961,4.04609375,0.0036172612210761184,(0.03274427972095495-0.00408893650424795j),1246.6843501355315
2962,4.04619375,0.0029690709715680086,(-0.06399114862181624+0.0234868108914406j),1247.105385039326
2963,4.04629375,0.0026556475523001333,(-0.04646070997580046-0.06507069579660889j),1247.5264199431206
2964,4.04639375,0.003045080495947827,(-0.21947738772240366-0.008170079182707415j),1247.947454846915
2965,4.04649375,0.0032055297052438936,(0.06237579533117098-0.10717928284486393j),1248.3684897507096
2966,4.04659375,0.0036048056391936615,(0.17054764425827879+0.1549413811261895j),1248.789524654504
2967,4.04669375,0.0026514598668383156,(0.1551513671722755+0.08948281582031875j),1249.2105595582987
2968,4.04679375,0.002371320269077465,(0.010040744135759618-0.03892737601787902j),1249.631594462093
2969,4.04689375,0.003158375865792567,(-0.011745458802866246+0.13180001214638754j),1250.0526293658877
2970,4.04699375,0.004145923041153375,(-0.12339171114057665+0.04634662183123617j),1250.473664269682
2971,4.04709375,0.00518769626412736,(-0.003423730959531718+0.013186194518555114j),1250.8946991734765
2972,4.04719375,0.00376256526441236,(-0.16898678225917282-0.03901548911735245j),1251.3157340772711
2973,4.04729375,0.0046271206135859895,(-0.05914356107005715+0.020520899964869763j),1251.7367689810656
2974,4.04739375,0.0038765293065462928,(-0.047730279237690465+0.04742046074172368j),1252.1578038848602
2975,4.04749375,0.004102567809337914,(-0.0009207378018299128-0.11537637596526437j),1252.5788387886546
2976,4.04759375,0.003906861372609341,(-0.04751550367743718+0.045438729103399855j),1252.9998736924492
2977,4.04769375,0.004405311571649254,(-0.018311096481991446-0.14556647078455603j),1253.4209085962436
2978,4.04779375,0.005240924861794898,(0.13552154762966884+0.015503619087202547j),1253.841943500038
2979,4.04789375,0.005944651555344051,(-0.14972942747563994+0.0699982922496506j),1254.2629784038327
2980,4.04799375,0.006068887770030944,(-0.20299205400862771+0.09106251072868911j),1254.684013307627
2981,4.04809375,0.006311490891516573,(-0.006906672357663273+0.261753386174999j),1255.1050482114217
2982,4.04819375,0.006683768652932289,(0.2509800938163568-0.42541730641911346j),1255.5260831152161
2983,4.04829375,0.005557573893664472,(-0.31742919364737676-0.16805071207879152j),1255.9471180190108
2984,4.04839375,0.005904141830787333,(-0.22124162007357645-0.07590488386752482j),1256.3681529228052
2985,4.0484937500000004,0.0064347724871444125,(-0.2686329760917028+0.11018202441387986j),1256.7891878265996
2986,4.04859375,0.007011313682344165,(-0.07979790682436506-0.0754763482437539j),1257.2102227303942
2987,4.04869375,0.007321871369095812,(0.032119840182023636+0.26462430935034925j),1257.6312576341886
2988,4.04879375,0.007794252303181668,(-0.05668133662644657-0.09921763679838486j),1258.0522925379832
2989,4.04889375,0.0072053705198808745,(0.030452260404868772-0.11965280859115207j),1258.4733274417777
2990,4.04899375,0.0075187161964267646,(-0.044400398737785673+0.0016731591663950302j),1258.8943623455723
2991,4.04909375,0.006801373714278047,(-0.0022891933424089572-0.13787393632490938j),1259.3153972493667
2992,4.04919375,0.007370471479538246,(0.20362917377942133-0.13418303643055335j),1259.7364321531613
2993,4.04929375,0.007526472233501833,(-0.04607454456542094+0.032718892289534056j),1260.1574670569557
2994,4.04939375,0.00704930105790094,(0.030708471476197707-0.29523220998119953j),1260.5785019607501
2995,4.04949375,0.006994125240620105,(0.08846080341147389+0.07331679121612097j),1260.9995368645448
2996,4.04959375,0.006536303353828288,(-0.0858379735570903+0.05269443226644943j),1261.4205717683392
2997,4.04969375,0.007684832441758915,(0.015102856856763311-0.09699932882072615j),1261.8416066721338
2998,4.04979375,0.007322714671972992,(-0.07982193643761211+0.019251633920351174j),1262.2626415759282
2999,4.04989375,0.007518205705447003,(0.18790289000150365+0.005027117702582226j),1262.6836764797229
3000,4.04999375,0.006095628874698973,(0.07183381011789289-0.08891908289991031j),1263.1047113835173
3001,4.05009375,0.007306974547918964,(0.06169558041174894+0.07388088524219563j),1263.5257462873117
3002,4.05019375,0.00781473508557273,(0.24319284163985017-0.19278943051994948j),1263.9467811911063
3003,4.050293750000001,0.008375875285901462,(0.0825092149649721-0.01514695405407187j),1264.3678160949007
3004,4.0503937500000005,0.006753963754891043,(0.0026159415895573197-0.11685955338465263j),1264.7888509986954
3005,4.05049375,0.006696155891612915,(0.26663155840933367+0.03366177116789672j),1265.2098859024898
3006,4.05059375,0.007057756835322779,(0.08239302044383222+0.07240575051540905j),1265.6309208062844
3007,4.050693750000001,0.007617589334439685,(0.06292409587253989-0.08057613070114643j),1266.0519557100788
3008,4.05079375,0.007527723886302676,(0.12468486456562747+0.22114693310684683j),1266.4729906138732
3009,4.05089375,0.006772021887919847,(0.1454816922788053-0.01611675828493545j),1266.8940255176678
3010,4.05099375,0.008113626071014115,(-0.04092972245257114+0.30337975893317887j),1267.3150604214622
3011,4.051093750000001,0.007508561829066793,(0.04302320520065825+0.1261411833542687j),1267.7360953252569
3012,4.05119375,0.007118934147138385,(0.14133281908552994-0.2515861927509636j),1268.1571302290513
3013,4.05129375,0.00655522378959776,(-0.14488292629520466-0.08715006545439907j),1268.578165132846
3014,4.05139375,0.006610521793908844,(-0.22618154134243648+0.0634660709914862j),1268.9992000366403
3015,4.051493750000001,0.00660473132903282,(-0.0146364303319228+0.13159107608349377j),1269.4202349404347
3016,4.05159375,0.006795307705095667,(0.13138198547563756+0.02158600779289671j),1269.8412698442294
3017,4.05169375,0.005758428324208925,(0.2549753317287513+0.08267348959918747j),1270.2623047480238
3018,4.051793750000001,0.004843909419789215,(0.0726941168240863+0.11378267944548663j),1270.6833396518184
3019,4.0518937500000005,0.0056425590103469925,(0.011091111529325655-0.05638244624165133j),1271.1043745556128
3020,4.05199375,0.006235438851303585,(-0.15641872873874962+0.22797915036466415j),1271.5254094594075
3021,4.05209375,0.006562960030703454,(-0.073682186128719-0.04306158427967639j),1271.9464443632019
3022,4.052193750000001,0.005058637237063836,(0.032533815072502886+0.06967122136346768j),1272.3674792669965
3023,4.0522937500000005,0.005025234634642811,(-0.11370419151620459+0.11922359575729048j),1272.788514170791
3024,4.05239375,0.005070286664496087,(-0.0226455662106052+0.16853581565998055j),1273.2095490745853
3025,4.05249375,0.005319990543710567,(-0.15457808815323523+0.12004568818366608j),1273.63058397838
3026,4.052593750000001,0.0036236823422050287,(0.1503557402163374-0.12322068757281822j),1274.0516188821744
3027,4.05269375,0.004263795696221281,(0.16937481048313624+0.20927774127607962j),1274.472653785969
3028,4.05279375,0.004346060113522708,(-0.10874195443750893-0.010706528471690024j),1274.8936886897634
3029,4.05289375,0.005987363184079343,(0.11155976995171933+0.05729949441699548j),1275.314723593558
3030,4.052993750000001,0.005313729764184696,(-0.15488017665603532-0.039820409285386146j),1275.7357584973524
3031,4.05309375,0.004446512382778044,(-0.10080216385908783-0.07808559722841749j),1276.1567934011468
3032,4.05319375,0.003300887848243416,(0.2356345841612981-0.11722074769890171j),1276.5778283049415
3033,4.05329375,0.0030993340870898493,(0.05538079612646235-0.10430078664946076j),1276.9988632087359
3034,4.053393750000001,0.0034638223077024504,(-0.09832105527871443+0.13407909954028002j),1277.4198981125305
3035,4.05349375,0.0031869470141811904,(-0.07079973891647201+0.17840793315929956j),1277.840933016325
3036,4.05359375,0.0031943092671336314,(-0.030590820679946354+0.09480545610634186j),1278.2619679201196
3037,4.053693750000001,0.0036892645401836593,(-0.06825450848876197+0.15172042714780065j),1278.683002823914
3038,4.0537937500000005,0.004179174110816759,(-0.1950928794107628+0.22466265529159196j),1279.1040377277084
3039,4.05389375,0.003976360450698739,(-0.21700813802895053-0.0741103832273367j),1279.525072631503
3040,4.05399375,0.0035488601845010633,(-0.22919118159522148-0.05395850324793598j),1279.9461075352974
3041,4.054093750000001,0.002240800923525298,(-0.13003209990659964-0.05576119579949297j),1280.367142439092
3042,4.0541937500000005,0.0025089307073751354,(0.25514605554348657+0.15006212781735861j),1280.7881773428865
3043,4.05429375,0.0027834551675542498,(0.38168663504365696+0.034275418352683565j),1281.209212246681
3044,4.05439375,0.004016202988820095,(-0.150087080129929-0.3269789959518253j),1281.6302471504755
3045,4.054493750000001,0.0037972083682099745,(-0.2741809590285505-0.2698424634470084j),1282.0512820542701
3046,4.05459375,0.004135565607876939,(-0.39281294482999823-0.07379324541750559j),1282.4723169580645
3047,4.05469375,0.0030764871236278434,(-0.05117584220541475-0.12853293622965012j),1282.893351861859
3048,4.05479375,0.0030717938409842455,(0.12821035812187098+0.028299707416965886j),1283.3143867656536
3049,4.054893750000001,0.003044681842424468,(0.008523385110870849+0.0286889273248689j),1283.735421669448
3050,4.05499375,0.00356761942815576,(0.03773265137453552-0.08524464708517686j),1284.1564565732426
3051,4.05509375,0.004347815288249241,(0.038987425592881444+0.17071516133691544j),1284.577491477037
3052,4.05519375,0.004177042054904693,(-0.2669244847280827+0.001121914038989407j),1284.9985263808317
3053,4.055293750000001,0.0045445280648882674,(0.034467697757602986-0.10770036934194824j),1285.419561284626
3054,4.05539375,0.0037287753433512256,(0.0897046180103396+0.033814281334223664j),1285.8405961884205
3055,4.05549375,0.0037464278377338576,(-0.06486066199529344-0.08035957191594571j),1286.261631092215
3056,4.05559375,0.003595352214816126,(0.05281276649025307-0.00644018094655463j),1286.6826659960095
3057,4.0556937500000005,0.0036294104898517087,(0.04226485352040711+0.20727170885727014j),1287.1037008998042
3058,4.05579375,0.0036103819974367115,(-0.1164109174822545-0.0696696712061948j),1287.5247358035986
3059,4.05589375,0.00543211027362171,(0.03531153354160069-0.08916650605375635j),1287.9457707073932
3060,4.055993750000001,0.005397777387615039,(-0.043862681989715026+0.07944118485847217j),1288.3668056111876
3061,4.0560937500000005,0.005699610489419526,(-0.0725351260735274+0.07072919871768751j),1288.787840514982
3062,4.05619375,0.005510943054091295,(0.07600300661323586+0.05892341676268158j),1289.2088754187766
3063,4.05629375,0.004974335938550277,(-0.0406955085041167-0.032211197684826734j),1289.629910322571
3064,4.056393750000001,0.005413498424855654,(-0.018564969239445804-0.11666781160311535j),1290.0509452263657
3065,4.0564937500000005,0.006167225050443027,(0.14299018092171373+0.02087594939373595j),1290.47198013016
3066,4.05659375,0.006697502229780319,(0.21337713538082376+0.12585883215248184j),1290.8930150339547
3067,4.05669375,0.006613235849055213,(0.06316622581561601+0.09406100375196214j),1291.3140499377491
3068,4.056793750000001,0.006832533401106877,(0.029332267508548046+0.19803263104667082j),1291.7350848415438
3069,4.05689375,0.006331367579188207,(-0.01884610642638663+0.06282371201025158j),1292.1561197453382
3070,4.05699375,0.006264718893505739,(-0.07411065026880093-0.0677867254936309j),1292.5771546491326
3071,4.05709375,0.006061153238106426,(-0.2654514075345914+0.11000065699118117j),1292.9981895529272
3072,4.057193750000001,0.006682586209460602,(0.20312386943534588+0.16613475763232038j),1293.4192244567216
3073,4.05729375,0.006656139025591107,(0.32725450837917625+0.07926645390611292j),1293.8402593605163
3074,4.05739375,0.007813498988358064,(0.1532410499702807-0.20107798057943863j),1294.2612942643107
3075,4.05749375,0.007496146183049027,(-0.1899569537022468+0.06865154043263495j),1294.6823291681053
3076,4.0575937500000006,0.007667920832181016,(-0.2937510396341384+0.08340117044198073j),1295.1033640718997
3077,4.05769375,0.006752474612769878,(-0.060345899768821196+0.08497835965155555j),1295.524398975694
3078,4.05779375,0.007205962988840059,(-0.13251277617349014+0.181075499753701j),1295.9454338794887
3079,4.057893750000001,0.0067510375830722525,(0.07506289596376622-0.08887253060840006j),1296.3664687832832
3080,4.0579937500000005,0.006294715842652738,(0.10442572764871356+0.05191796961575895j),1296.7875036870778
3081,4.05809375,0.006490875422564365,(-0.12980263028353928+0.06152353943766868j),1297.2085385908722
3082,4.05819375,0.006816299792345802,(-0.12703939463846817+0.016454721873737393j),1297.6295734946668
3083,4.058293750000001,0.008240838530468732,(-0.07571550820389714+0.037469344364145014j),1298.0506083984612
3084,4.0583937500000005,0.008246089064860601,(-0.050832331496035936+0.04073309725640982j),1298.4716433022556
3085,4.05849375,0.007801716345987591,(-0.09654336267290034-0.14845660382488318j),1298.8926782060503
3086,4.05859375,0.0076662407606922075,(-0.047972108731621846+0.09482624537918188j),1299.3137131098447
3087,4.058693750000001,0.007331954288152887,(-0.0060207372594173435+0.041924328396761204j),1299.7347480136393
3088,4.05879375,0.00732875492628073,(0.050493326726265275+0.02286020868408088j),1300.1557829174337
3089,4.05889375,0.007419493579038795,(0.0790448449707002+0.06456246540720655j),1300.5768178212284
3090,4.05899375,0.007299019973739086,(-0.0663414480430598+0.1974528522905404j),1300.9978527250228
3091,4.059093750000001,0.008702638468584746,(-0.21515555337516354-0.17688777601703615j),1301.4188876288174
3092,4.05919375,0.00762226502496556,(0.14755614601279876+0.04288151099662701j),1301.8399225326118
3093,4.05929375,0.007227587221895068,(-0.11591273240982747+0.0982507420464281j),1302.2609574364062
3094,4.05939375,0.006996819962231827,(0.009903196526822547-0.09860308995436708j),1302.6819923402008
3095,4.059493750000001,0.0071775018567334335,(-0.0034974235605017574+0.05058384977307337j),1303.1030272439953
3096,4.05959375,0.00631081183886015,(-0.17269055153620758-0.15453128630785912j),1303.52406214779
3097,4.05969375,0.006106605459671211,(0.13264976562171044-0.18849232367638954j),1303.9450970515843
3098,4.059793750000001,0.005993290721158487,(0.16765630336272963+0.2837140579910026j),1304.366131955379
3099,4.0598937500000005,0.007711908525323054,(0.009472725322708+0.0556484678497189j),1304.7871668591733
3100,4.05999375,0.006438697140020489,(-0.21875678773945528+0.05018600730447206j),1305.2082017629677
3101,4.06009375,0.005863218709020132,(0.06964262187286674+0.08307615768982093j),1305.6292366667624
3102,4.060193750000001,0.004911514238251126,(-0.11565071991793008+0.09250233650275114j),1306.0502715705568
3103,4.0602937500000005,0.00442662521530741,(-0.1763598398228093+0.33498781320509763j),1306.4713064743514
3104,4.06039375,0.004899789456981227,(-0.061098687713794786+0.1727667678833838j),1306.8923413781458
3105,4.06049375,0.005770080755707741,(0.17154848650653118-0.16937235482214197j),1307.3133762819405
3106,4.060593750000001,0.006009699604028594,(0.18558081847721977-0.1353590716438685j),1307.7344111857349
3107,4.06069375,0.0060651253469331985,(-0.1045498174482056-0.05922672785613871j),1308.1554460895293
3108,4.06079375,0.005686446435600931,(0.06431577846504373-0.1216986010578055j),1308.576480993324
3109,4.06089375,0.004976273029803669,(-0.055084436199795875-0.024617846995103415j),1308.9975158971183
3110,4.060993750000001,0.004268093033473166,(-0.033972987331562426-0.05997434466210405j),1309.418550800913
3111,4.06109375,0.0040159097432141844,(-0.1976776183280238-0.263715215370492j),1309.8395857047074
3112,4.06119375,0.004887546127511774,(0.21087108179136282-0.1135831458142717j),1310.260620608502
3113,4.06129375,0.005047986180317847,(-0.22204179668547158+0.17515100153492488j),1310.6816555122964
3114,4.061393750000001,0.005645287639990599,(-0.043722133927192014-0.023347587239272428j),1311.1026904160908
3115,4.06149375,0.004582101932144733,(0.02925366224854921-0.00293534311932922j),1311.5237253198854
3116,4.06159375,0.0044069731078797076,(-0.06628885381780111-0.10550602716746157j),1311.9447602236799
3117,4.06169375,0.002616871659480182,(-0.016403978601960453+0.00016979065831523865j),1312.3657951274745
3118,4.0617937500000005,0.0031672776402419237,(-0.2642902967314823-0.0032479777165977906j),1312.786830031269
3119,4.06189375,0.0030522471763988787,(0.060969508291425334-0.019943185057319148j),1313.2078649350635
3120,4.06199375,0.0033717655173856323,(-0.11421459336320305+0.19817195977613414j),1313.628899838858
3121,4.062093750000001,0.0020588601909295946,(-0.3544057213849716-0.25722149178329146j),1314.0499347426526
3122,4.0621937500000005,0.0019560173107137356,(0.09003111275050424-0.27420346833628806j),1314.470969646447
3123,4.06229375,0.0030178199641968232,(-0.0364447930007232+0.18747707783996587j),1314.8920045502414
3124,4.06239375,0.003040207293399071,(0.04890524204074733-0.3242802257236598j),1315.313039454036
3125,4.062493750000001,0.003290834079879194,(0.10760329067330035-0.0022817814835950564j),1315.7340743578304
3126,4.0625937500000004,0.0027654755272342605,(-0.07208183533431181-0.14632911727469988j),1316.155109261625
3127,4.06269375,0.0024323873116123516,(0.3566488232256331+0.20375874620180412j),1316.5761441654195
3128,4.06279375,0.002568202920249659,(0.0417001078530424+0.37457800080744474j),1316.997179069214
3129,4.062893750000001,0.0026479336696204037,(0.02159328320195389+0.12012920638564265j),1317.4182139730085
3130,4.06299375,0.0037258137113543558,(-0.3579500235871341+0.036109973525326806j),1317.839248876803
3131,4.06309375,0.004441900818697607,(0.24710399904962943-0.43486253952938114j),1318.2602837805975
3132,4.06319375,0.005426498259960316,(0.07953591616153845+0.5169471314027674j),1318.681318684392
3133,4.063293750000001,0.004353903842119729,(-0.23751813704419833+0.26544510987614645j),1319.1023535881866
3134,4.06339375,0.003503857173701544,(-0.11201042975704681+0.3254937882136647j),1319.523388491981
3135,4.06349375,0.0029002965823085604,(0.009291705785581139-0.05977863285426778j),1319.9444233957756
3136,4.06359375,0.0030240931322312024,(-0.06496028348109-0.20414082170832196j),1320.36545829957
3137,4.0636937500000005,0.004698025249046233,(-0.17500253267227117-0.14971553640040705j),1320.7864932033644
3138,4.06379375,0.004951708666492184,(-0.13897282990909737+0.20478110809499406j),1321.207528107159
3139,4.06389375,0.00610641329394273,(-0.25725380609483867+0.10301273337753322j),1321.6285630109535
3140,4.063993750000001,0.005358018836641724,(0.05648214807445254-0.11500986438607916j),1322.0495979147481
3141,4.0640937500000005,0.004751650140285558,(-0.21788752883081308+0.2360052074941568j),1322.4706328185425
3142,4.06419375,0.00330924628611539,(-0.13182770523755777-0.16565637664952768j),1322.8916677223372
3143,4.06429375,0.00387261419833887,(-0.06384242011722967-0.012140266144833566j),1323.3127026261316
3144,4.064393750000001,0.005251491941508378,(-0.16714982767543068+0.19328001866048894j),1323.7337375299262
3145,4.0644937500000005,0.006136011863161104,(-0.06705213977593671-0.05483302985514668j),1324.1547724337206
3146,4.06459375,0.005151117904261811,(0.15712225564562693+0.050116258425992904j),1324.575807337515
3147,4.06469375,0.004767269295628943,(-0.13715418025447512+0.07755664771073159j),1324.9968422413097
3148,4.064793750000001,0.005192696671308379,(-0.03809356831525845-0.1545640041403154j),1325.417877145104
3149,4.06489375,0.005568122995614137,(0.3008677047219455-0.10504937752704016j),1325.8389120488987
3150,4.06499375,0.006168305961871919,(-0.008676805229337906+0.2103030064253594j),1326.259946952693
3151,4.06509375,0.006342838160230026,(-0.09300500361329331+0.007231809021520971j),1326.6809818564877
3152,4.065193750000001,0.006769971383763343,(0.11964091808516861-0.012042038408601768j),1327.1020167602821
3153,4.06529375,0.006223523554463665,(-0.23405883967986785+0.40865261467079567j),1327.5230516640765
3154,4.06539375,0.005425864235742278,(-0.34003918311608117-0.14098448072627653j),1327.9440865678712
3155,4.06549375,0.005395419058222095,(0.12507720223938124+0.021316086697556573j),1328.3651214716656
3156,4.065593750000001,0.007954408452111903,(-0.16032734057930836+0.003902163150345743j),1328.7861563754602
3157,4.06569375,0.0085030587073936,(0.00463972466694014+0.06252148006208297j),1329.2071912792546
3158,4.06579375,0.008582480591141866,(-0.1595490161923983+0.0008825552459962582j),1329.6282261830493
3159,4.065893750000001,0.008518187463008616,(0.08737463966810227-0.1362094788253741j),1330.0492610868437
3160,4.0659937500000005,0.008125959339373707,(0.02637931934404701+0.1560345032609895j),1330.470295990638
3161,4.06609375,0.008418231560308515,(-0.21366194739917527+0.142401958001301j),1330.8913308944327
3162,4.06619375,0.007529980605954686,(-0.32201364062902904+0.07991446988270957j),1331.3123657982271
3163,4.066293750000001,0.00631406091854008,(-0.17650615885502713-0.42510794252224726j),1331.7334007020218
3164,4.0663937500000005,0.007164324853783191,(-0.04883351287751528+0.32488757651925154j),1332.1544356058162
3165,4.06649375,0.007470489753798184,(-0.21292707547700002+0.01347459216642935j),1332.5754705096108
3166,4.06659375,0.00807812586009341,(-0.08754642447066094-0.12264427739674322j),1332.9965054134052
3167,4.066693750000001,0.006541751639379591,(-0.06564018976901449+0.16172097803881577j),1333.4175403171998
3168,4.06679375,0.005669935726584301,(-0.3284746894052692+0.09158204791791935j),1333.8385752209942
3169,4.06689375,0.006590238212307874,(0.05050493945283209-0.13937137906992314j),1334.2596101247887
3170,4.06699375,0.007245897197956478,(0.1308347971155048+0.07734793298843373j),1334.6806450285833
3171,4.067093750000001,0.007986074908134208,(-0.22024112487189884-0.04371798902679588j),1335.1016799323777
3172,4.06719375,0.0077011941791469436,(-0.10918119153103473-0.31606708334029504j),1335.5227148361723
3173,4.06729375,0.008389259985396452,(-0.0670954323005746-0.2479846722271558j),1335.9437497399667
3174,4.06739375,0.007610640103107834,(-0.018511329302790897-0.1549212857361449j),1336.3647846437614
3175,4.067493750000001,0.007263661040096329,(0.1869778280847109-0.1604095487375718j),1336.7858195475558
3176,4.06759375,0.006760406097164119,(0.05143246970497207-0.02093703757438227j),1337.2068544513502
3177,4.06769375,0.006587506363825675,(0.009654762214930945-0.22875472095516036j),1337.6278893551448
3178,4.067793750000001,0.0076179684799109314,(0.23049034274193933+0.11642286799012727j),1338.0489242589392
3179,4.0678937500000005,0.008652699510202831,(-0.048094333947649184-0.19579316926725496j),1338.4699591627339
3180,4.06799375,0.00748472408578875,(0.22192200571353143+0.08484010171303531j),1338.8909940665283
3181,4.06809375,0.006830690831504729,(-0.011894431831490804+0.07647930568268964j),1339.312028970323
3182,4.068193750000001,0.005889868125287948,(0.22751978667613637-0.2660666661560557j),1339.7330638741173
3183,4.0682937500000005,0.005805338681583983,(0.20760944730165598-0.018244637416949455j),1340.1540987779117
3184,4.06839375,0.00501900637953456,(-0.05716345115658982+0.11732781457776005j),1340.5751336817063
3185,4.06849375,0.005361850407437009,(-0.2325066651589458+0.2797265345412885j),1340.9961685855008
3186,4.068593750000001,0.005602374789386111,(-0.03484348458180066-0.08416052012032346j),1341.4172034892954
3187,4.06869375,0.005198207147364962,(-0.2199482831620518-0.005972406852008338j),1341.8382383930898
3188,4.06879375,0.005877530468087545,(-0.024351431062073714-0.0017383647056600608j),1342.2592732968844
3189,4.06889375,0.005158487391813456,(0.19874126937981054-0.18008757138216502j),1342.6803082006788
3190,4.068993750000001,0.0052327520658743245,(0.14081347887609996-0.022598912292700498j),1343.1013431044735
3191,4.06909375,0.005097205036240947,(0.17385206758716074+0.012085236425531866j),1343.5223780082679
3192,4.06919375,0.00433554870376204,(-0.23396006921009393-0.06901266286911562j),1343.9434129120623
3193,4.06929375,0.0049163012560786345,(-0.10237944356414203+0.12484911260100522j),1344.364447815857
3194,4.069393750000001,0.0037501488279656874,(0.1748402837631144-0.09779154235743148j),1344.7854827196513
3195,4.06949375,0.0030501863746187664,(0.21736004579945223-0.04068963796363697j),1345.206517623446
3196,4.06959375,0.0026337419492251466,(-0.12098460169033157-0.1124382456730948j),1345.6275525272404
3197,4.06969375,0.0032488266421986938,(0.1838893787370297-0.013801852644156565j),1346.048587431035
3198,4.0697937500000005,0.004334551761082999,(-0.15757357659719903+0.17766737260096022j),1346.4696223348294
3199,4.06989375,0.0047422477428167515,(-0.3898771849919069-0.010854010052379022j),1346.8906572386238
3200,4.06999375,0.006095976399517885,(-0.09676807388694011+0.04659323666637702j),1347.3116921424185
3201,4.070093750000001,0.005732011855349588,(-0.06761218976319276+0.09712281215647335j),1347.7327270462129
3202,4.0701937500000005,0.003924885586335242,(-0.2482174220840711-0.0639354989764648j),1348.1537619500075
3203,4.07029375,0.003149693869934094,(0.04117960859852317-0.015443622129500331j),1348.574796853802
3204,4.07039375,0.0023702462230183984,(0.04621188954264918+0.13247352415834746j),1348.9958317575965
3205,4.070493750000001,0.003535080974941037,(-0.11352023071240236-0.13933809817583992j),1349.416866661391
3206,4.0705937500000005,0.003388340560062643,(0.052567769282144586+0.04305696575777763j),1349.8379015651853
3207,4.07069375,0.0029171174705170926,(-0.13526247475345887-0.061168065412621875j),1350.25893646898
3208,4.07079375,0.0023523815788406123,(0.029377340244264777-0.06713799173651967j),1350.6799713727744
3209,4.070893750000001,0.0020326556238657815,(-0.03040406278114592-0.023518028259584926j),1351.101006276569
3210,4.07099375,0.002643408623861715,(-0.11503982443942168-0.14012599630585276j),1351.5220411803634
3211,4.07109375,0.0030505350958763737,(0.09114836495334645+0.007212997355066614j),1351.943076084158
3212,4.07119375,0.0029893312596328517,(0.02890595006950221-0.23111068026532341j),1352.3641109879525
3213,4.071293750000001,0.003097225455274347,(0.005593158745076654-0.15457480187090314j),1352.7851458917469
3214,4.07139375,0.0033567934278891398,(0.13729482510260704+0.18348665820226556j),1353.2061807955415
3215,4.07149375,0.003524096710407092,(0.11168851861270043+0.004881812348031873j),1353.627215699336
3216,4.07159375,0.0036597558169789734,(0.07135373642849158+0.1091535886514434j),1354.0482506031306
3217,4.0716937500000006,0.0033796704608816735,(0.10071982189829187+0.32851925931030596j),1354.469285506925
3218,4.07179375,0.003787930614141592,(-0.03317086398078163+0.024333773294044736j),1354.8903204107196
3219,4.07189375,0.0040107740678116234,(-0.22380492141166164+0.02435439787604901j),1355.311355314514
3220,4.071993750000001,0.003638527246054306,(-0.0658401244271405-0.18918232652064343j),1355.7323902183086
3221,4.0720937500000005,0.0033649356979025555,(-0.033429434057912114+0.06877367963614298j),1356.153425122103
3222,4.07219375,0.0037048785495774716,(0.05600762346463069+0.24718070188369837j),1356.5744600258975
3223,4.07229375,0.004446357157141623,(0.11694268880961585-0.4495393751123814j),1356.995494929692
3224,4.072393750000001,0.004273346938951437,(-0.47150742767611054+0.08613803370174636j),1357.4165298334865
3225,4.0724937500000005,0.0047883004377219035,(-0.3742470141941516+0.14198119520545704j),1357.8375647372811
3226,4.07259375,0.004614989716237214,(0.07966963682087175+0.48229249392551893j),1358.2585996410755
3227,4.07269375,0.005044352352782485,(0.1270010833051455+0.2401720496410831j),1358.6796345448702
3228,4.072793750000001,0.005633349465358103,(0.27221378831821097-0.06777555734959806j),1359.1006694486646
3229,4.07289375,0.005120330645817385,(0.26115621281021595+0.04970673770874151j),1359.521704352459
3230,4.07299375,0.0048442000655085325,(-0.024266712530963814+0.06801768942057251j),1359.9427392562536
3231,4.07309375,0.0050327768849828,(-0.025329600987882547-0.04724584004796134j),1360.363774160048
3232,4.073193750000001,0.005962814700215432,(-0.05643670014730942+0.13218950791673206j),1360.7848090638427
3233,4.07329375,0.006494074560695695,(-0.21737408668113048-0.11440175276006971j),1361.205843967637
3234,4.07339375,0.006073743464161962,(0.10076107371698219-0.14598738543380685j),1361.6268788714317
3235,4.07349375,0.006122700470634924,(0.13474428975431826+0.07619562651810936j),1362.047913775226
3236,4.073593750000001,0.006122426829318532,(0.12298412578490518+0.04227143428240326j),1362.4689486790205
3237,4.07369375,0.00649536960850979,(-0.1949300902240984-0.08494812663732712j),1362.8899835828151
3238,4.07379375,0.006601345414921245,(0.039664139787103744-0.26434219884103005j),1363.3110184866096
3239,4.073893750000001,0.0066579157221455425,(0.028511455577002062+0.12216393884077403j),1363.7320533904042
3240,4.0739937500000005,0.007873550551747906,(-0.27620844187771054-0.06558937743351301j),1364.1530882941986
3241,4.07409375,0.008903859803454987,(0.11331643549586198-0.22758418158933355j),1364.5741231979932
3242,4.07419375,0.009394312053519554,(-0.13176028054447425+0.16386128714234882j),1364.9951581017876
3243,4.074293750000001,0.007954596691733743,(0.06346703204464314-0.38644074541623663j),1365.4161930055823
3244,4.0743937500000005,0.00730732535830722,(0.2065116721475742-0.16777014190372574j),1365.8372279093767
3245,4.07449375,0.00818961661978287,(0.2603497013917722-0.15421544532085532j),1366.258262813171
3246,4.07459375,0.008406759169535647,(0.16958750022405736-0.10244765458840292j),1366.6792977169657
3247,4.074693750000001,0.007984260339602825,(0.240385875261299+0.13354717634205432j),1367.1003326207601
3248,4.07479375,0.006576211937189526,(0.1458177415119678+0.447899003098825j),1367.5213675245548
3249,4.07489375,0.0065948647887858845,(-0.17034462240319534+0.21466471751375213j),1367.9424024283492
3250,4.07499375,0.007118934600012374,(-0.17834154180538664-0.03089576812826808j),1368.3634373321438
3251,4.075093750000001,0.005757247147445817,(-0.11306136438899872+0.22143048897682682j),1368.7844722359382
3252,4.07519375,0.005685497530826282,(-0.025287663094875013-0.2379227116613916j),1369.2055071397326
3253,4.07529375,0.006747608405210988,(-0.39331771208409283+0.17003388556896468j),1369.6265420435273
3254,4.07539375,0.008496742236921062,(0.465869029804278+0.3115597039965199j),1370.0475769473217
3255,4.075493750000001,0.00854606565850837,(0.05929074775653498+0.16819316762581438j),1370.4686118511163
3256,4.07559375,0.0078013149162974365,(-0.2297074361390215-0.25041063819024556j),1370.8896467549107
3257,4.07569375,0.007806275265097583,(-0.2670544338064496-0.24685379988937817j),1371.3106816587053
3258,4.07579375,0.008236111730950606,(-0.1807500143405946+0.00037660413440796306j),1371.7317165624997
3259,4.0758937500000005,0.00822204652289747,(-0.28490010841369473-0.17335412769967387j),1372.1527514662941
3260,4.07599375,0.007469148259602784,(0.08812398234316532-0.16838776474483644j),1372.5737863700888
3261,4.07609375,0.007528580159392098,(-0.0536373928061869+0.12381473187544637j),1372.9948212738832
3262,4.076193750000001,0.006803148394689971,(-0.15124958154931756-0.24247172748230889j),1373.4158561776778
3263,4.0762937500000005,0.005870694547573862,(-0.16333184794778455+0.06539615459612652j),1373.8368910814722
3264,4.07639375,0.005910820979549699,(-0.2363230315982722+0.03572086385851507j),1374.2579259852669
3265,4.07649375,0.006025965857297013,(-0.19472264362504316-0.16794149067091896j),1374.6789608890613
3266,4.076593750000001,0.005849697358508005,(-0.07317699015594764-0.2965652836902064j),1375.099995792856
3267,4.0766937500000004,0.006599785048708026,(0.18734428502243505-0.12294088486681701j),1375.5210306966503
3268,4.07679375,0.006505024061498549,(-0.03491606787492345-0.1378635158411053j),1375.9420656004447
3269,4.07689375,0.006667842968337949,(-0.1160513898292034-0.2162186724119357j),1376.3631005042394
3270,4.076993750000001,0.00543662612850948,(0.36012055523493725-0.5462194420355533j),1376.7841354080338
3271,4.07709375,0.004525783839382861,(0.350513684495078+0.259508220278638j),1377.2051703118284
3272,4.07719375,0.004718017243531243,(-0.29941626720487124+0.07689288892777996j),1377.6262052156228
3273,4.07729375,0.0053360471246318595,(0.37954392901859035-0.18187360367479385j),1378.0472401194174
3274,4.077393750000001,0.0054732481018740665,(-0.11936851839997678+0.46024990395821913j),1378.4682750232118
3275,4.07749375,0.005233670846829228,(-0.38542864979550295-0.19374372693066239j),1378.8893099270063
3276,4.07759375,0.004334120303653466,(-0.3230136351755384-0.3388563580971254j),1379.310344830801
3277,4.07769375,0.003358749812512938,(-0.024341585514759123-0.8784546380976135j),1379.7313797345953
3278,4.0777937500000005,0.003579255478795456,(0.7233111099137965-0.4265971948149352j),1380.15241463839
3279,4.07789375,0.0036146061808534032,(0.25746519470460427-0.15284329023044163j),1380.5734495421843
3280,4.07799375,0.0037999066808807216,(0.6051314897513631-0.02698386116672477j),1380.994484445979
3281,4.078093750000001,0.004677838810186497,(-0.31696054215013475+0.2773588349280362j),1381.4155193497734
3282,4.0781937500000005,0.0040694414584308385,(0.060237199239623895-0.48704758152321453j),1381.8365542535678
3283,4.07829375,0.003932668829888663,(0.24702152905460312-0.3982347626117294j),1382.2575891573624
3284,4.07839375,0.00370957154700679,(0.25618206715259095+0.10020087666307717j),1382.6786240611568
3285,4.078493750000001,0.004669147410008026,(0.14248538620217008+0.0006681732650885217j),1383.0996589649515
3286,4.0785937500000005,0.00440325487861163,(0.6038969274336419+0.01722084429280943j),1383.5206938687459
3287,4.07869375,0.003218013148575403,(0.18063105090923998+0.5555511769778725j),1383.9417287725405
3288,4.07879375,0.002874778838941989,(-0.37939134564887844+0.0620712192400106j),1384.362763676335
3289,4.078893750000001,0.0037175647040664397,(0.14007655464174387+0.19159605855644896j),1384.7837985801293
3290,4.07899375,0.0024684095301196036,(-0.05168297487547763+0.47155947847091745j),1385.204833483924
3291,4.07909375,0.0018037940176672536,(0.19953874320533513-0.03586791744886975j),1385.6258683877184
3292,4.07919375,0.0012216999874810283,(0.3264200167661124+0.13125777001151473j),1386.046903291513
3293,4.079293750000001,0.0021590926899763526,(0.05759009696456566+0.18583851644524144j),1386.4679381953074
3294,4.07939375,0.002647065436825243,(0.1998580934018898-0.08844903947358515j),1386.888973099102
3295,4.07949375,0.0027909132621920397,(0.26658905824429646+0.2964244751755374j),1387.3100080028964
3296,4.07959375,0.003760675520848974,(-0.22503181403255149+0.2871361806268429j),1387.731042906691
3297,4.079693750000001,0.0030532613705729927,(-0.012541563895959212-0.15957990316987752j),1388.1520778104855
3298,4.07979375,0.003160938282681202,(0.33746055145027926+0.1163256357306089j),1388.57311271428
3299,4.07989375,0.0026752649225805117,(0.04190059546053826+0.49357203379622994j),1388.9941476180745
3300,4.079993750000001,0.003127319485822993,(-0.087696355066661-0.2410590771848852j),1389.415182521869
3301,4.0800937500000005,0.003749245844630453,(0.7513465334204437-0.02531691802532028j),1389.8362174256636
3302,4.08019375,0.004288024566443613,(-0.03694922350642631+0.7317754982918233j),1390.257252329458
3303,4.08029375,0.003580624640167422,(-0.07491713148547151-0.3466599431785048j),1390.6782872332526
3304,4.080393750000001,0.0035966748767162324,(0.8575633206490731+0.42890747724860345j),1391.099322137047
3305,4.0804937500000005,0.004645113972156958,(0.018172496191156684+0.9791831237929085j),1391.5203570408414
3306,4.08059375,0.004910581850562529,(-0.2175034792753629+0.6366637437521173j),1391.941391944636
3307,4.08069375,0.004804572471383496,(-0.8116960059194365+0.6307641168640419j),1392.3624268484305
3308,4.080793750000001,0.004589860392412696,(-0.7891648856801436-0.43006307680389677j),1392.783461752225
3309,4.08089375,0.004064163792634885,(0.2848073434099352-0.5907033568620423j),1393.2044966560195
3310,4.08099375,0.005021861775880591,(0.2402677341063752-0.09522437748676767j),1393.6255315598141
3311,4.08109375,0.005228724309807739,(0.3795453492306299+0.2431730755634219j),1394.0465664636085
3312,4.081193750000001,0.004838065069484071,(0.3509176175679758+0.16836467446267306j),1394.467601367403
3313,4.08129375,0.005049379763757001,(-0.3731630264479544+0.6245279778463397j),1394.8886362711976
3314,4.08139375,0.00499199367742287,(-0.16402034037336066+0.06545001210972712j),1395.309671174992
3315,4.08149375,0.00599289596577502,(0.2681325114693098+0.40630394305432366j),1395.7307060787866
3316,4.081593750000001,0.0056604248783097885,(-0.2507958539126954+0.12214273047549916j),1396.151740982581
3317,4.08169375,0.005461755236991847,(0.2260337336159441-0.4795155911967822j),1396.5727758863757
3318,4.08179375,0.006134978635454644,(0.13946861317564174+0.37729225520338305j),1396.99381079017
3319,4.081893750000001,0.007452887891904878,(-0.4100436820208604+0.12463429329919337j),1397.4148456939647
3320,4.0819937500000005,0.0069537490742032654,(-0.14003332607308755+0.3209862439697188j),1397.8358805977591
3321,4.08209375,0.006605738056428748,(-0.37542446139707175+0.001631787669918585j),1398.2569155015535
3322,4.08219375,0.0072086696251369735,(-0.43164998757829115+0.19067366563813765j),1398.6779504053482
3323,4.082293750000001,0.007930959787881166,(-0.7854979288167948-0.6039035060396274j),1399.0989853091426
3324,4.0823937500000005,0.007011560958997304,(0.42533394599537167-0.19824223376557254j),1399.5200202129372
3325,4.08249375,0.007976844893863095,(-0.48320473218760673+0.2450842270262395j),1399.9410551167316
3326,4.08259375,0.008237917714087108,(-0.10811683431361399-0.38374060107366526j),1400.3620900205262
3327,4.082693750000001,0.008368545642705904,(-0.14022295100111729+0.44069656954459324j),1400.7831249243206
3328,4.08279375,0.007142817592768303,(-0.6252699109491208-0.28156421351811844j),1401.204159828115
3329,4.08289375,0.007826941895241855,(-0.12243958013981886-0.42567613574179036j),1401.6251947319097
3330,4.08299375,0.008150196220832783,(0.06832776538177393+0.10587229785540007j),1402.046229635704
3331,4.083093750000001,0.007797681844015639,(-0.3756808111797107-0.04397678099155222j),1402.4672645394987
3332,4.08319375,0.008271401708170503,(0.29852318899316-0.4227016458001005j),1402.8882994432931
3333,4.08329375,0.007379952508071532,(-0.09239105159567719+0.7801197993796307j),1403.3093343470878
3334,4.08339375,0.008013977796354727,(-0.7402328445791988-0.342126956164501j),1403.7303692508822
3335,4.083493750000001,0.006947286738019067,(0.3850916900960957-0.2392365572590355j),1404.1514041546766
3336,4.08359375,0.006711438382895938,(-0.37548574328678774-0.04083810333570674j),1404.5724390584712
3337,4.08369375,0.0071636552772729335,(0.18704607192247874-0.3882154767679591j),1404.9934739622656
3338,4.08379375,0.007115719292226783,(-0.016788727663455072-0.1725803671695035j),1405.4145088660603
3339,4.0838937500000005,0.00819485508999856,(0.20035827233839199+0.05852983774567153j),1405.8355437698547
3340,4.08399375,0.007486153359777437,(-0.578229105127321-0.15237514660293985j),1406.2565786736493
3341,4.08409375,0.00806332367188735,(0.3187438952977483-0.8072273874623619j),1406.6776135774437
3342,4.084193750000001,0.0077095255203716885,(0.0778700196186915+0.24095499076071294j),1407.0986484812383
3343,4.0842937500000005,0.006881071574526059,(-0.11242424762696845-0.5987045060220684j),1407.5196833850327
3344,4.08439375,0.0072333224974260426,(0.22405471057809254-0.3030596206045471j),1407.9407182888272
3345,4.08449375,0.006980496061279485,(-0.03867636904141779+0.16743027537238628j),1408.3617531926218
3346,4.084593750000001,0.007654110294780638,(0.25184517403259943-0.20607505525927738j),1408.7827880964162
3347,4.0846937500000005,0.006676168196394494,(0.6967114448569361+0.0652303437141564j),1409.2038230002108
3348,4.08479375,0.006629579350464284,(0.19467840858268204+0.4705635522329259j),1409.6248579040052
3349,4.08489375,0.00698603692837734,(-0.042627851065691315-0.5174395593640617j),1410.0458928077999
3350,4.084993750000001,0.0062571448907744204,(0.8327057614969542+0.10164122799539228j),1410.4669277115943
3351,4.08509375,0.006109871028460448,(-0.10267091415422057+0.313099022577159j),1410.8879626153887
3352,4.08519375,0.0055748706605689355,(0.5621724120027296-0.005259772767074733j),1411.3089975191833
3353,4.08529375,0.005261789799504867,(-0.30304928087092253+1.1192440999417526j),1411.7300324229777
3354,4.085393750000001,0.005514358470068584,(-0.9636220586361534-0.48583106887635313j),1412.1510673267724
3355,4.08549375,0.0049237315300588004,(0.8499006452858799-0.5615604883021756j),1412.5721022305668
3356,4.08559375,0.0050502388078322675,(0.3378977701466118+0.5180614846315309j),1412.9931371343614
3357,4.08569375,0.004627575164274349,(-0.41950313205153866+0.3861993116782061j),1413.4141720381558
3358,4.085793750000001,0.004678661753313736,(0.053547158508129425-0.45449971133810196j),1413.8352069419502
3359,4.08589375,0.00466686013099225,(0.15242916292486802+0.5903444294528349j),1414.2562418457449
3360,4.08599375,0.00412562177098543,(-0.6731582665348377-0.08598262101217191j),1414.6772767495393
3361,4.086093750000001,0.004100676779983832,(0.06829127721162626-0.18282174213684196j),1415.098311653334
3362,4.0861937500000005,0.0035982331774755687,(-0.47152426215159626+0.11953613521766493j),1415.5193465571283
3363,4.08629375,0.004018564241637747,(-0.059998928562480375-0.3405689235316103j),1415.940381460923
3364,4.08639375,0.0036466692749733288,(0.2720550947617532-0.03388496410613388j),1416.3614163647173
3365,4.086493750000001,0.0027651088094708697,(0.017430567111895487+0.07922603636735631j),1416.782451268512
3366,4.0865937500000005,0.0033390660635743614,(-0.00866699118548752-0.28883685456718255j),1417.2034861723064
3367,4.08669375,0.0033822640672170733,(0.4657259976721341-0.2971871489221517j),1417.6245210761008
3368,4.08679375,0.003083961761735564,(0.12294519221798839+0.18237726619912062j),1418.0455559798954
3369,4.086893750000001,0.003942896161477904,(0.49014671449100655-0.6484082003495505j),1418.4665908836898
3370,4.08699375,0.004253461255075847,(0.7683365573095086+0.5531897984931804j),1418.8876257874845
3371,4.08709375,0.005041733550838608,(-0.16822118558279753+0.15261522974892194j),1419.3086606912789
3372,4.08719375,0.0025204173826726688,(1.16155291430798+0.30649944050409833j),1419.7296955950735
3373,4.087293750000001,0.0021143954698607677,(-0.34298224169399355+1.4042745529637422j),1420.150730498868
3374,4.08739375,0.0033989395974395233,(-0.8999514701737622-0.11835846047623626j),1420.5717654026623
3375,4.08749375,0.003366908904071582,(0.593968888662717+0.2979656752080807j),1420.992800306457
3376,4.08759375,0.0039042838031131248,(-0.10796273613829932+0.9167853817154492j),1421.4138352102514
3377,4.087693750000001,0.0036988458530814988,(-0.7572735607360532-0.13553976963905395j),1421.834870114046
3378,4.08779375,0.003890285001094729,(0.2675339655675221-0.2097229606964477j),1422.2559050178404
3379,4.08789375,0.003849248867739569,(-0.4910979632326345+0.6065842643972326j),1422.676939921635
3380,4.087993750000001,0.0025721623071762543,(-0.36712899447743347-0.4686547460078035j),1423.0979748254294
3381,4.0880937500000005,0.0022750081364257832,(0.13086184253033523+0.3760307250362185j),1423.5190097292239
3382,4.08819375,0.0030097054527954653,(-0.4317299080304173-0.18002022791313982j),1423.9400446330185
3383,4.08829375,0.0042324008207188495,(0.5606145051804459+0.12633420840514095j),1424.361079536813
3384,4.088393750000001,0.005294551041353507,(-0.4645044452610368+1.0361060312979515j),1424.7821144406075
3385,4.0884937500000005,0.005490078947621471,(-0.7476568824311693-0.22563879362072092j),1425.203149344402
3386,4.08859375,0.005236189210872734,(0.00615988079560352-0.2148883117664006j),1425.6241842481966
3387,4.08869375,0.004451952473043627,(-0.4812747545988576+0.25362378905147903j),1426.045219151991
3388,4.088793750000001,0.0037875079879242,(-0.3557563755802621-0.6451150707261922j),1426.4662540557854
3389,4.08889375,0.003792150138792164,(0.77399537937387-0.04201241740738848j),1426.88728895958
3390,4.08899375,0.004241291293406827,(-0.17432344848689907+0.8176856612835868j),1427.3083238633744
3391,4.08909375,0.004385035517205587,(-0.8740129530404663+0.05932507274586342j),1427.729358767169
3392,4.089193750000001,0.005363238434921255,(-0.7466866472098539-0.14128820511212212j),1428.1503936709635
3393,4.08929375,0.005313134916501151,(-0.2003226118263338-0.29833141840434674j),1428.571428574758
3394,4.08939375,0.00487565165230382,(-0.2870783296950454-0.32375597023247765j),1428.9924634785525
3395,4.08949375,0.0049595099170010246,(-0.09652225575291544-0.20614140807607295j),1429.4134983823471
3396,4.089593750000001,0.005126033408511957,(-0.3052131793783023-0.5562924977923931j),1429.8345332861415
3397,4.08969375,0.004625516905697713,(0.32924942275078783-0.17299075858653312j),1430.255568189936
3398,4.08979375,0.005294461284474516,(0.07252865640733955+0.14566508022379715j),1430.6766030937306
3399,4.08989375,0.005874113641825424,(-0.33945932170012394+0.09458863272809909j),1431.097637997525
3400,4.0899937500000005,0.005837252704677069,(-0.27822858065226114-0.7572182657607807j),1431.5186729013196
3401,4.09009375,0.006724889608126969,(0.1945042728697153-0.08618102412552306j),1431.939707805114
3402,4.09019375,0.006543554496972661,(-0.12607297504785014-0.43625527315167223j),1432.3607427089087
3403,4.090293750000001,0.008309939691772142,(-0.12249418578259649-0.5603948449177154j),1432.781777612703
3404,4.0903937500000005,0.007639967204662294,(0.3657802080678491+0.11449281578455392j),1433.2028125164975
3405,4.09049375,0.007071604111112204,(0.18380489292034358-0.0066218266402334955j),1433.6238474202921
3406,4.09059375,0.005931777082012603,(0.26465033719136866-0.06462797764862575j),1434.0448823240865
3407,4.090693750000001,0.005865576360678398,(-0.07587440967853933+0.05479114793043602j),1434.4659172278812
3408,4.0907937500000005,0.006745260167872262,(-0.31458760214625003-0.4836075726795157j),1434.8869521316756
3409,4.09089375,0.007458845383790498,(0.38293481354886133-0.3366079070403749j),1435.3079870354702
3410,4.09099375,0.0081037913514452,(-0.19244529834854157+0.16749171068213017j),1435.7290219392646
3411,4.091093750000001,0.008268640603034895,(-0.41068904679610096-0.7963809346333023j),1436.150056843059
3412,4.09119375,0.008126961246852754,(0.681646703270177-0.4430689473598993j),1436.5710917468537
3413,4.09129375,0.007083433210952823,(0.028803806067305454+0.4499043796336216j),1436.992126650648
3414,4.09139375,0.006920505505488984,(-0.2356345042755007-0.29637133366416973j),1437.4131615544427
3415,4.091493750000001,0.00723577086706217,(0.6391131682564097+0.1772385614248906j),1437.834196458237
3416,4.09159375,0.008608903762357584,(-0.28210517486576203+0.7156488522320525j),1438.2552313620317
3417,4.09169375,0.00866261011212237,(-0.6245417049899267-0.3145817606296743j),1438.6762662658261
3418,4.09179375,0.008282096776122612,(0.46700398072636284-0.18676011878169696j),1439.0973011696208
3419,4.0918937500000006,0.0072571467319484054,(-0.16643845867812584+0.1373513407821425j),1439.5183360734152
3420,4.09199375,0.006735727570228871,(0.012657082813555848-0.13296685275257114j),1439.9393709772096
3421,4.09209375,0.00563290919583852,(-0.08858978900392722+0.16106080937209602j),1440.3604058810042
3422,4.092193750000001,0.006126593796857882,(-0.29149943644243914-0.2913721173210724j),1440.7814407847986
3423,4.0922937500000005,0.005606143258995613,(0.040545745224926516+0.04800412564271437j),1441.2024756885933
3424,4.09239375,0.00726307268531665,(-0.49592994987190164-0.4262049611041684j),1441.6235105923877
3425,4.09249375,0.008687930205864773,(0.35523243955863937-0.7957913874411175j),1442.0445454961823
3426,4.092593750000001,0.008634388037276595,(0.005748112083292858-0.35577464140652826j),1442.4655803999767
3427,4.0926937500000005,0.007755232002748596,(0.41293141795071797-0.7096814640061713j),1442.8866153037711
3428,4.09279375,0.007507996459785582,(0.4105460447263072+0.34991454577681086j),1443.3076502075658
3429,4.09289375,0.007772749996453117,(-0.3705631052744898-0.4277484921697967j),1443.7286851113602
3430,4.092993750000001,0.00685618902291364,(0.8863411713771117-0.4854175072049129j),1444.1497200151548
3431,4.09309375,0.006206799796758797,(0.33666549956756714+0.6640722058076758j),1444.5707549189492
3432,4.09319375,0.005446788864245781,(-0.15810113424568265-0.1553937679676128j),1444.9917898227438
3433,4.09329375,0.005517995912585997,(0.25873082726335456-0.3511221984256273j),1445.4128247265382
3434,4.093393750000001,0.006069957572692507,(0.11744399122990273+0.7568305570172744j),1445.8338596303327
3435,4.09349375,0.00719138293920022,(-0.25984500078688644-0.10441360670865966j),1446.2548945341273
3436,4.09359375,0.005358060485187161,(0.467211967678047-0.2925446243217516j),1446.6759294379217
3437,4.09369375,0.005608816390061565,(0.3589138911720551-0.10811290667573967j),1447.0969643417163
3438,4.093793750000001,0.004477758842311959,(0.0848016680426037+0.09614603167033572j),1447.5179992455107
3439,4.09389375,0.005487087304064944,(-0.0502492160686166-0.2577457283270913j),1447.9390341493054
3440,4.09399375,0.004271639058378825,(0.4867926623023839-0.0799957459455934j),1448.3600690530998
3441,4.094093750000001,0.004628999632634246,(0.0577098799771215+0.3276404456367691j),1448.7811039568944
3442,4.0941937500000005,0.005602798807881176,(-0.15391695600717378-0.14958515669211625j),1449.2021388606888
3443,4.09429375,0.006396981328535419,(0.2735027518187414-0.14880861241920704j),1449.6231737644832
3444,4.09439375,0.005516937382678542,(0.061982776858593824+0.18576553773827875j),1450.0442086682779
3445,4.094493750000001,0.0036361127500181252,(0.24439024676002608+0.0993633611079854j),1450.4652435720723
3446,4.0945937500000005,0.0038253144548973934,(-0.2013846133901368+0.08422863586387494j),1450.886278475867
3447,4.09469375,0.004003668915438529,(0.0542856227882038-0.3902333116363501j),1451.3073133796613
3448,4.09479375,0.004152326646404807,(0.33366372530707045+0.06867519930781996j),1451.728348283456
3449,4.094893750000001,0.0035093135485585437,(0.059416565907584616+0.21874833122956472j),1452.1493831872504
3450,4.09499375,0.0034140637683053696,(0.05950988548442501-0.03725942219188261j),1452.5704180910448
3451,4.09509375,0.0023989184258082575,(0.44074107312365884-0.09914711057340836j),1452.9914529948394
3452,4.09519375,0.004587844697975962,(0.22539736305347433+0.5167207161302322j),1453.4124878986338
3453,4.095293750000001,0.0033982032044864675,(-0.3243251772955014+0.27135671619014884j),1453.8335228024284
3454,4.09539375,0.003852306367729591,(0.24205797167068327+0.06615618735336562j),1454.2545577062228
3455,4.09549375,0.00394568698023239,(0.031903070367553105+0.27440395831842174j),1454.6755926100175
3456,4.09559375,0.004100193477763578,(-0.10884013210768684+0.09868588064419259j),1455.0966275138119
3457,4.095693750000001,0.004398362290373643,(-0.16840152833387087-0.15695732663006023j),1455.5176624176063
3458,4.09579375,0.003384426715512006,(0.21808085743232988-0.42483021287258893j),1455.938697321401
3459,4.09589375,0.003267198881575994,(0.3158421299052993+0.2270112376473144j),1456.3597322251953
3460,4.095993750000001,0.0030414696288590497,(-0.07924132037387521+0.14067193505299447j),1456.78076712899
3461,4.0960937500000005,0.003359054146297365,(0.0820281398958507-0.09024694829164609j),1457.2018020327844
3462,4.09619375,0.004006981278015215,(0.10295477038778827-0.07219989829916698j),1457.622836936579
3463,4.09629375,0.004198348880003909,(-0.1022478033237556-0.10711462737438493j),1458.0438718403734
3464,4.096393750000001,0.0032158239481685706,(0.19257372320122915+0.12422077403589958j),1458.464906744168
3465,4.0964937500000005,0.0032795249064755663,(0.1352372261014066+0.34218595507110916j),1458.8859416479625
3466,4.09659375,0.003472256849565207,(0.3542008683159209+0.04183275779692641j),1459.3069765517569
3467,4.09669375,0.00269186404409704,(0.22941377094633272-0.17323815131797093j),1459.7280114555515
3468,4.096793750000001,0.002308960065544361,(0.11548348065995168-0.1287266428076238j),1460.149046359346
3469,4.0968937500000004,0.0031774193716309473,(0.12262832486691204+0.007551422941989362j),1460.5700812631405
3470,4.09699375,0.004465031523359152,(-0.031560971219340234-0.021449719838992066j),1460.991116166935
3471,4.09709375,0.00539362425071323,(-0.039500797709585866+0.038148347418090006j),1461.4121510707296
3472,4.097193750000001,0.004754294052678757,(-0.09911275831327422-0.12589501158031563j),1461.833185974524
3473,4.09729375,0.004319365463714309,(0.16456353222384926+0.025197527022200468j),1462.2542208783184
3474,4.09739375,0.004216324359347143,(-0.1325739479863195+0.08839799589845465j),1462.675255782113
3475,4.09749375,0.005549539619764937,(0.2060076840251328-0.12509973101568467j),1463.0962906859074
3476,4.097593750000001,0.005107586201705864,(0.1209127488944226+0.1251196140992531j),1463.517325589702
3477,4.09769375,0.004075672544835786,(-0.02128149446973311-0.016936328071233124j),1463.9383604934965
3478,4.09779375,0.004333454711798312,(-0.06077437088792961+0.09780703556128295j),1464.359395397291
3479,4.09789375,0.005003547587735548,(0.0029224135586871924-0.061830348307250135j),1464.7804303010855
3480,4.0979937500000005,0.006212485292384357,(0.21781945667414948+0.027131319980514254j),1465.20146520488
3481,4.09809375,0.006161699687415496,(0.1618702400505867+0.037099883786291j),1465.6225001086746
3482,4.09819375,0.005867474268512803,(0.04765758309649032+0.22148160315015772j),1466.043535012469
3483,4.098293750000001,0.0056026777638823405,(0.016779223670443343+0.2767598735002612j),1466.4645699162636
3484,4.0983937500000005,0.006022207903657954,(0.08015898228328108+0.10798684731697586j),1466.885604820058
3485,4.09849375,0.00585819551973252,(0.10357213290635865+0.2077759488855167j),1467.3066397238526
3486,4.09859375,0.0059722191891477955,(-0.13942738565346685+0.18594888036488355j),1467.727674627647
3487,4.098693750000001,0.006956345898226682,(-0.06564987769841707+0.06860751761034228j),1468.1487095314415
3488,4.0987937500000005,0.007724277976877665,(-0.07243583194806824+0.05052716238063936j),1468.569744435236
3489,4.09889375,0.007984736984343472,(0.03929624914042503-0.08330399824375341j),1468.9907793390305
3490,4.09899375,0.007110916316482185,(0.14632546519195438+0.2721663991331002j),1469.4118142428251
3491,4.099093750000001,0.0065474030969598545,(-0.15130086247843788-0.0206611971886328j),1469.8328491466195
3492,4.09919375,0.007098403829881856,(0.14018444528044902-0.1649579037466682j),1470.2538840504142
3493,4.09929375,0.007979207774681377,(-0.35886322894659595+0.27997881601574603j),1470.6749189542086
3494,4.09939375,0.007362973225073619,(0.21522419915642832+0.2596303528624034j),1471.0959538580032
3495,4.099493750000001,0.007203174106203674,(0.36018638183192553+0.047196328431754586j),1471.5169887617976
3496,4.09959375,0.007209795403686545,(-0.04593979884432271-0.12006058715324981j),1471.938023665592
3497,4.09969375,0.007218982938806356,(-0.041459896378888056-0.37924706421282894j),1472.3590585693867
3498,4.09979375,0.007815799095753778,(-0.17726769787679636+0.05832065537697652j),1472.780093473181
3499,4.099893750000001,0.007380828486227598,(-0.17458955119716196+0.09666937748717819j),1473.2011283769757
3500,4.09999375,0.007479637864934053,(-0.0870038904624332-0.09401843473329545j),1473.62216328077
3501,4.10009375,0.008010945703771057,(0.07549427138924006+0.040913494592589195j),1474.0431981845647
3502,4.100193750000001,0.007824630897399478,(-0.09246720329084364+0.12565130813722136j),1474.4642330883592
3503,4.1002937500000005,0.007235402567793276,(0.013515731244471627-0.02451187025675429j),1474.8852679921536
3504,4.10039375,0.007048829789478803,(0.14193843773124476+0.1483195278401106j),1475.3063028959482
3505,4.100493750000001,0.006617090082036472,(0.047697420979316264+0.04222115755631956j),1475.7273377997426
3506,4.100593750000001,0.0064974425606497315,(-0.06943963769050593-0.0279025885629017j),1476.1483727035372
3507,4.1006937500000005,0.0066928009197239485,(-0.2225971044067722+0.022953437465101506j),1476.5694076073316
3508,4.10079375,0.007487739106111152,(-0.06678030378465757-0.12446726219959249j),1476.9904425111263
3509,4.100893750000001,0.006996143688595468,(0.06247349009869038+0.2928997134595932j),1477.4114774149207
3510,4.100993750000001,0.006642123502130242,(-0.28171340900065966+0.10428912587896771j),1477.832512318715
3511,4.10109375,0.007454827252085372,(0.008227638325530744-0.20782141345923968j),1478.2535472225097
3512,4.10119375,0.006967945299676801,(0.18934962174153708+0.08977894332416805j),1478.6745821263041
3513,4.101293750000001,0.007467789529559161,(-0.05702867095830652+0.16256292303207043j),1479.0956170300988
3514,4.101393750000001,0.006393253489313435,(-0.3140940267202213-0.12152107189155494j),1479.5166519338932
3515,4.10149375,0.006868418166193795,(-0.1321511740241469-0.31248351583583667j),1479.9376868376878
3516,4.10159375,0.007605066309791112,(-0.024537510938433454+0.22891153847693613j),1480.3587217414822
3517,4.101693750000001,0.006296462739696143,(-0.43496354542964005-0.09807065510396183j),1480.7797566452768
3518,4.101793750000001,0.0062020907299799545,(0.04688752223167558-0.12757951973001608j),1481.2007915490713
3519,4.10189375,0.005082764836991899,(0.19744709444911052-0.0918027169171764j),1481.6218264528657
3520,4.10199375,0.00514491244774985,(0.1598604443553475+0.11889009974430574j),1482.0428613566603
3521,4.102093750000001,0.005671139601330325,(-0.20851449690074217+0.0975677715994587j),1482.4638962604547
3522,4.1021937500000005,0.004903901729160269,(-0.030974771369835605-0.1498898452334264j),1482.8849311642493
3523,4.10229375,0.0053121686119258086,(-0.09057289562290932-0.08011978319677929j),1483.3059660680437
3524,4.102393750000001,0.005164383050959771,(0.18159808453526508+0.31227032779511854j),1483.7270009718384
3525,4.102493750000001,0.005302279461251386,(0.24804561415732024-0.2371854121567271j),1484.1480358756328
3526,4.1025937500000005,0.005237033301043648,(0.1165016278024736-0.21457275666753245j),1484.5690707794272
3527,4.10269375,0.0033917646845517046,(-0.08858416062123786-0.11425044399586076j),1484.9901056832218
3528,4.102793750000001,0.004495877248457102,(-0.06262224112275126-0.09399127255105166j),1485.4111405870162
3529,4.102893750000001,0.004501480360266432,(-0.14537619778266467+0.044085868413406365j),1485.8321754908109
3530,4.10299375,0.005431646403976488,(0.0025216414080758576+0.14277739935745792j),1486.2532103946053
3531,4.10309375,0.004642776512708676,(0.015378930191814827-0.018060860602030698j),1486.6742452984
3532,4.103193750000001,0.00401617473476001,(0.02068121800846065-0.03433393688927518j),1487.0952802021943
3533,4.103293750000001,0.0033397585612042176,(0.03299094778387306+0.0927523076547296j),1487.5163151059887
3534,4.10339375,0.0026147474887544563,(0.06929226409977696+0.18533102215768754j),1487.9373500097834
3535,4.10349375,0.002303043241385719,(-0.13492536869479868+0.15156583464644385j),1488.3583849135778
3536,4.103593750000001,0.0015349520267383685,(-0.14051534832269363-0.1305897810229378j),1488.7794198173724
3537,4.103693750000001,0.0027215686810589932,(0.2030377872544608+0.16268028474450122j),1489.2004547211668
3538,4.10379375,0.00408802099560215,(-0.4241678901146869+0.3362514208912477j),1489.6214896249614
3539,4.10389375,0.004998505139056827,(-0.10016397850942263-0.2171455129967432j),1490.0425245287558
3540,4.103993750000001,0.004861175409794903,(0.18894762597394069+0.09008517376522843j),1490.4635594325505
3541,4.1040937500000005,0.00430248053328805,(-0.06498622642926971-0.006229446258421707j),1490.884594336345
3542,4.10419375,0.002844838136787741,(-0.19185337162212873+0.19360423181162748j),1491.3056292401393
3543,4.104293750000001,0.0033094502461628104,(-0.2080239498452609-0.20307658639179293j),1491.726664143934
3544,4.104393750000001,0.003727502546580434,(0.03746035696127435-0.2103440361620952j),1492.1476990477283
3545,4.1044937500000005,0.0033649581816650466,(0.02180920407302429-0.15170859808224418j),1492.568733951523
3546,4.10459375,0.00367091519797215,(-0.15574364976979452-0.10631179220811957j),1492.9897688553174
3547,4.104693750000001,0.00329670713019039,(-0.0982980415078602-0.14260083307961482j),1493.410803759112
3548,4.104793750000001,0.003630776011997471,(0.17326261647529503-0.06275295031995909j),1493.8318386629064
3549,4.1048937500000005,0.0034309183178975054,(0.34331297188798104+0.2074229858302628j),1494.2528735667008
3550,4.10499375,0.0031319491195384436,(-0.3363915253109598+0.21032458902285384j),1494.6739084704955
3551,4.105093750000001,0.003732196873180807,(-0.11031722326592891-0.011261436731977797j),1495.0949433742899
3552,4.105193750000001,0.0032768221674110633,(0.07528075661764264-0.012157576065594936j),1495.5159782780845
3553,4.10529375,0.0043566985178091315,(0.028188874508782727+0.09638488156973818j),1495.937013181879
3554,4.10539375,0.005381363903161602,(-0.2622127841084955+0.026521580556744605j),1496.3580480856735
3555,4.105493750000001,0.00472393494818417,(0.05116528709390747+0.2569412070596907j),1496.779082989468
3556,4.105593750000001,0.004643667882327214,(0.11027093276792364-0.17259544412584332j),1497.2001178932624
3557,4.10569375,0.004097767422649149,(-0.060928383176665504-0.03129837532912083j),1497.621152797057
3558,4.10579375,0.004135695920734327,(-0.055654911960667776-0.12625664325046726j),1498.0421877008514
3559,4.105893750000001,0.0048113575559697265,(-0.1850627628873957+0.008287970387188873j),1498.463222604646
3560,4.1059937500000006,0.004536002681330833,(-0.21234834219680146-0.10389845155881591j),1498.8842575084404
3561,4.10609375,0.004935259265484752,(-0.11334807787407637-0.028267057958730288j),1499.305292412235
3562,4.106193750000001,0.0042107628066206625,(-0.013775438645238343+0.011436521738620958j),1499.7263273160295
3563,4.106293750000001,0.004808771518103142,(0.03337571146664623+0.004614379483797955j),1500.1473622198241
3564,4.1063937500000005,0.004894420108621944,(0.12013176909662862-0.05961971581944529j),1500.5683971236185
3565,4.10649375,0.006164303906825973,(0.028054168157604788+0.050447237145374954j),1500.989432027413
3566,4.106593750000001,0.006759364891115377,(-0.01119166756046093-0.006671644243164944j),1501.4104669312076
3567,4.106693750000001,0.00701380710575677,(-0.11268280458050323-0.13990347613892712j),1501.831501835002
3568,4.1067937500000005,0.007665538155497961,(0.06011895236540568-0.03722826817034255j),1502.2525367387966
3569,4.10689375,0.0068426376813432695,(-0.010439284029423679-0.06294989086769587j),1502.673571642591
3570,4.106993750000001,0.006402358193250085,(-5.6860712319917184e-05-0.1277021432082609j),1503.0946065463856
3571,4.107093750000001,0.006668068319513617,(0.08888735753393431-0.019842255693196753j),1503.51564145018
3572,4.10719375,0.007138715220692024,(0.07627432959825452+0.053775685251122654j),1503.9366763539745
3573,4.10729375,0.007079830995055361,(-0.14283650698886924+0.0729334663382954j),1504.357711257769
3574,4.107393750000001,0.007516062731835173,(-0.015956475076328233+0.12041550508800067j),1504.7787461615635
3575,4.107493750000001,0.00750280183350394,(-0.06988691320961372-0.05811881639116911j),1505.1997810653581
3576,4.10759375,0.008052284160352694,(0.05535135570590597+0.04749202626198223j),1505.6208159691525
3577,4.10769375,0.006630286071380679,(-0.24571462268227767+0.050474572904360526j),1506.0418508729472
3578,4.107793750000001,0.005501672804638651,(-0.163438549800475-0.20816957674847497j),1506.4628857767416
3579,4.107893750000001,0.005350764336622921,(0.3100951913697365-0.02628634909096405j),1506.883920680536
3580,4.10799375,0.006923558684880172,(0.004694825083628507+0.10054761558311026j),1507.3049555843306
3581,4.10809375,0.007630282912818867,(0.05172612327723999+0.18229552298530058j),1507.725990488125
3582,4.108193750000001,0.007672592289419919,(-0.12519515794932723-0.0029634020622325355j),1508.1470253919197
3583,4.1082937500000005,0.007535078456346721,(0.22862820332196498-0.03530212325339703j),1508.568060295714
3584,4.10839375,0.007320417394563756,(-0.18823829699175515-0.22284371370212033j),1508.9890951995087
3585,4.108493750000001,0.0075296595914903265,(0.18155279282252057+0.11974667961546137j),1509.4101301033031
3586,4.108593750000001,0.0066744770669287835,(0.015201712422226427+0.039966044637883086j),1509.8311650070975
3587,4.1086937500000005,0.006637019276021323,(-0.016470448982717937-0.2075511274710992j),1510.2521999108922
3588,4.10879375,0.006663395583524681,(0.05928643174802209-0.1280822868499364j),1510.6732348146866
3589,4.108893750000001,0.007377938586063378,(-0.24244009903308572+0.15571067537922237j),1511.0942697184812
3590,4.108993750000001,0.008066325285182991,(-0.3662478275541178-0.0725999120749047j),1511.5153046222756
3591,4.10909375,0.007765528923284028,(0.13790935710125313+0.06812098777389486j),1511.9363395260702
3592,4.10919375,0.007392943036993061,(-0.08218225642697266+0.19328671599956043j),1512.3573744298646
3593,4.109293750000001,0.006240587251543671,(4.865811382287477e-06-0.028608733594781402j),1512.7784093336593
3594,4.109393750000001,0.006092460024258569,(0.15023484606607476+0.1412148414891977j),1513.1994442374537
3595,4.10949375,0.006116079681519498,(-0.06825907619918402+0.20788355797404592j),1513.620479141248
3596,4.10959375,0.005570015543420736,(0.021125890513517653-0.057173308855103216j),1514.0415140450427
3597,4.109693750000001,0.0061828017612346985,(-0.046267612238672234+0.20573991629832106j),1514.4625489488371
3598,4.109793750000001,0.007781644933354347,(-0.2752157220106146+0.1434559347564133j),1514.8835838526318
3599,4.10989375,0.00748327587255485,(-0.0050388383945602876-0.03349462471361203j),1515.3046187564262
3600,4.10999375,0.005949933209452238,(0.12537981631696046+0.06875708311933398j),1515.7256536602208
3601,4.110093750000001,0.004633535801138381,(-0.06999454348779569+0.19890767328922265j),1516.1466885640152
3602,4.1101937500000005,0.0055038739390359855,(0.007138290491203198-0.025750851424300607j),1516.5677234678096
3603,4.11029375,0.005926485635217144,(0.01383342342412519+0.17248888174926347j),1516.9887583716043
3604,4.110393750000001,0.00589672257592739,(-0.08827003443776706+0.02404629426592556j),1517.4097932753987
3605,4.110493750000001,0.00626439477415127,(-0.14139977429585776+0.06816048703891985j),1517.8308281791933
3606,4.1105937500000005,0.005861109580232693,(0.05075722063832236+0.2703097826929684j),1518.2518630829877
3607,4.11069375,0.0055822439292306835,(-0.2393626940512577+0.16854295894811433j),1518.6728979867823
3608,4.110793750000001,0.004895943447880267,(0.06037177297495194-0.20148304760719796j),1519.0939328905768
3609,4.110893750000001,0.004616013871559305,(0.10933767611083126-0.17981799758987793j),1519.5149677943712
3610,4.1109937500000004,0.003919384262744099,(0.3263355273752262-0.0689862430620625j),1519.9360026981658
3611,4.11109375,0.004496190010411112,(0.09893733593093548+0.31568223072780693j),1520.3570376019602
3612,4.111193750000001,0.004703817650146886,(-0.2642093194110181-0.3869484281478769j),1520.7780725057548
3613,4.111293750000001,0.004895969926207066,(-0.04364828698878763+0.3142254214662279j),1521.1991074095492
3614,4.11139375,0.005063544319286717,(0.5296962028690256-0.22732963246877702j),1521.6201423133439
3615,4.11149375,0.005386285758429473,(-0.2702092482420641-0.18317008805795557j),1522.0411772171383
3616,4.111593750000001,0.004707667841940914,(-0.2313508456412504+0.12439984958831649j),1522.462212120933
3617,4.111693750000001,0.003533890587822681,(-0.05404430586355617+0.022699901241187086j),1522.8832470247273
3618,4.11179375,0.003403519917527966,(0.22399847189017094+0.03900939273765368j),1523.3042819285217
3619,4.11189375,0.0036277794765946472,(-0.06746258527347913+0.15082079081561067j),1523.7253168323164
3620,4.111993750000001,0.002731227214373788,(0.05283441513852967-0.10284914359936285j),1524.1463517361108
3621,4.1120937500000005,0.0020780361481688614,(0.008918649834061806+0.09216287468528633j),1524.5673866399054
3622,4.11219375,0.002259399666360344,(0.023556965601310476+0.07530292996501772j),1524.9884215436998
3623,4.112293750000001,0.0025092098878135823,(-0.09372540035838073+0.14988680597432386j),1525.4094564474944
3624,4.112393750000001,0.0034091499000228425,(0.13548293326883415-0.23560748902624828j),1525.8304913512889
3625,4.1124937500000005,0.0038668685493131417,(0.05118986779780113+0.008993682558893018j),1526.2515262550833
3626,4.11259375,0.004409125927694344,(-0.1906752393197727+0.04887073381715297j),1526.672561158878
3627,4.112693750000001,0.004069306947500573,(-0.11847594838806436-0.11459675304051278j),1527.0935960626723
3628,4.112793750000001,0.003313483305929746,(-0.014056877237085527+0.09757999766901743j),1527.514630966467
3629,4.1128937500000005,0.003243586223423853,(-0.046427213655273816+0.038230862418477535j),1527.9356658702613
3630,4.11299375,0.0036349210151795978,(0.11481010757457105-0.06611521603872708j),1528.356700774056
3631,4.113093750000001,0.0035801817818699277,(-0.004469449920558467-0.016988784950548626j),1528.7777356778504
3632,4.113193750000001,0.002611648624881731,(-0.22449626051705432+0.014518005737081272j),1529.1987705816448
3633,4.11329375,0.002876453189864659,(0.08609288428515077-0.22953265631324826j),1529.6198054854394
3634,4.11339375,0.003808434576050099,(-0.27062274322621893+0.05857853468647294j),1530.0408403892338
3635,4.113493750000001,0.003878353231522983,(-0.09097276595711723-0.43034337071862344j),1530.4618752930285
3636,4.113593750000001,0.003161970356833197,(0.2853023260474282+0.08613883536934469j),1530.8829101968229
3637,4.11369375,0.002712341067165348,(-0.04651096576130123-0.10614999093113321j),1531.3039451006175
3638,4.11379375,0.0035798320062379882,(0.4952224186034163-0.0075653021480017735j),1531.724980004412
3639,4.113893750000001,0.005406232117359313,(-0.10658423741558554+0.35995561479123156j),1532.1460149082066
3640,4.113993750000001,0.0053184783816032566,(0.17562538007719253-0.18113608748037172j),1532.567049812001
3641,4.11409375,0.004731541127245432,(0.023332285863377933+0.32326762003668796j),1532.9880847157954
3642,4.11419375,0.004809008956917001,(0.1532174098041893-0.294374703826783j),1533.40911961959
3643,4.114293750000001,0.00523864213755382,(-0.20155432994477787+0.12909143993822708j),1533.8301545233844
3644,4.1143937500000005,0.004808505897063752,(0.16129058946399866+0.026128077197048703j),1534.251189427179
3645,4.11449375,0.004100199955366199,(-0.21685853410485195-0.2772956947355642j),1534.6722243309734
3646,4.114593750000001,0.003428540669600031,(-0.13024567673966875+0.13029527981553274j),1535.093259234768
3647,4.114693750000001,0.004185394699508655,(-0.010827463008887386+0.43156799229311965j),1535.5142941385625
3648,4.1147937500000005,0.005052367241608509,(-0.09378178742269172+0.02940356404645353j),1535.935329042357
3649,4.11489375,0.006055451570582204,(0.17640396697086486-0.007912263346327615j),1536.3563639461515
3650,4.114993750000001,0.006507408145644429,(0.014037054986562481+0.3075385626104185j),1536.777398849946
3651,4.115093750000001,0.007156797105602358,(-0.24015330771612378+0.12676523753144628j),1537.1984337537406
3652,4.11519375,0.006873492626358975,(-0.30853105307658935+0.03037413866358951j),1537.619468657535
3653,4.11529375,0.007009223365224082,(0.12725069210166517+0.09375927055784053j),1538.0405035613296
3654,4.115393750000001,0.007398447478634685,(0.08105502219223834+0.4918272478598205j),1538.461538465124
3655,4.115493750000001,0.00714177647903703,(-0.13347737109097024+0.034205361582376054j),1538.8825733689184
3656,4.11559375,0.007463709994439742,(0.05625710522704638+0.039891900680128316j),1539.303608272713
3657,4.11569375,0.007317976745531497,(0.048984548851473395+0.064191608651372j),1539.7246431765075
3658,4.115793750000001,0.006819879482504648,(-0.023754020873301744+0.20652247380207628j),1540.145678080302
3659,4.115893750000001,0.006921692031778792,(-0.2928595023016172+0.07075556873503956j),1540.5667129840965
3660,4.11599375,0.006794458901640169,(-0.03508166349584808+0.029493112312195965j),1540.9877478878911
3661,4.11609375,0.007287698664289697,(0.0591029410030848+0.014993567756953255j),1541.4087827916856
3662,4.116193750000001,0.0072322951451465655,(-0.09196562054141222+0.34768999737646444j),1541.8298176954802
3663,4.1162937500000005,0.007265695046272223,(-0.38535601171278167-0.14016398658475232j),1542.2508525992746
3664,4.11639375,0.00745583244957207,(0.21827358049834633+0.1715603678058061j),1542.671887503069
3665,4.116493750000001,0.007363545049701317,(-0.3729429395112077+0.38131256549013437j),1543.0929224068636
3666,4.116593750000001,0.007439142170100633,(-0.48016152110230653-0.16921594957100944j),1543.513957310658
3667,4.1166937500000005,0.007326792450660963,(-0.49513575458361986-0.38606528842028387j),1543.9349922144527
3668,4.11679375,0.006706639300584681,(0.17751322673887998-0.5770159430440418j),1544.356027118247
3669,4.116893750000001,0.006972262738953657,(0.3173159338056493+0.24072067058769714j),1544.7770620220417
3670,4.116993750000001,0.007833564272101854,(-0.1399310775132772+0.17330043591182703j),1545.1980969258361
3671,4.11709375,0.007689855447694845,(0.23018901601939484+0.10863357166403524j),1545.6191318296305
3672,4.11719375,0.007388889290230333,(-0.22740471582075755-0.11076137749464243j),1546.0401667334252
3673,4.117293750000001,0.006887101622661473,(0.1762811450560942-0.2595366397679753j),1546.4612016372196
3674,4.117393750000001,0.007133117717225283,(-0.29937373801439904-0.3075400614249236j),1546.8822365410142
3675,4.11749375,0.0072713968330489044,(-0.13993059452173445+0.322914650459738j),1547.3032714448086
3676,4.11759375,0.0072286208573899835,(0.42873997762666705+0.14617116245128411j),1547.7243063486032
3677,4.117693750000001,0.007304105902671128,(0.0661600829620099-0.26338234161063717j),1548.1453412523977
3678,4.117793750000001,0.007476709335992154,(-0.16873033274265994-0.35368540082548067j),1548.566376156192
3679,4.11789375,0.007643341606081443,(-0.1824637062730753-0.07895726584923585j),1548.9874110599867
3680,4.11799375,0.008171602788064673,(-0.08017707618159728+0.05836278912072821j),1549.408445963781
3681,4.118093750000001,0.006756300891568447,(-0.11514197042027811-0.10892147163214319j),1549.8294808675757
3682,4.1181937500000005,0.00661642046142968,(0.16634429909748072-0.04914900351270679j),1550.2505157713701
3683,4.11829375,0.006198280929252938,(-0.016491596156527663+0.0759951576442443j),1550.6715506751648
3684,4.118393750000001,0.006145011896867752,(0.007768540397554202+0.10558994662756321j),1551.0925855789592
3685,4.118493750000001,0.00590067071527781,(-0.005168045069616711+0.12874121921110154j),1551.5136204827536
3686,4.1185937500000005,0.005735276207354511,(0.036808185014120094-0.042440532684669366j),1551.9346553865482
3687,4.11869375,0.004923159809589092,(0.06316170719216338-0.14560733016620503j),1552.3556902903426
3688,4.118793750000001,0.004476303947338584,(-0.03883858155365018+0.10855481229786014j),1552.7767251941373
3689,4.118893750000001,0.0044287583550230315,(-0.008404756935318407-0.17935803051165888j),1553.1977600979317
3690,4.1189937500000005,0.004975525430742029,(0.06915798173966536-0.09460457181488005j),1553.6187950017263
3691,4.11909375,0.0049382041143478436,(0.01566918205431228+0.01665991065525145j),1554.0398299055207
3692,4.119193750000001,0.0047855224391860325,(0.1272564296133251-0.03890186228874519j),1554.4608648093154
3693,4.119293750000001,0.0052053050624538705,(-0.17093190488069665+0.07235251744232743j),1554.8818997131098
3694,4.11939375,0.004892536466853373,(0.2377950386416691-0.136785546176734j),1555.3029346169042
3695,4.11949375,0.004251656274377075,(0.07916463481611169+0.28329995795246316j),1555.7239695206988
3696,4.119593750000001,0.0029924401872751063,(-0.20870525822278804-0.28575089521660296j),1556.1450044244932
3697,4.119693750000001,0.00303818601856973,(0.16845756467471817-0.14700702512393227j),1556.5660393282878
3698,4.11979375,0.0037674773773736588,(0.10800184155243592-0.258098119974422j),1556.9870742320823
3699,4.11989375,0.0041457134444850335,(0.49143172838372673+0.32566669519558533j),1557.4081091358769
3700,4.119993750000001,0.004223411211865866,(-0.08919436003555498+0.2519374869942761j),1557.8291440396713
3701,4.1200937500000006,0.004335203028068402,(-0.03809666085924612-0.09398679167083265j),1558.2501789434657
3702,4.12019375,0.004562009897438871,(-0.10693533053246876-0.08095968437680323j),1558.6712138472603
3703,4.12029375,0.004719449506391013,(0.31604461029382624+0.017986933858643098j),1559.0922487510547
3704,4.120393750000001,0.003208049245517281,(-0.1598812825169888+0.28054496115279803j),1559.5132836548494
3705,4.1204937500000005,0.003382101207500624,(-0.11845029788914636+0.3154628424912577j),1559.9343185586438
3706,4.12059375,0.0027747828760598644,(0.014806291687074181-0.2683970573099903j),1560.3553534624384
3707,4.120693750000001,0.0032714474895188124,(0.06472446106685106-0.03863300890146086j),1560.7763883662328
3708,4.120793750000001,0.002625518134255443,(0.018600159926835766+0.08471267221730966j),1561.1974232700272
3709,4.1208937500000005,0.0018461033458288464,(-0.1219107100448926+0.1923146615476659j),1561.6184581738219
3710,4.12099375,0.0018234867491647207,(0.04558391946382179+0.03597664127611451j),1562.0394930776163
3711,4.121093750000001,0.0031919040902284386,(0.13039768383949993+0.18625380044072282j),1562.460527981411
3712,4.121193750000001,0.0028587196166734233,(0.031963488450324595+0.2098600072002387j),1562.8815628852053
3713,4.12129375,0.0032258750370920864,(-0.26130895943948224+0.08609737762531447j),1563.302597789
3714,4.12139375,0.003428133653347377,(0.02724323744022844-0.22962637574210742j),1563.7236326927944
3715,4.121493750000001,0.0040394447817282,(0.2418787240470755+0.03384714316407045j),1564.144667596589
3716,4.121593750000001,0.004947738682578864,(0.026771052580379817+0.22899055973276763j),1564.5657025003834
3717,4.12169375,0.004196643310589593,(-0.22281612855307387+0.008860997570286286j),1564.9867374041778
3718,4.12179375,0.0044803694844840715,(0.061157441217752975-0.011623865321840149j),1565.4077723079724
3719,4.121893750000001,0.003568790270924319,(0.09780804417373487+0.17548600615765894j),1565.8288072117668
3720,4.121993750000001,0.003709464838251766,(-0.0801829795350562+0.05743472942729603j),1566.2498421155615
3721,4.12209375,0.0033528087335443625,(0.0033816605916905454-0.05731596839385966j),1566.6708770193559
3722,4.12219375,0.0037341726720071878,(-0.01720855700258997+0.033688632979346794j),1567.0919119231505
3723,4.122293750000001,0.004646305030832409,(0.11792727104449037-0.043812411514826954j),1567.512946826945
3724,4.1223937500000005,0.004735626304247767,(-0.03801617858065323+0.06825602719273213j),1567.9339817307393
3725,4.12249375,0.0050194720501964794,(-0.05618731748051134-0.07366365594761709j),1568.355016634534
3726,4.122593750000001,0.004957139205621442,(0.18194664841784103+0.2407265151383537j),1568.7760515383284
3727,4.122693750000001,0.005017758021270608,(-0.20074927516121704+0.22256578296259333j),1569.197086442123
3728,4.1227937500000005,0.004895877927917646,(-0.25064302050261156-0.01164992452625098j),1569.6181213459174
3729,4.12289375,0.005399410434741989,(-0.10087123497187683-0.120726627504915j),1570.039156249712
3730,4.122993750000001,0.0054382983252894935,(0.16565461516825422-0.03697978008584485j),1570.4601911535065
3731,4.123093750000001,0.005609952872958854,(-0.053200736265590735+0.062317166265176166j),1570.8812260573009
3732,4.12319375,0.004982402138485945,(0.06994867062145035-0.09870608883637583j),1571.3022609610955
3733,4.12329375,0.005282793222600306,(-0.19048809974416658-0.0786225241793295j),1571.72329586489
3734,4.123393750000001,0.005785585672797017,(0.147893898012174-0.08361078776048653j),1572.1443307686845
3735,4.123493750000001,0.0061980843247382315,(0.19061899723780226-0.13836240031474506j),1572.565365672479
3736,4.12359375,0.006180798907119592,(-0.08207595496645523+0.06030247547431229j),1572.9864005762736
3737,4.12369375,0.006500852386239778,(-0.05036413903649996+0.11308070356616715j),1573.407435480068
3738,4.123793750000001,0.006035148015452405,(-0.06925648425847038+0.013164816088973397j),1573.8284703838626
3739,4.123893750000001,0.006623102843530082,(0.06979035624998486-0.054898824464811716j),1574.249505287657
3740,4.12399375,0.007253132308365088,(-0.005017171801942735-0.14937541153862965j),1574.6705401914514
3741,4.12409375,0.006919131345731139,(-0.08074176802638845-0.00816444637183509j),1575.091575095246
3742,4.124193750000001,0.007737021372746329,(-0.027988463612274875-0.036351529834581356j),1575.5126099990405
3743,4.1242937500000005,0.007529858517599221,(0.22019504069446622-0.09761809482991703j),1575.933644902835
3744,4.12439375,0.008373028358255933,(0.22125539360179441+0.2910783480550745j),1576.3546798066295
3745,4.124493750000001,0.00909550815811359,(-0.09093004127680053+0.05704562577780592j),1576.7757147104242
3746,4.124593750000001,0.009301156492223387,(-0.027181317601756565-0.0010540086407423935j),1577.1967496142186
3747,4.1246937500000005,0.008284055012954695,(-0.00805628523335121-0.10011454238868155j),1577.617784518013
3748,4.12479375,0.0071572139808157445,(0.08719895834100552+0.02667338623381471j),1578.0388194218076
3749,4.124893750000001,0.007197148743310811,(-0.011717213130894813+0.06806497794964447j),1578.459854325602
3750,4.124993750000001,0.006837074967086259,(-0.1425485049730944-0.004221124354790048j),1578.8808892293966
3751,4.1250937500000004,0.006373493927266132,(-0.02992814057419413-0.14209870505775862j),1579.301924133191
3752,4.12519375,0.006396924257646721,(0.15338844751774727+0.012730981709790895j),1579.7229590369857
3753,4.125293750000001,0.007689463309395021,(0.04412975906305719-0.08024887932414684j),1580.14399394078
3754,4.125393750000001,0.008541831280226899,(0.3028620139652285-0.04190777924938331j),1580.5650288445745
3755,4.12549375,0.007061838469295961,(0.26366365641298356+0.06795200447187247j),1580.9860637483691
3756,4.12559375,0.006530734449561224,(0.3580832945008635+0.33936793732905385j),1581.4070986521635
3757,4.125693750000001,0.00681538204996243,(-0.3640425428301672+0.6650441905705404j),1581.8281335559582
3758,4.125793750000001,0.008091185050624573,(-0.6172754536389673-0.15876379042870783j),1582.2491684597526
3759,4.12589375,0.008479679957306918,(-0.20454914706553334-0.2047828133813192j),1582.6702033635472
3760,4.12599375,0.0075488847965539795,(0.25408335968236523-0.31568178353237797j),1583.0912382673416
3761,4.126093750000001,0.007821843732763564,(0.2625069624203707+0.5513909353506816j),1583.5122731711363
3762,4.1261937500000005,0.007145393428041455,(-0.3011383697569959+0.12802571654442518j),1583.9333080749307
3763,4.12629375,0.006610341191528342,(-0.31135487003356743+0.1921369262263613j),1584.354342978725
3764,4.126393750000001,0.005784764849057828,(0.1604130363507127-0.41753785995667736j),1584.7753778825197
3765,4.126493750000001,0.00681685700286184,(0.07427792587811309+0.39719431250515586j),1585.196412786314
3766,4.1265937500000005,0.00668030716414605,(-0.055455205848054356+0.06755762071898029j),1585.6174476901087
3767,4.12669375,0.007062740607415174,(-0.13617533930969036-0.29247837679189426j),1586.0384825939032
3768,4.126793750000001,0.006528518367457477,(0.40380732837795885-0.10483905613442626j),1586.4595174976978
3769,4.126893750000001,0.005787446307934402,(0.07347776800496009+0.2066626797163154j),1586.8805524014922
3770,4.1269937500000005,0.005829710417823669,(-0.03703968165683591-0.026254239816517387j),1587.3015873052866
3771,4.12709375,0.003617638695317929,(-0.037060216497345616-0.09614946640453409j),1587.7226222090812
3772,4.127193750000001,0.005729973068477398,(0.005479447442211554-0.016144091207269014j),1588.1436571128756
3773,4.127293750000001,0.005994063501674779,(-0.12670665859923075+0.213490441752908j),1588.5646920166703
3774,4.12739375,0.006116784801259182,(-0.2674167161830552+0.005085859753840662j),1588.9857269204647
3775,4.12749375,0.005155037735362605,(-0.11336859990829226-0.15703674075485297j),1589.4067618242593
3776,4.127593750000001,0.004202355807614754,(0.19286344265606026-0.002251154793209656j),1589.8277967280537
3777,4.127693750000001,0.004047867653350989,(-0.14239197035508233+0.297921881370819j),1590.2488316318481
3778,4.12779375,0.003202667498927756,(-0.2394870890886984-0.16811934605094137j),1590.6698665356428
3779,4.12789375,0.004515329649719978,(0.21580799043654572-0.2295610105495899j),1591.0909014394372
3780,4.127993750000001,0.004708294099292346,(0.06453474420253044+0.16168777672151383j),1591.5119363432318
3781,4.128093750000001,0.005661863821994484,(-0.23353560223267172+0.12420936661506564j),1591.9329712470262
3782,4.12819375,0.0034469673557195307,(-0.07863050186368536-0.1389379061183811j),1592.3540061508209
3783,4.12829375,0.002831244408079409,(0.26107213473204505+0.12918362618643192j),1592.7750410546153
3784,4.128393750000001,0.002656460093925929,(-0.17687766131316834+0.09911443092478371j),1593.1960759584097
3785,4.1284937500000005,0.005282548161158176,(-0.10390037946348948-0.20017233232214401j),1593.6171108622043
3786,4.12859375,0.005538769964110157,(0.10446478437758018-0.13197490034132686j),1594.0381457659987
3787,4.128693750000001,0.004278842419149536,(0.45738493629158034+0.048421697937049264j),1594.4591806697933
3788,4.128793750000001,0.001966847831269769,(-0.04961770769147596+0.6753207704002058j),1594.8802155735877
3789,4.1288937500000005,0.0024043041970279013,(-0.5114700212098503+0.068573430769446j),1595.3012504773824
3790,4.12899375,0.0029769243826543155,(-0.21287663630338338-0.2229905807358159j),1595.7222853811768
3791,4.129093750000001,0.0026194467758398733,(0.060778872003127565-0.20044391848283272j),1596.1433202849714
3792,4.129193750000001,0.001984964272950369,(0.1348433004825274+0.1171903636112618j),1596.5643551887658
3793,4.12929375,0.002053888077199546,(-0.11539690843805864+0.11281626720699095j),1596.9853900925602
3794,4.12939375,0.0040128766322054706,(0.04813212437103985-0.003301818671220716j),1597.4064249963549
3795,4.129493750000001,0.003698467254048715,(0.1277567206242013+0.027020903911558286j),1597.8274599001493
3796,4.129593750000001,0.002861475667382669,(-0.078305514259709-0.19992537919799414j),1598.248494803944
3797,4.12969375,0.0013920622585288532,(-0.06557459863161945+0.037005722284409445j),1598.6695297077383
3798,4.12979375,0.003380094464995846,(-0.03885884407028465+0.08617769641225093j),1599.090564611533
3799,4.129893750000001,0.0037204342331048955,(-0.07076434345780297-0.09463483574347471j),1599.5115995153274
3800,4.129993750000001,0.004215080413345316,(0.11352827954180084-0.06944381209572953j),1599.9326344191218
3801,4.13009375,0.0044019876233873595,(0.004534909053559827+0.037716656455359626j),1600.3536693229164
3802,4.13019375,0.00387932850588945,(-0.07857294376585991-0.05700334082951233j),1600.7747042267108
3803,4.130293750000001,0.004024957166656647,(-0.010040141774143706-0.026348268436456254j),1601.1957391305054
3804,4.1303937500000005,0.0045043971031307785,(0.06508259440183513-0.10628531894875043j),1601.6167740342999
3805,4.13049375,0.003621535102649734,(0.08788416564105692+0.16146894497087094j),1602.0378089380945
3806,4.130593750000001,0.0023130348464515116,(-0.23147961105917142+0.023731075820251843j),1602.458843841889
3807,4.130693750000001,0.00393084329967048,(-0.10854664716887584-0.1434253998699141j),1602.8798787456833
3808,4.1307937500000005,0.005510999605669895,(0.17875734414640415-0.11687972583319069j),1603.300913649478
3809,4.13089375,0.006361233879836054,(0.05593777371424186+0.160450925579337j),1603.7219485532723
3810,4.130993750000001,0.004497694825208231,(-0.05568142136151599-0.11219058289032934j),1604.142983457067
3811,4.131093750000001,0.005034664780357345,(-0.011126360832676947-0.02724588433263893j),1604.5640183608614
3812,4.13119375,0.004922571163997301,(-0.10744767818443632+0.095469278355259j),1604.985053264656
3813,4.13129375,0.006145164754352726,(0.15896908577998092+0.08208389382367236j),1605.4060881684504
3814,4.131393750000001,0.004790458625930566,(-0.44951173345205936+0.05827156116062192j),1605.827123072245
3815,4.131493750000001,0.00473899585374175,(0.0005801619873678984-0.37665993796726566j),1606.2481579760395
3816,4.13159375,0.005449431555491532,(0.022451172827585297+0.15074860928938927j),1606.6691928798339
3817,4.13169375,0.0070464859152626095,(-0.03091101486337109-0.6532327773962125j),1607.0902277836285
3818,4.131793750000001,0.0067176560860787715,(0.773854976121573+0.1922531372240483j),1607.511262687423
3819,4.131893750000001,0.006353365839615573,(-0.07065201811250052+0.28307461236077425j),1607.9322975912175
3820,4.13199375,0.005890462388938289,(0.2671358494450795+0.3571997425402045j),1608.353332495012
3821,4.13209375,0.006568021443801194,(-0.5680107012289957+0.04350661602357672j),1608.7743673988066
3822,4.132193750000001,0.007113845518439922,(0.5374993282711829-0.3097899904571368j),1609.195402302601
3823,4.1322937500000005,0.007402179922490631,(-0.1597303344513038+0.15359395225251588j),1609.6164372063954
3824,4.13239375,0.007828033491977504,(0.2655000968471588+0.25018499702112107j),1610.03747211019
3825,4.132493750000001,0.008513093667746264,(-0.22308349539581895-0.4726484203321048j),1610.4585070139844
3826,4.132593750000001,0.009258313369679663,(-0.02079735167934762+0.4426841697477265j),1610.879541917779
3827,4.1326937500000005,0.008409881502933085,(0.06420775574135754+0.10194180875738733j),1611.3005768215735
3828,4.13279375,0.007675024224602497,(0.016490518059616377+0.14308378247222953j),1611.7216117253681
3829,4.132893750000001,0.006581469795774996,(-0.12683758067278972-0.11284585209594819j),1612.1426466291625
3830,4.132993750000001,0.007911794271012204,(0.020768892361965312-0.007756459102046309j),1612.563681532957
3831,4.1330937500000005,0.009268177114780176,(-0.15240707306933005+0.06950407730882782j),1612.9847164367516
3832,4.13319375,0.008431079805176519,(0.04054408349787537+0.04258582838094959j),1613.405751340546
3833,4.133293750000001,0.007209969997787881,(0.1473307653471373-0.03321015640073567j),1613.8267862443406
3834,4.133393750000001,0.007925271060797401,(0.09129931186272469+0.37704329344994003j),1614.247821148135
3835,4.13349375,0.006987343227790676,(-0.3735122078191472-0.1077071852330217j),1614.6688560519297
3836,4.13359375,0.0065963164830133165,(0.008395228513072076-0.04532533761397861j),1615.089890955724
3837,4.133693750000001,0.0055787344369513615,(0.1926162449992881+0.05157391431763705j),1615.5109258595187
3838,4.133793750000001,0.006122658763331679,(-0.1258014360224346+0.09337424533928051j),1615.931960763313
3839,4.13389375,0.008202220627668157,(-0.019893098211531082-0.07167628726265869j),1616.3529956671075
3840,4.13399375,0.008671042597985476,(0.10074575962423298-0.0006264999559412385j),1616.7740305709021
3841,4.134093750000001,0.00928557140763642,(0.2517362398360064+0.01383708052939444j),1617.1950654746965
3842,4.1341937500000006,0.0072676161904578086,(-0.23648473007293075+0.41294683992826897j),1617.6161003784912
3843,4.13429375,0.006563385897032593,(-0.3637553836341504-0.19187538077165583j),1618.0371352822856
3844,4.134393750000001,0.006454904723540715,(0.3316566947490408+0.09493589273839582j),1618.4581701860802
3845,4.134493750000001,0.006519097383249565,(-0.29593335354488315+0.6737652536364616j),1618.8792050898746
3846,4.1345937500000005,0.006299594907085924,(-0.9959418454982267-0.10990212525797431j),1619.300239993669
3847,4.13469375,0.006886685398799659,(-0.42986992593119266-0.810516998777319j),1619.7212748974637
3848,4.134793750000001,0.0073137215803617765,(0.540557280925569-1.0140084095395387j),1620.142309801258
3849,4.134893750000001,0.008155611670146133,(0.9927602191553722+0.35579449310669875j),1620.5633447050527
3850,4.1349937500000005,0.006819704283137679,(-0.06324083523617428+0.5807588840944784j),1620.9843796088471
3851,4.13509375,0.005420968274365224,(-0.19400729609598083+0.12980506105031692j),1621.4054145126418
3852,4.135193750000001,0.005117046986627962,(-0.1780637055598331-0.3912336871307551j),1621.8264494164362
3853,4.135293750000001,0.005609527224133692,(0.4185027455061243-0.13372456181750625j),1622.2474843202306
3854,4.13539375,0.006053912935491991,(0.37520523923122295-0.009147789759633138j),1622.6685192240252
3855,4.13549375,0.004957892769242915,(-0.10472637252608044+0.04998128974916576j),1623.0895541278196
3856,4.135593750000001,0.005285715987531921,(-0.05663945842052667+0.06978652413970457j),1623.5105890316142
3857,4.135693750000001,0.004775552702511038,(0.20359108253538305-0.03172552112088139j),1623.9316239354087
3858,4.13579375,0.005585185731053465,(0.18836437463351474+0.14294590354375344j),1624.3526588392033
3859,4.13589375,0.004531603801615834,(-0.020859575132436997+0.26638262329167245j),1624.7736937429977
3860,4.135993750000001,0.004954528283713627,(-0.28885405400068365-0.15617244788957574j),1625.194728646792
3861,4.136093750000001,0.003987146187395032,(-0.0036586807702732177-0.2162862954659862j),1625.6157635505867
3862,4.13619375,0.004624716770316274,(0.15356383529662415-0.0666876672206784j),1626.0367984543811
3863,4.13629375,0.003430207368246452,(-0.16904601539003325+0.36148660420599454j),1626.4578333581758
3864,4.136393750000001,0.00339009568501281,(-0.2224386392440437-0.04500861868231848j),1626.8788682619702
3865,4.1364937500000005,0.0032328111855909883,(0.028484398539458295+0.09166396914437493j),1627.2999031657648
3866,4.13659375,0.003931705878637439,(0.06703148617442381+0.10497764272344344j),1627.7209380695592
3867,4.136693750000001,0.003690659079181081,(-0.2151991861851368+0.1946972457553225j),1628.1419729733539
3868,4.136793750000001,0.0024193534394035326,(-0.11067757087047563-0.10463270978738277j),1628.5630078771483
3869,4.1368937500000005,0.0026250235240130515,(0.042800409714468655-0.17822922370096356j),1628.9840427809427
3870,4.13699375,0.004106292759458821,(0.15881837630378853+0.21499355299944928j),1629.4050776847373
3871,4.137093750000001,0.004988897318615786,(-0.253894155692636+0.012930649539967545j),1629.8261125885317
3872,4.137193750000001,0.005081100539442474,(0.023012984084971655-0.20643488211423316j),1630.2471474923263
3873,4.13729375,0.003915981655691882,(0.036502347865996834+0.08000945092684265j),1630.6681823961208
3874,4.13739375,0.0037706182584660536,(-0.23706766326413886+0.20193120950698795j),1631.0892172999154
3875,4.137493750000001,0.0038965402933342826,(-0.3720240046529816-0.21187226751791888j),1631.5102522037098
3876,4.137593750000001,0.002631233280648342,(0.08439576071077028-0.33641999319474697j),1631.9312871075042
3877,4.13769375,0.0034070454459238955,(0.3133794854719454+0.011583416946260666j),1632.3523220112988
3878,4.13779375,0.002444883480413848,(-0.19877354352233786+0.17724812046185584j),1632.7733569150932
3879,4.137893750000001,0.003722210927548595,(-0.15904006839400192-0.15811591439711228j),1633.1943918188879
3880,4.137993750000001,0.00340712215419733,(-0.026713107759740166-0.08837754873905798j),1633.6154267226823
3881,4.13809375,0.003887647920197401,(0.4981668531115231+0.03168952736286004j),1634.036461626477
3882,4.13819375,0.0033761146998963314,(-0.19914465546727328+0.1538887772929635j),1634.4574965302713
3883,4.138293750000001,0.0029770139621220363,(0.08742756169910343+0.1176852557741522j),1634.8785314340657
3884,4.1383937500000005,0.002965099929908766,(0.1207094635868722-0.21864323445994432j),1635.2995663378604
3885,4.13849375,0.004616851174345741,(-0.021423907279135318+0.042204481697496576j),1635.7206012416548
3886,4.138593750000001,0.005198179664815932,(-0.14087287214900893+0.10451329053415959j),1636.1416361454494
3887,4.138693750000001,0.00570760728065393,(-0.0491750452595051-0.01906695733786349j),1636.5626710492438
3888,4.1387937500000005,0.004890601651479026,(0.11512350616844427+0.07246830172596572j),1636.9837059530385
3889,4.13889375,0.004063925288723962,(0.032832819855470444+0.07535561368349977j),1637.4047408568329
3890,4.138993750000001,0.003807153894255709,(-0.03443281645955443-0.12848399035177852j),1637.8257757606275
3891,4.139093750000001,0.002870218165952161,(0.18640417030175324-0.11914397989637704j),1638.246810664422
3892,4.1391937500000004,0.0028150379717941628,(0.01836916827428539+0.10973496587121856j),1638.6678455682163
3893,4.13929375,0.0034115070347082734,(-0.1459010416745558+0.03488468067157428j),1639.088880472011
3894,4.139393750000001,0.004499160577403947,(-0.11462582088570987-0.14935072168044172j),1639.5099153758053
3895,4.139493750000001,0.00576284052218401,(0.06756669570806371+0.04643578519295362j),1639.9309502796
3896,4.13959375,0.006467358698631304,(-0.08905306943872301+0.2057066018557647j),1640.3519851833944
3897,4.13969375,0.006412423566763037,(-0.21587467079344824-0.026251925291120685j),1640.773020087189
3898,4.139793750000001,0.0061582470621994465,(0.11552707740771667-0.04896129670460556j),1641.1940549909834
3899,4.139893750000001,0.005943065097343791,(0.1531012824187493+0.0513160762900913j),1641.6150898947778
3900,4.13999375,0.005222307713318526,(-0.09428517468247136+0.07323098156928862j),1642.0361247985725
3901,4.14009375,0.005869872770446073,(0.013044665705379325-0.17229751982775107j),1642.4571597023669
3902,4.140193750000001,0.006429998391585933,(0.13355121898355712+0.24695039278211192j),1642.8781946061615
3903,4.1402937500000005,0.0072633946456483415,(-0.04682326611128687-0.03018151371830588j),1643.299229509956
3904,4.14039375,0.007144136350168585,(0.0420377637109504+0.11055713508113826j),1643.7202644137506
3905,4.140493750000001,0.006210711644295731,(-0.08839481419524675+0.1803439004806252j),1644.141299317545
3906,4.140593750000001,0.005914978543299823,(-0.11080609999286055+0.24432586028648628j),1644.5623342213394
3907,4.1406937500000005,0.006310365873911569,(-0.39566413223764046+0.16954377684988733j),1644.983369125134
3908,4.14079375,0.006653213036674548,(-0.13838068456432537-0.6338506047872781j),1645.4044040289284
3909,4.140893750000001,0.007404878777474427,(0.17657502786747437-0.03160453019178809j),1645.825438932723
3910,4.140993750000001,0.008109330656056122,(0.11341241933818949-0.0734664969413737j),1646.2464738365175
3911,4.1410937500000005,0.007880269243004468,(-0.10443404467992473+0.43444035688510296j),1646.667508740312
3912,4.14119375,0.007919540223860403,(-0.23193236203414713-0.18548508573400005j),1647.0885436441065
3913,4.141293750000001,0.00829530310666978,(-0.004783592287281785-0.009412286731572135j),1647.5095785479011
3914,4.141393750000001,0.008168296284273758,(0.05490774881517475-0.23777458726513664j),1647.9306134516955
3915,4.14149375,0.006160207692023779,(-0.062071507325562644-0.1030353724450184j),1648.35164835549
3916,4.14159375,0.006323427075562825,(0.24669765882581005+0.08951883448124379j),1648.7726832592846
3917,4.141693750000001,0.006994683295594162,(-0.13609044972705758+0.1392608804281474j),1649.193718163079
3918,4.141793750000001,0.007874831870704865,(-0.11422040661015521+0.07597037831746789j),1649.6147530668736
3919,4.14189375,0.007657799526737754,(0.07282208020046227+0.03395235631538385j),1650.035787970668
3920,4.14199375,0.00779460871133817,(-0.045969030186467176+0.17430957836012823j),1650.4568228744627
3921,4.142093750000001,0.0064835321894816346,(-0.1759904541113469-0.019681145808121577j),1650.877857778257
3922,4.142193750000001,0.006394750491390153,(-0.07839284753744484-0.23285660053334195j),1651.2988926820515
3923,4.14229375,0.006120966297798118,(0.22745640979324547-0.17911413396595516j),1651.719927585846
3924,4.14239375,0.00719004964877435,(0.22452289839773282+0.09037666753864128j),1652.1409624896405
3925,4.142493750000001,0.008897491434296205,(-0.18666816547536563+0.21958511981364073j),1652.5619973934351
3926,4.1425937500000005,0.00841771648090318,(-0.10973815055119943-0.19689150450360499j),1652.9830322972296
3927,4.14269375,0.008841358828611416,(0.10015286442329907-0.02038077135139779j),1653.4040672010242
3928,4.142793750000001,0.008815712298528011,(-0.13238378915736312+0.04294964017989522j),1653.8251021048186
3929,4.142893750000001,0.007564925730151806,(0.0030876223590942282-0.12572973721349417j),1654.246137008613
3930,4.1429937500000005,0.00509621744592322,(0.19295928334252987-0.11166077985513655j),1654.6671719124076
3931,4.14309375,0.004757076818990814,(0.036695053608225524+0.03651470787765879j),1655.088206816202
3932,4.143193750000001,0.0061426955099977395,(0.11663090616927041-0.0029147562017459022j),1655.5092417199967
3933,4.143293750000001,0.007010729157759045,(-0.183796804145114-0.12905325942642012j),1655.930276623791
3934,4.14339375,0.005471922472511826,(0.44371629629556064-0.16447296231684452j),1656.3513115275857
3935,4.14349375,0.006162105287108228,(0.1730255682125898+0.4603203889256967j),1656.7723464313801
3936,4.143593750000001,0.005542341532895495,(-0.1863148083768325-0.048821721515317426j),1657.1933813351748
3937,4.143693750000001,0.005533388804958918,(0.14788357823737058+0.04298139388029693j),1657.6144162389692
3938,4.14379375,0.005158759574887878,(-0.15856009667811996+0.029646904322397267j),1658.0354511427636
3939,4.14389375,0.006307477798348903,(0.2573504146006773+0.13620165431381714j),1658.4564860465582
3940,4.143993750000001,0.006907437021225465,(-0.5508806431024025+0.07126996929946941j),1658.8775209503526
3941,4.144093750000001,0.005452644578797289,(0.46049754607255183-0.13359474355739503j),1659.2985558541473
3942,4.14419375,0.004162352946646881,(-0.4832369322707653+0.15789405478511512j),1659.7195907579417
3943,4.14429375,0.003612627179507766,(0.18235498146527224+0.09261969874797957j),1660.1406256617363
3944,4.144393750000001,0.004982412048071239,(-0.2098446169418519-0.4702251116703685j),1660.5616605655307
3945,4.1444937500000005,0.005879203330373388,(0.03368882368326763+0.3842241148677618j),1660.982695469325
3946,4.14459375,0.005150607886857073,(-0.159615622171944-0.16234381830949524j),1661.4037303731197
3947,4.144693750000001,0.004941792180536937,(-0.056932327467208436+0.03625561107725048j),1661.8247652769141
3948,4.144793750000001,0.003880891059959258,(0.304202407352568-0.10003431546667378j),1662.2458001807088
3949,4.1448937500000005,0.00318917974960783,(0.0039243395736427295+0.008040818481368749j),1662.6668350845032
3950,4.14499375,0.0027269458537487763,(-0.06930154272447334-0.08081631667210569j),1663.0878699882978
3951,4.145093750000001,0.001675359306781285,(-0.015656715592724735-0.13408328692815763j),1663.5089048920922
3952,4.145193750000001,0.0028615792014142264,(0.19864825563857097+0.042778623423354784j),1663.9299397958866
3953,4.14529375,0.0029687240818593525,(-0.15187884125965212+0.4072401519775097j),1664.3509746996813
3954,4.14539375,0.005250240622004127,(-0.38201179632607385-0.31275631570664225j),1664.7720096034757
3955,4.145493750000001,0.004484894616027086,(0.20768708019128795-0.23734351461948916j),1665.1930445072703
3956,4.145593750000001,0.0028562217082116776,(0.23235117856911142+0.18175812005454062j),1665.6140794110647
3957,4.14569375,0.0022914269324386415,(-0.10323540970971676+0.1727160529824039j),1666.0351143148594
3958,4.14579375,0.0025738609313751726,(-0.10304175602863913-0.11087227702697029j),1666.4561492186538
3959,4.145893750000001,0.002803096490111609,(0.19946512100914376+0.06435250544747487j),1666.8771841224482
3960,4.145993750000001,0.003266250504125416,(-0.10424210228637981+0.14612644660911134j),1667.2982190262428
3961,4.14609375,0.0028621284352708296,(-0.3131393144758745+0.22016454652884565j),1667.7192539300372
3962,4.14619375,0.0029500381402934018,(-0.2933885490278112-0.4273557205953662j),1668.1402888338318
3963,4.146293750000001,0.0024681436315618956,(0.3933574493097247+0.2538975127197214j),1668.5613237376263
3964,4.1463937500000005,0.00287312520005067,(-0.7619050730813772+0.18275763061968048j),1668.982358641421
3965,4.14649375,0.003428845665090405,(-0.27938055545977847-0.7661036338750371j),1669.4033935452153
3966,4.146593750000001,0.0035303642114806154,(0.13747972830787522-0.5423345431179535j),1669.82442844901
3967,4.146693750000001,0.003966410398833122,(0.8113497352720579-0.6048479224135396j),1670.2454633528043
3968,4.1467937500000005,0.0034475765580344437,(0.7780038174763906+0.9649420595890217j),1670.6664982565987
3969,4.14689375,0.0039954020116252,(-0.6732483810479324+0.2603196502709597j),1671.0875331603934
3970,4.146993750000001,0.004147302290385981,(0.02158910897837891+0.2078348595052304j),1671.5085680641878
3971,4.147093750000001,0.00472427537964508,(-0.6557439633534092-0.5903061447086557j),1671.9296029679824
3972,4.1471937500000005,0.004395109626113273,(0.8140352408506687+0.023430184508740813j),1672.3506378717768
3973,4.14729375,0.0033757915257139797,(0.011796126635360879-0.23441650220696458j),1672.7716727755715
3974,4.147393750000001,0.0030511394743287525,(-0.12277242565135575+0.8855463756650488j),1673.1927076793659
3975,4.147493750000001,0.004201247607349907,(-0.2647328691713052-0.5178541218514303j),1673.6137425831603
3976,4.14759375,0.004649044310827493,(-0.036891287121682506-0.2161862923885559j),1674.034777486955
3977,4.14769375,0.005687875733394587,(0.3823105728753452+0.04880326189915967j),1674.4558123907493
3978,4.147793750000001,0.004756028991687659,(-0.29901751061137766+0.2822781780315224j),1674.876847294544
3979,4.147893750000001,0.004998827428225638,(-0.11966987161120153-0.3729519139226543j),1675.2978821983384
3980,4.14799375,0.006576082641571778,(0.3040578680781648-0.20310220923428285j),1675.718917102133
3981,4.14809375,0.00635900075038006,(0.17058011668733258+0.22659218352606872j),1676.1399520059274
3982,4.148193750000001,0.006360922973408804,(-0.2760607139612942+0.08550665675937007j),1676.5609869097218
3983,4.148293750000001,0.004855617116489308,(-0.00012697883739041377-0.5851341809087612j),1676.9820218135164
3984,4.14839375,0.00467612499910492,(0.5606199359030098+0.04071477835352719j),1677.4030567173108
3985,4.14849375,0.004905889353219083,(0.13469012988045492+0.3695915586668992j),1677.8240916211055
3986,4.148593750000001,0.006260835820917561,(-0.37437038792258703+0.06294528950458919j),1678.2451265249
3987,4.1486937500000005,0.0066901567456471075,(0.09078337785270293-0.3521036080258838j),1678.6661614286945
3988,4.14879375,0.007869621191664674,(0.32378255128063615+0.11893546592411178j),1679.087196332489
3989,4.148893750000001,0.008269134967700204,(-0.08016187208666614+0.05291940200409099j),1679.5082312362836
3990,4.148993750000001,0.007829784127717381,(0.011103921659167671-0.21856295895282796j),1679.929266140078
3991,4.1490937500000005,0.0077231657726455315,(0.6096918049624254-0.18052060834710082j),1680.3503010438724
3992,4.14919375,0.006541434469896126,(0.2549615585385767+0.7673478042741855j),1680.771335947667
3993,4.149293750000001,0.006403984739784816,(-0.49361960845593456-0.06357704087536836j),1681.1923708514614
3994,4.149393750000001,0.008451848268516669,(0.4679198291578763-0.33963608029380454j),1681.613405755256
3995,4.14949375,0.008189700899760304,(0.7792311927888161+0.538037468813621j),1682.0344406590505
3996,4.14959375,0.007712142103484915,(-0.01069551320085485+1.3405114881594093j),1682.455475562845
3997,4.149693750000001,0.006743605727244897,(-1.5838818483465689+0.6599908697229313j),1682.8765104666395
3998,4.149793750000001,0.006502443395196869,(-1.0013669128342715-1.2038759495425413j),1683.297545370434
3999,4.14989375,0.007714570749495088,(0.484940954961277-0.817065712549448j),1683.7185802742285
4000,4.14999375,0.0070833362904722235,(0.7831499179506831-0.15561124519962508j),1684.139615178023
4001,4.150093750000001,0.007298121612892986,(0.25537252822625595+1.2184134862958118j),1684.5606500818176
4002,4.150193750000001,0.007233869351525991,(-0.7023333322685232+0.174575915125322j),1684.981684985612
4003,4.150293750000001,0.0076626665396314925,(-0.6746617238401302-0.1304513704618927j),1685.4027198894066
4004,4.150393750000001,0.00789842336974033,(0.1910739257065453-0.5817283057926586j),1685.823754793201
4005,4.150493750000001,0.007068564887095173,(0.22577843035927977+0.05611160442585534j),1686.2447896969954
4006,4.1505937500000005,0.006525028826918173,(-0.07050183605817656+0.29091473921452893j),1686.66582460079
4007,4.150693750000001,0.006123226636756455,(-0.3258560783997742-0.11494108543813329j),1687.0868595045845
4008,4.150793750000001,0.006722112756009178,(0.14389472493279015-0.33932091702720124j),1687.5078944083791
4009,4.150893750000001,0.007925569811077032,(0.1944628984080017+0.3340686099033018j),1687.9289293121735
4010,4.1509937500000005,0.0074801383389899835,(-0.3096671479451666+0.2395093990965716j),1688.3499642159682
4011,4.151093750000001,0.007176761571700313,(-0.2761687572696341-0.25622223452651466j),1688.7709991197626
4012,4.151193750000001,0.006432106093306653,(0.3421262228596451-0.365744247703893j),1689.1920340235572
4013,4.151293750000001,0.007255961828246579,(0.11244486310856715+0.3340597617012444j),1689.6130689273516
4014,4.15139375,0.007115302129506048,(-0.24468999274340902+0.12275716899829987j),1690.034103831146
4015,4.151493750000001,0.006537652591092901,(-0.2101268525588617-0.29368201127527743j),1690.4551387349406
4016,4.151593750000001,0.005559300261982104,(0.2888374784828692-0.14037967866675863j),1690.876173638735
4017,4.151693750000001,0.006150669116385427,(0.03692080196155227+0.3218606730715154j),1691.2972085425297
4018,4.151793750000001,0.007034930458782116,(-0.35087210837917826-0.07852547820726742j),1691.718243446324
4019,4.151893750000001,0.005873022519970988,(0.09015492315593618-0.35797924472958j),1692.1392783501187
4020,4.151993750000001,0.004472518487836639,(0.463570340178849+0.2232709853577638j),1692.5603132539131
4021,4.152093750000001,0.004748076310574677,(-0.3823613724309345+0.49919974332320516j),1692.9813481577075
4022,4.152193750000001,0.005520526880195052,(-0.43022523133958346-0.39653874644724246j),1693.4023830615022
4023,4.152293750000001,0.006067952952396447,(0.2508222918815518-0.0789172385482842j),1693.8234179652966
4024,4.152393750000001,0.005010549582217569,(-0.09176624475819391+0.42601507532738103j),1694.2444528690912
4025,4.1524937500000005,0.004042547392307829,(-1.0474330720634275+0.18888452404313572j),1694.6654877728856
4026,4.152593750000001,0.004792872667808716,(-0.8585168840411054-1.3154053341811691j),1695.0865226766803
4027,4.152693750000001,0.00439736518556949,(1.0436684206312008-1.2810313928375745j),1695.5075575804747
4028,4.152793750000001,0.0044620449927796225,(1.2472753280701867+0.2620670777663972j),1695.928592484269
4029,4.1528937500000005,0.004982506968627213,(0.2722738425303748+0.9829521520197637j),1696.3496273880637
4030,4.152993750000001,0.0061743794084305,(-0.8653211461922201+0.48292388473812203j),1696.7706622918581
4031,4.153093750000001,0.005204119078793434,(-0.39563790902296736-0.6420292437951863j),1697.1916971956528
4032,4.153193750000001,0.0030548248064732413,(0.317884059581329-0.47614915324922114j),1697.6127320994472
4033,4.1532937500000005,0.0021768318180738415,(0.7059880525549471-0.1404736349457762j),1698.0337670032418
4034,4.153393750000001,0.0018306700508524617,(0.10865185926203094+0.5574724664111959j),1698.4548019070362
4035,4.153493750000001,0.0021839617347559374,(-0.19546230544267607+0.2165054220824691j),1698.8758368108308
4036,4.153593750000001,0.003059186670354758,(-0.264443414015183-0.17460409250598133j),1699.2968717146252
4037,4.153693750000001,0.002929554419617698,(0.28536408755064047-0.1316665356435589j),1699.7179066184196
4038,4.153793750000001,0.003957378234510989,(-0.023425567237123246+0.2969505049292382j),1700.1389415222143
4039,4.153893750000001,0.0031562074492388205,(-0.38575748717524794+0.0463822545908707j),1700.5599764260087
4040,4.153993750000001,0.003259251358724772,(-0.15355631498954783-0.36177861409106965j),1700.9810113298033
4041,4.154093750000001,0.0035136313154733004,(0.33227641021131304-0.05456418551659209j),1701.4020462335977
4042,4.154193750000001,0.003763017033971572,(-0.026903495651152853+0.18013629203939835j),1701.8230811373924
4043,4.154293750000001,0.004033748126700246,(-0.17540241021289998-0.057411992071798645j),1702.2441160411868
4044,4.1543937500000006,0.004148340230753936,(0.08351860721916513-0.24831295573621368j),1702.6651509449812
4045,4.154493750000001,0.003789733238243418,(0.3155437744203781+0.08346319032352567j),1703.0861858487758
4046,4.154593750000001,0.0029470311493512997,(-0.1896681197671558+0.19961416253135175j),1703.5072207525702
4047,4.154693750000001,0.002877975580933683,(-0.11213447849764374-0.23962208726899267j),1703.9282556563649
4048,4.1547937500000005,0.0026610691900086276,(0.09626109631749231-0.14810329184022764j),1704.3492905601593
4049,4.154893750000001,0.003637394473388412,(0.15387451429276194+0.1203690481279564j),1704.770325463954
4050,4.154993750000001,0.004173054091203234,(-0.14365954123244157-0.09448578399957627j),1705.1913603677483
4051,4.155093750000001,0.003878243518496947,(0.1665404103192113-0.1595116818420636j),1705.6123952715427
4052,4.1551937500000005,0.003733053057922795,(0.19520877126750918-0.03725687034966503j),1706.0334301753373
4053,4.155293750000001,0.0033589873263418293,(0.12351881186181789+0.015507759219449354j),1706.4544650791318
4054,4.155393750000001,0.0036581277802609524,(-0.03781961225279404-0.23801512947640008j),1706.8754999829264
4055,4.155493750000001,0.005057906898638061,(0.5788162927038922-0.4836838332899694j),1707.2965348867208
4056,4.15559375,0.00519446317501664,(1.1410828991300819+0.49282495109238544j),1707.7175697905154
4057,4.155693750000001,0.005078083668204109,(-0.08940110005524261+1.2551194533592023j),1708.1386046943098
4058,4.155793750000001,0.004254325618072607,(-0.7889579086483729+0.35007846922876507j),1708.5596395981042
4059,4.155893750000001,0.004394671137557026,(-0.6606047218241473-0.33427261687450116j),1708.9806745018989
4060,4.155993750000001,0.003906508235219006,(0.43333729314407515-0.7638234711213858j),1709.4017094056933
4061,4.156093750000001,0.004238475709304258,(0.6753601544301275+0.5223598210464044j),1709.822744309488
4062,4.156193750000001,0.005356084697041711,(-0.04449282710495601+0.5921192311444223j),1710.2437792132823
4063,4.156293750000001,0.005988741520509862,(-0.85407543796322+0.3133745917147263j),1710.664814117077
4064,4.156393750000001,0.005544013212632048,(-0.25769131941198353-0.44821170299338364j),1711.0858490208714
4065,4.156493750000001,0.005045157891812359,(0.09391267695185518-0.39394893166175093j),1711.506883924666
4066,4.156593750000001,0.004938466254859373,(0.4102231429491934+0.23506334478669288j),1711.9279188284604
4067,4.1566937500000005,0.005956094129906496,(-0.24488187080334026+0.17043217227061908j),1712.3489537322548
4068,4.156793750000001,0.00753889859073777,(-0.2230389576962207-0.1260761371266995j),1712.7699886360494
4069,4.156893750000001,0.007194068628238522,(-0.029923276808009942-0.15536843164091418j),1713.1910235398439
4070,4.156993750000001,0.0067793794268944385,(0.1505669194091006+0.17695523781855083j),1713.6120584436385
4071,4.1570937500000005,0.007562452992859452,(-0.20075185371056142+0.1781532970987914j),1714.033093347433
4072,4.157193750000001,0.00699540193098735,(-0.0038844380424213846-0.23496264620049198j),1714.4541282512275
4073,4.157293750000001,0.006343998346613883,(0.02670738245522064-0.09108564762745967j),1714.875163155022
4074,4.157393750000001,0.006589540540551629,(0.11433397798717218+0.14120537352149137j),1715.2961980588163
4075,4.15749375,0.0076972131861374775,(-0.2373483015074165-0.057270441523894364j),1715.717232962611
4076,4.157593750000001,0.007837033661689884,(0.05472069613192529-0.2002494579100481j),1716.1382678664054
4077,4.157693750000001,0.007495565328347042,(-0.01454071079369021+0.061922440795388674j),1716.5593027702
4078,4.157793750000001,0.006557551282220054,(-0.07275359059500182+0.012467341564181125j),1716.9803376739944
4079,4.157893750000001,0.006708216034819919,(0.03974008884884287+0.04934185944662815j),1717.401372577789
4080,4.157993750000001,0.006987326024543631,(-0.02586394151368267+0.02683541479375029j),1717.8224074815835
4081,4.158093750000001,0.007417212761440169,(0.05446772966698511-0.10261040278759845j),1718.2434423853779
4082,4.158193750000001,0.007261660957404225,(-0.007543570716558626-0.041679578785568834j),1718.6644772891725
4083,4.158293750000001,0.007797531157074444,(0.16195260585855498-0.1660922627353228j),1719.085512192967
4084,4.158393750000001,0.008767465824038001,(0.29910114216573214+0.44241197055148207j),1719.5065470967616
4085,4.158493750000001,0.008174546102821235,(-0.5379132613573693+0.2399072102819052j),1719.927582000556
4086,4.1585937500000005,0.006864475139801806,(-0.4128710268706858-0.3495055772964399j),1720.3486169043506
4087,4.158693750000001,0.007625279005239434,(0.04886915429461567-0.5251097681088502j),1720.769651808145
4088,4.158793750000001,0.007183687019100593,(0.6093316118418972-0.3120198696129467j),1721.1906867119396
4089,4.158893750000001,0.007234146778392576,(0.5508102453594419+0.7165696153561736j),1721.611721615734
4090,4.1589937500000005,0.007674953539479342,(-0.5208938057913208+0.32800026759120887j),1722.0327565195284
4091,4.159093750000001,0.007550518567309549,(-0.26155619674028985+0.18804657064242342j),1722.453791423323
4092,4.159193750000001,0.007180708961231104,(-0.34702717048828974-0.8739296298720977j),1722.8748263271175
4093,4.159293750000001,0.006642767874772937,(0.6933351967118588+0.08559679758572777j),1723.2958612309121
4094,4.1593937500000004,0.007572217280511473,(0.40251922988606564-0.16712124841226794j),1723.7168961347065
4095,4.159493750000001,0.007145322940819523,(-0.19101683542241243+0.6196079195572421j),1724.1379310385012
4096,4.159593750000001,0.008035479292823581,(0.011601857010818145-0.033099863044534716j),1724.5589659422956
4097,4.159693750000001,0.0062015078735501526,(-0.16481131066590687+0.01620994885879605j),1724.98000084609
4098,4.159793750000001,0.006280053266871382,(0.12370643227607606-0.15378551263298074j),1725.4010357498846
4099,4.159893750000001,0.006133186345699712,(-0.0505663299133671+0.03266818522302002j),1725.822070653679
4100,4.159993750000001,0.005582340517587299,(0.04883677257888294+0.013987448212635145j),1726.2431055574737
4101,4.160093750000001,0.005188568137989472,(-0.120295915854782+0.036315450876094835j),1726.664140461268
4102,4.160193750000001,0.004004418961590707,(0.0792451162385206-0.11062314563481859j),1727.0851753650627
4103,4.160293750000001,0.004599457240933458,(-0.03588450439328323+0.22509963966406554j),1727.506210268857
4104,4.160393750000001,0.005337173147125882,(-0.13479145413592367-0.08216515061929092j),1727.9272451726515
4105,4.1604937500000005,0.005042669495684735,(-0.019960624006131578+0.021617484024042483j),1728.3482800764461
4106,4.160593750000001,0.005759966336118039,(-0.06357989445612405-0.15048919471908603j),1728.7693149802406
4107,4.160693750000001,0.005257758039345052,(0.26168774120075655-0.08640020626592941j),1729.1903498840352
4108,4.160793750000001,0.005354458904182199,(0.015247417998892114+0.22497097952980435j),1729.6113847878296
4109,4.1608937500000005,0.004789624323333912,(-0.07344727183530951+0.09018843494234474j),1730.0324196916242
4110,4.160993750000001,0.0043181161152513305,(-0.05884374705168009-0.04803429766585196j),1730.4534545954186
4111,4.161093750000001,0.004677986211322049,(-0.0831940250840125+0.13117772067668035j),1730.8744894992133
4112,4.161193750000001,0.0032528640408551837,(-0.1280049564000341-0.25149486247751773j),1731.2955244030077
4113,4.1612937500000005,0.005201925101437046,(0.09065412697162918+0.20209379412901235j),1731.716559306802
4114,4.161393750000001,0.005261221415688604,(-0.2195616145778417-0.045833161461539776j),1732.1375942105967
4115,4.161493750000001,0.005116802214110126,(0.08781221302308555-0.3157795829577604j),1732.5586291143911
4116,4.161593750000001,0.003943376780777228,(0.048071796625645494+0.07094740261793892j),1732.9796640181858
4117,4.161693750000001,0.0034360698799295415,(0.07181004948992045-0.3043971097520468j),1733.4006989219802
4118,4.161793750000001,0.0033732500694532465,(0.45371732314967594+0.3880899677638496j),1733.8217338257748
4119,4.161893750000001,0.0025329749410597487,(-0.4377667663794759-0.00230295103691551j),1734.2427687295692
4120,4.161993750000001,0.003130406716512403,(0.31915997621313436+0.3026842703787732j),1734.6638036333636
4121,4.162093750000001,0.0029890968054364546,(-0.5007052960942933-0.4318114852240982j),1735.0848385371582
4122,4.162193750000001,0.0037982655277702306,(0.8378261939680505+0.40801037832583237j),1735.5058734409527
4123,4.162293750000001,0.0025101042288759225,(-0.2306745159164657-0.2633804678808819j),1735.9269083447473
4124,4.162393750000001,0.0026112114140165762,(-0.14435850823206217+0.5084314513097059j),1736.3479432485417
4125,4.162493750000001,0.0029934677032931846,(-0.1335844242273724-0.3088411342861404j),1736.7689781523363
4126,4.162593750000001,0.00290214160450516,(-0.10258363227000751+0.10287170617657115j),1737.1900130561307
4127,4.162693750000001,0.003919716429052141,(-0.04287267662828398-0.24358842695502486j),1737.6110479599251
4128,4.1627937500000005,0.0038537394574231576,(-0.029626278944979413+0.016813007474047015j),1738.0320828637198
4129,4.162893750000001,0.003161414211719018,(-0.10377982143342862+0.1363092047113836j),1738.4531177675142
4130,4.162993750000001,0.003630667115708295,(-0.40237035076839145+0.0697023360484762j),1738.8741526713088
4131,4.163093750000001,0.0029754934013545135,(0.05234361130555604-0.23520098341013607j),1739.2951875751032
4132,4.1631937500000005,0.003195940845983166,(0.19128961728334748+0.2289083333665994j),1739.7162224788979
4133,4.163293750000001,0.004346650462810439,(-0.0449928652300762+0.07560687860067727j),1740.1372573826923
4134,4.163393750000001,0.004456454535521809,(-0.1242112006216517-0.041067169505791395j),1740.558292286487
4135,4.163493750000001,0.00509023788605274,(0.07145341748691653-0.24030079439749932j),1740.9793271902813
4136,4.16359375,0.0034166877354632817,(0.029421302569234992+0.09744912996842338j),1741.4003620940757
4137,4.163693750000001,0.004135303283088109,(-0.1460707817157936-0.10958256171383225j),1741.8213969978704
4138,4.163793750000001,0.003269512071685133,(0.043907627573146674+0.004795993163961267j),1742.2424319016648
4139,4.163893750000001,0.003951450916618726,(-0.08796841104561166-0.08336298287733349j),1742.6634668054594
4140,4.163993750000001,0.0045595586456364245,(0.14463085477719723+0.024712879943861933j),1743.0845017092538
4141,4.164093750000001,0.003945410090648197,(-0.13560960231153807-0.06330133948876232j),1743.5055366130484
4142,4.164193750000001,0.0047819912462756745,(0.10864835487871977-0.09523693728608297j),1743.9265715168428
4143,4.164293750000001,0.00478157829030313,(0.16462778613194146-0.27427616542833816j),1744.3476064206372
4144,4.164393750000001,0.0050259158218965445,(0.24934149406918749+0.09381402748063204j),1744.7686413244319
4145,4.164493750000001,0.005351945756882349,(-0.07549160549828127-0.11008235726780873j),1745.1896762282263
4146,4.164593750000001,0.005123909289093869,(0.40939415640412125+0.0025499394951357113j),1745.610711132021
4147,4.1646937500000005,0.005674304834946132,(0.2793473663266487+0.42430277964737556j),1746.0317460358153
4148,4.164793750000001,0.0055450818379882425,(-0.4672425793025647+0.3424884948970945j),1746.45278093961
4149,4.164893750000001,0.006034264516237965,(-0.1530584969861874-0.06592752399971681j),1746.8738158434044
4150,4.164993750000001,0.007758265848633862,(-0.19853189441370456-0.3305742107438775j),1747.2948507471988
4151,4.1650937500000005,0.007144784686027698,(0.08531742367499204+0.1139780908715716j),1747.7158856509934
4152,4.165193750000001,0.0067669476909714985,(0.01348968224042398-0.2553946334808518j),1748.1369205547878
4153,4.165293750000001,0.0064291413340054416,(-0.21038944076936045+0.19219497859463766j),1748.5579554585825
4154,4.165393750000001,0.006786770520216533,(0.21054021017871516-0.3368043710527454j),1748.9789903623769
4155,4.16549375,0.006924461039439375,(-0.01695611412385345-0.08694640501209563j),1749.4000252661715
4156,4.165593750000001,0.006922655976679484,(0.019200730275927384-0.018391327180478145j),1749.821060169966
4157,4.165693750000001,0.007703776183730522,(0.18565173519000783-0.1545899336176625j),1750.2420950737603
4158,4.165793750000001,0.008411696634925026,(0.23849288834883076+0.23877534615280255j),1750.663129977555
4159,4.165893750000001,0.00797449419296498,(-0.2010113258074526+0.050686615445558914j),1751.0841648813494
4160,4.165993750000001,0.00830883739192056,(0.202960422603582-0.5951789260128354j),1751.505199785144
4161,4.166093750000001,0.007776092424860595,(0.6215576412125986+0.36285330954368994j),1751.9262346889384
4162,4.166193750000001,0.007318292681519183,(-0.15180223817927263+0.40432688190813415j),1752.347269592733
4163,4.166293750000001,0.006643569231715798,(-0.1061203557988159-0.056812246608279326j),1752.7683044965274
4164,4.166393750000001,0.006880554833035737,(0.3088135488394882+0.08346449278919599j),1753.189339400322
4165,4.166493750000001,0.008841090572733181,(-0.01615067345594512+0.2566117463458202j),1753.6103743041165
4166,4.1665937500000005,0.00806726058971053,(-0.19507337067541386+0.03621793398354442j),1754.0314092079109
4167,4.166693750000001,0.0071728215282100055,(-0.11566386040498569-0.07193950247284392j),1754.4524441117055
4168,4.166793750000001,0.005770169249153075,(0.27006255008286245-0.05074647704529914j),1754.8734790155
4169,4.166893750000001,0.006482451398512755,(0.17270096044849353+0.47061478887682406j),1755.2945139192946
4170,4.1669937500000005,0.006909323022153596,(-0.23329251790921923-0.04202082310599767j),1755.715548823089
4171,4.167093750000001,0.006977323670252357,(-0.1888812715961883-0.19515614511039936j),1756.1365837268836
4172,4.167193750000001,0.008213158238466457,(0.6589518280702498-0.17614078509972914j),1756.557618630678
4173,4.167293750000001,0.010154792068368553,(-0.14332193663390333+0.5011210620571319j),1756.9786535344724
4174,4.1673937500000005,0.008692389688962281,(-0.1806269143546363+0.16013865144520917j),1757.399688438267
4175,4.167493750000001,0.006926874487770467,(-0.06748152776205649-0.7102278287663142j),1757.8207233420615
4176,4.167593750000001,0.0059373220751083155,(0.37132679887662723-0.2362755875321435j),1758.241758245856
4177,4.167693750000001,0.006336337156036511,(0.5227487630095837+0.5605908375365287j),1758.6627931496505
4178,4.167793750000001,0.006655769913785516,(-0.0120473058810871+0.7874715874445508j),1759.0838280534451
4179,4.167893750000001,0.006438592142439109,(-0.30327346790271875+0.28953966766305156j),1759.5048629572395
4180,4.167993750000001,0.006988892152025262,(-0.36216082384613035-0.18145780291454408j),1759.925897861034
4181,4.168093750000001,0.008088123193458828,(0.4756777372688205-0.36023367571188264j),1760.3469327648286
4182,4.168193750000001,0.006986423846529678,(0.14090108291297665+0.2510746646705935j),1760.767967668623
4183,4.168293750000001,0.006066602877166922,(0.011891688189647781+0.3075917353451424j),1761.1890025724176
4184,4.168393750000001,0.005773053664679851,(-0.3343375098834495-0.049573355738434396j),1761.610037476212
4185,4.1684937500000006,0.004719771210013036,(-0.12502440408114313-0.1325940844135267j),1762.0310723800067
4186,4.168593750000001,0.004987905654397814,(0.1295502395448436-0.10009509009657663j),1762.452107283801
4187,4.168693750000001,0.0049345651905656545,(-0.17947592650020092+0.0622923437102922j),1762.8731421875957
4188,4.168793750000001,0.005399879141382455,(-0.3091576496779348+0.007789498332581024j),1763.29417709139
4189,4.1688937500000005,0.005143246348623202,(0.1331974536248637-0.14561526457473695j),1763.7152119951845
4190,4.168993750000001,0.005588070069099663,(0.22395628924150945+0.21507078483068579j),1764.1362468989792
4191,4.169093750000001,0.005961603812786432,(-0.10578180782122884+0.1738055720576725j),1764.5572818027736
4192,4.169193750000001,0.005622906154932893,(-0.14380070270086437-0.2912515910336523j),1764.9783167065682
4193,4.1692937500000005,0.005455892834710435,(0.28528213405947056-0.11552174251358066j),1765.3993516103626
4194,4.169393750000001,0.003715862299497743,(0.07854610562877312+0.28157145687316576j),1765.8203865141572
4195,4.169493750000001,0.002389793212357081,(-0.07659414388066266+0.009907845149279837j),1766.2414214179516
4196,4.169593750000001,0.003601149236787234,(-0.040467335860853354+0.08296042057325509j),1766.662456321746
4197,4.16969375,0.0035898547307725284,(0.22392611538961327-0.04074788093370819j),1767.0834912255407
4198,4.169793750000001,0.00483124683790556,(-0.1528456226643698+0.30077803444875073j),1767.504526129335
4199,4.169893750000001,0.005591519747209745,(-0.19215294407047886-0.15068422691948358j),1767.9255610331297
4200,4.169993750000001,0.00489535753280387,(0.19729398004203-0.2287225928399496j),1768.3465959369241
4201,4.170093750000001,0.004917355117431953,(0.20441719800014432+0.43203767399266657j),1768.7676308407188
4202,4.170193750000001,0.0024805293142327253,(-0.2902054836886224+0.23457373082732622j),1769.1886657445132
4203,4.170293750000001,0.0018395627065908408,(-0.16288878263671241-0.1307755650997412j),1769.6097006483076
4204,4.170393750000001,0.002554671838030082,(-0.02445009950326346-0.00830002079009682j),1770.0307355521022
4205,4.170493750000001,0.004050326320768549,(0.06366794847625958+0.2700469173889084j),1770.4517704558966
4206,4.170593750000001,0.003685470831172913,(-0.5683967153789363+0.5801546357427928j),1770.8728053596913
4207,4.170693750000001,0.00281975757137148,(-1.049762546190908-0.559111916126259j),1771.2938402634857
4208,4.1707937500000005,0.002231176375886351,(-0.02843954774985176-0.986203258712257j),1771.7148751672803
4209,4.170893750000001,0.0009309736449377732,(0.7080767525577569-1.010752965926312j),1772.1359100710747
4210,4.170993750000001,0.00307387262550129,(0.9168944261548471+0.5179240792008835j),1772.5569449748693
4211,4.171093750000001,0.0023825390700666013,(-0.09119541640916842+0.7292212868133985j),1772.9779798786637
4212,4.1711937500000005,0.003711302574593908,(-0.6291545597907787-0.02831161342072097j),1773.3990147824582
4213,4.171293750000001,0.004180775291383842,(-0.12448761567309644-0.42062224027621525j),1773.8200496862528
4214,4.171393750000001,0.004561432865742184,(0.16063737522702443-0.566076322695515j),1774.2410845900472
4215,4.171493750000001,0.004062775527630952,(0.6045099443645443+0.26128281016864974j),1774.6621194938418
4216,4.17159375,0.0027655796384168574,(-0.15180475717435898+0.23829160881082861j),1775.0831543976362
4217,4.171693750000001,0.003916384354609681,(-0.031378310639957156-0.14243790981572568j),1775.5041893014309
4218,4.171793750000001,0.004452237398467426,(0.09745511590401335-0.1847608224611607j),1775.9252242052253
4219,4.171893750000001,0.004332866404678616,(0.20210910321438041+0.22520123661116462j),1776.3462591090197
4220,4.171993750000001,0.0036997725292503957,(-0.11097982706980891-0.11839847979307429j),1776.7672940128143
4221,4.172093750000001,0.003022044246771371,(-0.16408040155373388+0.11192510448872924j),1777.1883289166087
4222,4.172193750000001,0.0031070646585075845,(0.2513048644269474-0.0700950300045417j),1777.6093638204034
4223,4.172293750000001,0.004103282195276093,(0.10247960931356037-0.09878605973586363j),1778.0303987241978
4224,4.172393750000001,0.004774654977302958,(0.034639919550548175-0.19104958422828072j),1778.4514336279924
4225,4.172493750000001,0.0052525574652244585,(-0.22997935533003738-0.18788470380086036j),1778.8724685317868
4226,4.172593750000001,0.004711524282658808,(0.18034820739968677+0.10847967763847075j),1779.2935034355812
4227,4.1726937500000005,0.00470411987657194,(-0.17372540125629582+0.2668560121947511j),1779.7145383393758
4228,4.172793750000001,0.005781731700302994,(-0.2884804885353987+0.07412732801037458j),1780.1355732431703
4229,4.172893750000001,0.005894623973335338,(0.3146297131932114-0.1706360867661436j),1780.556608146965
4230,4.172993750000001,0.005116484618918569,(0.0497519157263567+0.055989141205200404j),1780.9776430507593
4231,4.1730937500000005,0.006767437067507243,(0.1636298980753416+0.1306747851693912j),1781.398677954554
4232,4.173193750000001,0.00616025976822884,(-0.1512393644660458+0.1500646774537036j),1781.8197128583483
4233,4.173293750000001,0.006571560060174188,(-0.05159922139365217-0.05318539187033981j),1782.240747762143
4234,4.173393750000001,0.005164232118891846,(0.09239532100381107+0.05671769493669808j),1782.6617826659374
4235,4.1734937500000004,0.005604984269335698,(-0.12345242780135161+0.08678591025870755j),1783.0828175697318
4236,4.173593750000001,0.00589550203357436,(-0.12073557711390015+0.041417668216839065j),1783.5038524735264
4237,4.173693750000001,0.007212801223002988,(-0.338677558601465-0.0050961753625817785j),1783.9248873773208
4238,4.173793750000001,0.007085323182573904,(0.45270256062139513-0.3445962046727487j),1784.3459222811155
4239,4.173893750000001,0.007124349942281252,(-0.17722145664652567+0.4490925380979013j),1784.7669571849099
4240,4.173993750000001,0.007385549809899778,(0.04834523727849492-0.32838734620394655j),1785.1879920887045
4241,4.174093750000001,0.0072941202971276995,(0.04736733163527332+0.06382697638787765j),1785.609026992499
4242,4.174193750000001,0.006909992803372921,(0.43443067901630805-0.2188445911785801j),1786.0300618962933
4243,4.174293750000001,0.007467474488983192,(0.01430153061614969+0.38976324040082244j),1786.451096800088
4244,4.174393750000001,0.007879738420514981,(-0.25600437679081406+0.21725251607173326j),1786.8721317038824
4245,4.174493750000001,0.008845100840890045,(-0.1651955461008102-0.05650788342950136j),1787.293166607677
4246,4.1745937500000005,0.009006599381403644,(0.0026791385402525486-0.24280161456923932j),1787.7142015114714
4247,4.174693750000001,0.007986202883310613,(0.18714423253073617+0.07514565800144825j),1788.135236415266
4248,4.174793750000001,0.007301024875047555,(0.13174007603622376+0.2643316689401296j),1788.5562713190604
4249,4.174893750000001,0.00565881276810959,(-0.08255681192989317+0.24059927139342085j),1788.9773062228548
4250,4.1749937500000005,0.0070528949292222145,(0.06311862609583116-0.07120439864292748j),1789.3983411266495
4251,4.175093750000001,0.007070454329965224,(0.12782221413581785-0.05239773043321732j),1789.819376030444
4252,4.175193750000001,0.006935272653193464,(0.29021639429002377-0.022413145691093365j),1790.2404109342385
4253,4.175293750000001,0.005906282176591085,(-0.0651035794339275+0.09769793483905931j),1790.661445838033
4254,4.1753937500000005,0.00819152580921359,(0.11035679551134994-0.08704961571018374j),1791.0824807418276
4255,4.175493750000001,0.008470889880163736,(0.07272288089002263+0.1516217691955153j),1791.503515645622
4256,4.175593750000001,0.00819178519180388,(-0.20426436471233617-0.04338756763963279j),1791.9245505494164
4257,4.175693750000001,0.007565115858999536,(-0.13549631893048927-0.003995734316922753j),1792.345585453211
4258,4.17579375,0.007855325566333338,(0.32878861705081874-0.1130163158711395j),1792.7666203570054
4259,4.175893750000001,0.008299437207906884,(0.0720032612586099+0.18025981782104827j),1793.1876552608
4260,4.175993750000001,0.008523653178886193,(-0.05328383404745453+0.09616299377410809j),1793.6086901645945
4261,4.176093750000001,0.008002540123018898,(-0.03985390023778139-0.08256450158081566j),1794.029725068389
4262,4.176193750000001,0.006989035880861044,(-0.0007607047410064238-0.022508987625977646j),1794.4507599721835
4263,4.176293750000001,0.00782149665827635,(0.16594593697188023+0.14034344542222085j),1794.8717948759781
4264,4.176393750000001,0.007501833413010724,(-0.13599515912017882+0.28596091537440826j),1795.2928297797725
4265,4.176493750000001,0.0055197572048036846,(-0.24195089248862636+0.03323806003984828j),1795.713864683567
4266,4.176593750000001,0.006036040098874145,(-0.12654532370658772+0.11132242664587642j),1796.1348995873616
4267,4.176693750000001,0.005516272613559884,(-0.13733863332886695-0.3791832135485162j),1796.555934491156
4268,4.176793750000001,0.006564753951894588,(0.06658670499550627+0.04650599359441647j),1796.9769693949506
4269,4.1768937500000005,0.00694463243158561,(-0.017599991308801702-0.29468602252776777j),1797.398004298745
4270,4.176993750000001,0.0049796474073967026,(0.5346351664204007+0.15709387237189204j),1797.8190392025397
4271,4.177093750000001,0.00461680950133427,(-0.3015761125673773+0.2676307392096017j),1798.240074106334
4272,4.177193750000001,0.004409459228893535,(-0.003185107405264523-0.0730409881464048j),1798.6611090101285
4273,4.1772937500000005,0.005147547999466669,(-0.01809688478762303-0.15867894683979336j),1799.0821439139231
4274,4.177393750000001,0.004391387654409063,(0.24330451364093036+0.11494649736837435j),1799.5031788177175
4275,4.177493750000001,0.0037789144874708666,(0.15788478993908683+0.051545971273692925j),1799.9242137215122
4276,4.177593750000001,0.004574149664878105,(0.021448486347940263+0.23304697278691666j),1800.3452486253066
4277,4.17769375,0.0049246485289670796,(-0.06631820708098735-0.028667582696558738j),1800.7662835291012
4278,4.177793750000001,0.003310586048880268,(-0.008142914351956881+0.025621127465394272j),1801.1873184328956
4279,4.177893750000001,0.00266889750865486,(-0.08225578387123778-0.00738851183978842j),1801.60835333669
4280,4.177993750000001,0.002961053570068507,(0.0712218189231912-0.16720753514844328j),1802.0293882404846
4281,4.178093750000001,0.004486267874256571,(0.21463545788417315+0.03692032589294574j),1802.450423144279
4282,4.178193750000001,0.004866595808344829,(0.06859992490515261+0.35036973026405677j),1802.8714580480737
4283,4.178293750000001,0.004545892712340523,(-0.16332640785480212+0.019665740623620434j),1803.292492951868
4284,4.178393750000001,0.004975060715659012,(0.1422229365162674+0.04391990056888259j),1803.7135278556627
4285,4.178493750000001,0.003852090494078992,(-0.10226493875429492+0.11055671468342725j),1804.1345627594571
4286,4.178593750000001,0.0038132654858434715,(0.035975082488611615-0.054448670183607564j),1804.5555976632518
4287,4.178693750000001,0.0029679663940327342,(0.10261249167930749-0.023930784122520237j),1804.9766325670462
4288,4.1787937500000005,0.0028501616618680156,(-0.10709959608084806+0.2604353842433014j),1805.3976674708406
4289,4.178893750000001,0.0031651048487898454,(-0.2719361173031622+0.11141049900940905j),1805.8187023746352
4290,4.178993750000001,0.0033407386130711514,(-0.16888445807674213-0.2621153297923575j),1806.2397372784296
4291,4.179093750000001,0.0029649894905470113,(0.1289894115936366-0.385946759879552j),1806.6607721822243
4292,4.1791937500000005,0.0028433833043965797,(0.3097945841827385+0.1835869401563009j),1807.0818070860187
4293,4.179293750000001,0.001516467448792971,(-0.33998417649540413+0.23565562798724568j),1807.5028419898133
4294,4.179393750000001,0.0021529723156891315,(-0.24368228810772902-0.4994397476134347j),1807.9238768936077
4295,4.179493750000001,0.003586954308745112,(0.1569075902017542-0.42382672879286903j),1808.3449117974021
4296,4.17959375,0.003960598379228534,(0.7078874457011315+0.13073040509380615j),1808.7659467011968
4297,4.179693750000001,0.00330460925313692,(-0.09859739701282932+0.8411496074571556j),1809.1869816049912
4298,4.179793750000001,0.0028012599031989396,(-0.5597838214879343-0.028319938063419342j),1809.6080165087858
4299,4.179893750000001,0.003983944744888867,(-0.21176588567699217-0.0029401051432719066j),1810.0290514125802
4300,4.179993750000001,0.004088763052123566,(-0.15749918054175752-0.6426992992918025j),1810.4500863163748
4301,4.180093750000001,0.003701790812642163,(0.5273383931271759-0.045988844760376985j),1810.8711212201692
4302,4.180193750000001,0.0030765495056842332,(0.1351380294141807+0.2515883401033195j),1811.2921561239637
4303,4.180293750000001,0.0030092449793803233,(-0.0298699841632363+0.2440678993863276j),1811.7131910277583
4304,4.180393750000001,0.004530348978051663,(-0.1918650589122416+0.011242588786809386j),1812.1342259315527
4305,4.180493750000001,0.004641345082469551,(-0.14094725420071044-0.055686814252726896j),1812.5552608353473
4306,4.180593750000001,0.004180171586176744,(0.04666835690582372-0.17058285540702345j),1812.9762957391417
4307,4.1806937500000005,0.004897374147167075,(0.011328354463992676+0.11836249440909277j),1813.3973306429364
4308,4.180793750000001,0.004196498393875336,(-0.07125250494616228+0.07597150469785927j),1813.8183655467308
4309,4.180893750000001,0.005579736369327523,(0.034827607517448234+0.050412939522206504j),1814.2394004505254
4310,4.180993750000001,0.004829803585110981,(0.12695925887804804+0.026761728649142738j),1814.6604353543198
4311,4.1810937500000005,0.004991628802253592,(0.09437376502535907+0.10184060392594259j),1815.0814702581142
4312,4.181193750000001,0.005912513808969235,(0.09904564911354272-0.08336153021779569j),1815.5025051619089
4313,4.181293750000001,0.006050605191361653,(-0.03792382987571294+0.06655077404213663j),1815.9235400657033
4314,4.181393750000001,0.006308445114648729,(0.030902326829531358-0.0023583066696883925j),1816.344574969498
4315,4.1814937500000005,0.005103961435633765,(0.06217116818286392+0.13209646503383124j),1816.7656098732923
4316,4.181593750000001,0.0053625645211556085,(-0.10641503455471081+0.11933047918878534j),1817.186644777087
4317,4.181693750000001,0.005180362776884352,(-0.2135352674780693-0.11876282050560455j),1817.6076796808813
4318,4.181793750000001,0.006048342067765831,(0.05640880565669898-0.2148486267200478j),1818.0287145846758
4319,4.181893750000001,0.007073742109382216,(0.01311325997080029+0.028911460447385046j),1818.4497494884704
4320,4.181993750000001,0.008114455593745974,(0.2082437253176042-0.030899761343944718j),1818.8707843922648
4321,4.182093750000001,0.0074667485916777125,(-0.07492981429515091+0.1662633640664959j),1819.2918192960594
4322,4.182193750000001,0.006617631956479128,(-0.2757234234349079-0.05950420320778036j),1819.7128541998538
4323,4.182293750000001,0.007123884285843658,(-0.025181103757115603-0.19737349379129995j),1820.1338891036485
4324,4.182393750000001,0.007310482537224643,(0.2872473714561513-0.032137062663593244j),1820.5549240074429
4325,4.182493750000001,0.007924761983052841,(0.19058888093816123+0.4096420002780631j),1820.9759589112373
4326,4.1825937500000006,0.007989941294125485,(-0.30235611564960435+0.15292255619727868j),1821.396993815032
4327,4.182693750000001,0.008873717589242007,(0.04507576376341072-0.14390162538110035j),1821.8180287188263
4328,4.182793750000001,0.00908163653402359,(-0.12795144971140382+0.009352590343472314j),1822.239063622621
4329,4.182893750000001,0.008227184867347338,(0.2053485649846876-0.28087496187456534j),1822.6600985264154
4330,4.1829937500000005,0.007733620723004034,(0.13339809964864718+0.24240362163230328j),1823.08113343021
4331,4.183093750000001,0.007909058392899952,(-0.04540207251104618-0.12033050755909291j),1823.5021683340044
4332,4.183193750000001,0.00824164026348359,(-0.05871050767773557+0.10588371423310126j),1823.923203237799
4333,4.183293750000001,0.006732057337066421,(0.13052623840697652-0.2566393975053696j),1824.3442381415935
4334,4.1833937500000005,0.0068394837734572795,(0.015130712381168036+0.030006556095258926j),1824.7652730453879
4335,4.183493750000001,0.007448059054749102,(0.18248355944016686+0.008554996775474721j),1825.1863079491825
4336,4.183593750000001,0.007764960810895347,(0.08740629663504448+0.18162317403366057j),1825.607342852977
4337,4.183693750000001,0.00690348909677868,(0.01517077572179723+0.014700503611414666j),1826.0283777567715
4338,4.18379375,0.006793053365221941,(0.03095719840836536-0.05827005268500199j),1826.449412660566
4339,4.183893750000001,0.007182068204370315,(0.01068420494325295-0.06160709696914966j),1826.8704475643606
4340,4.183993750000001,0.007533270790666437,(0.05112506994582265-0.10098634780670374j),1827.291482468155
4341,4.184093750000001,0.007853604316009805,(0.22367039925536564+0.14779988715988293j),1827.7125173719494
4342,4.184193750000001,0.008331893403646878,(-0.12345160426406426-0.001774837956926567j),1828.133552275744
4343,4.184293750000001,0.006669059623720916,(0.0828958346177337-0.2274453977969184j),1828.5545871795384
4344,4.184393750000001,0.006818766609194478,(0.10391815147456707+0.04271377246050016j),1828.975622083333
4345,4.184493750000001,0.006497609008571752,(-0.002157078187429079+0.17996762663830015j),1829.3966569871275
4346,4.184593750000001,0.006277809579611392,(-0.13571572094144363+0.032356092518280456j),1829.817691890922
4347,4.184693750000001,0.006860537531972974,(0.12030527989014676-0.01858688597458645j),1830.2387267947165
4348,4.184793750000001,0.00567974505359519,(-0.07542509498297453+0.24049795291574427j),1830.659761698511
4349,4.1848937500000005,0.006711858135036484,(-0.04056059304088942-0.06890725691538079j),1831.0807966023056
4350,4.184993750000001,0.005410980533306565,(0.03350770655891037+0.11587579431343319j),1831.5018315061
4351,4.185093750000001,0.005486044600805887,(-0.12367667169761241+0.002306747224189297j),1831.9228664098946
4352,4.185193750000001,0.005652646836242931,(0.12415825224488858-0.19974855878364603j),1832.343901313689
4353,4.1852937500000005,0.0052031834138164665,(0.09877412164607302+0.08368549802981126j),1832.7649362174836
4354,4.185393750000001,0.0057845489572179104,(-0.05884466809327259+0.125992108477395j),1833.185971121278
4355,4.185493750000001,0.005439550790003316,(0.04992089269923056+0.039028947038213906j),1833.6070060250725
4356,4.185593750000001,0.005682359213265872,(0.14456917386201396-0.0024489404097414735j),1834.028040928867
4357,4.18569375,0.00574107151286663,(0.09336762424850675+0.2199396281280255j),1834.4490758326615
4358,4.185793750000001,0.004885530361488612,(-0.1245937923690543+0.2903201378305929j),1834.8701107364561
4359,4.185893750000001,0.004671149916501749,(-0.3872956226712608+0.13347557093531176j),1835.2911456402505
4360,4.185993750000001,0.004582044248068549,(-0.12187093853893807-0.35945637298684474j),1835.7121805440452
4361,4.186093750000001,0.0037069944523057683,(0.010353141176252807-0.13829277552054084j),1836.1332154478396
4362,4.186193750000001,0.004364545805084803,(0.22193564634356638-0.03729664583775246j),1836.5542503516342
4363,4.186293750000001,0.004231204334756279,(-0.044822271235969484+0.1762655096767892j),1836.9752852554286
4364,4.186393750000001,0.004780626549169032,(-0.03073234638903597+0.07811519529763239j),1837.396320159223
4365,4.186493750000001,0.003436434878982401,(-0.271618593461829-0.18809823077232427j),1837.8173550630177
4366,4.186593750000001,0.0027261039735981926,(0.2560502057407193-0.1470787477360571j),1838.238389966812
4367,4.186693750000001,0.0015848321858919323,(0.300265803502145-0.023331727401715574j),1838.6594248706067
4368,4.1867937500000005,0.0026872473533378965,(0.04576864439320874-0.05492489182019103j),1839.080459774401
4369,4.186893750000001,0.003911611458403077,(-0.045469414452428525-0.07799196133083668j),1839.5014946781957
4370,4.186993750000001,0.0045821028111246625,(0.031173569965423836-0.011972181618006617j),1839.9225295819901
4371,4.187093750000001,0.0038710570938976898,(0.05186618919014057-0.11050003957434901j),1840.3435644857846
4372,4.1871937500000005,0.002561952993999849,(0.09336479173698536-0.012565634015105048j),1840.7645993895792
4373,4.187293750000001,0.0028833041502308743,(-0.06522053000651841+0.05067538703034147j),1841.1856342933736
4374,4.187393750000001,0.0027656076156429414,(-0.007439418374660389+0.07706738027282548j),1841.6066691971682
4375,4.187493750000001,0.0024737430961516878,(0.06654301880239334-0.052113739541527676j),1842.0277041009626
4376,4.1875937500000004,0.0019905515330507816,(0.02900336875423626+0.1687954319089483j),1842.4487390047573
4377,4.187693750000001,0.002495872861784181,(-0.17076350512784164+0.07367728706120717j),1842.8697739085517
4378,4.187793750000001,0.004011561986194868,(-0.06782794347934562+0.1679580700014906j),1843.290808812346
4379,4.187893750000001,0.003483102536506087,(-0.0327533570456139-0.0324930353511406j),1843.7118437161407
4380,4.187993750000001,0.002788009535646695,(-0.23994620239105224-0.02736343973320754j),1844.1328786199351
4381,4.188093750000001,0.0034036968718836823,(0.04291644680241178+0.07562380694509306j),1844.5539135237298
4382,4.188193750000001,0.003044371483963052,(-0.18675660489555643-0.0908954480681678j),1844.9749484275242
4383,4.188293750000001,0.0030096819523083356,(-0.06035446943039617+0.031417470823432894j),1845.3959833313188
4384,4.188393750000001,0.0020350403314969576,(-0.025057181720055555-0.10953675644668184j),1845.8170182351132
4385,4.188493750000001,0.0037072578783114945,(-0.08288077455459032+0.17205552906892657j),1846.2380531389078
4386,4.188593750000001,0.004957076498729265,(-0.3102035540299069-0.06562321905922289j),1846.6590880427023
4387,4.1886937500000005,0.00520509352707127,(-0.10554837584592575-0.043929817573955775j),1847.0801229464967
4388,4.188793750000001,0.004331524865435045,(-0.2348370373126848-0.17831328449725684j),1847.5011578502913
4389,4.188893750000001,0.0036652021983546337,(0.18640826195921922-0.22839012237429954j),1847.9221927540857
4390,4.188993750000001,0.004230839329929314,(0.10106607605693861+0.10450538997192207j),1848.3432276578803
4391,4.1890937500000005,0.004968495755570392,(0.008952223230320841+0.0556526466035904j),1848.7642625616747
4392,4.189193750000001,0.005082552021201046,(-0.15491985894258184+0.12627901440895833j),1849.1852974654694
4393,4.189293750000001,0.005805261015259841,(-0.07279813148485965+0.014406736355080649j),1849.6063323692638
4394,4.189393750000001,0.005380577997006155,(-0.1115127018513722-0.15034535410922562j),1850.0273672730582
4395,4.1894937500000005,0.004822528056918774,(0.1257606403763825+0.059194662507131894j),1850.4484021768528
4396,4.189593750000001,0.005747404770922794,(-0.06966765156721542+0.07367099064233953j),1850.8694370806472
4397,4.189693750000001,0.005840039638168177,(-0.07575705977021617-0.04671523356705173j),1851.2904719844419
4398,4.189793750000001,0.006182293991212688,(-0.09606986816330886-0.17413392281931633j),1851.7115068882363
4399,4.18989375,0.006526576549305166,(-0.09658176640858179-0.028684561819817322j),1852.132541792031
4400,4.189993750000001,0.006850982840804085,(-0.0250373528309418-0.14141540472456626j),1852.5535766958253
4401,4.190093750000001,0.0069862526613732115,(0.07113021942874181+0.14546592522884155j),1852.9746115996197
4402,4.190193750000001,0.0064346714561681895,(-0.16846430814048655-0.031253301630373154j),1853.3956465034144
4403,4.190293750000001,0.006711077996342266,(0.02824137628085316-0.061819315985863155j),1853.8166814072088
4404,4.190393750000001,0.00770499633618982,(0.09213183952050225-0.08785284737232776j),1854.2377163110034
4405,4.190493750000001,0.008771537733786052,(0.017930170628028055+0.03304848486225803j),1854.6587512147978
4406,4.190593750000001,0.0077913750711822325,(0.102454106070383-0.06009869686023579j),1855.0797861185924
4407,4.190693750000001,0.006211246580699526,(-0.05317290326343414+0.04215955560112157j),1855.5008210223868
4408,4.190793750000001,0.006755198772056285,(0.08793716507409638-0.052846286218431605j),1855.9218559261815
4409,4.190893750000001,0.007720002498010969,(0.16431133550832683+0.0918588781545703j),1856.3428908299759
4410,4.1909937500000005,0.008175193040668771,(-0.044151396564597524-0.007075077966569102j),1856.7639257337703
4411,4.191093750000001,0.0064354397347523035,(0.07064104163106504-0.05038697983647129j),1857.184960637565
4412,4.191193750000001,0.0061604064719553205,(0.13927802115658394+0.12610227713207756j),1857.6059955413593
4413,4.191293750000001,0.007662219381465632,(0.0005452673429681698+0.11853706893301412j),1858.027030445154
4414,4.1913937500000005,0.008736476252233777,(0.04357292601206783+0.03201778929402838j),1858.4480653489484
4415,4.191493750000001,0.007713210333890768,(0.06548728170307372+0.011504732437798787j),1858.869100252743
4416,4.191593750000001,0.007382289654343144,(-0.10402035618278095+0.26712283126924047j),1859.2901351565374
4417,4.191693750000001,0.00825430181720543,(-0.18009059435231511+0.009851952443897125j),1859.7111700603318
4418,4.19179375,0.008042202639430975,(-0.16219801337063175+0.19726244378897304j),1860.1322049641265
4419,4.191893750000001,0.007096838508693444,(-0.34917852933645843-0.27280955672173857j),1860.5532398679209
4420,4.191993750000001,0.006073702339662844,(0.12592630634344326-0.14120039239093796j),1860.9742747717155
4421,4.192093750000001,0.006915960880106362,(0.017503992847922742+0.024484060793235368j),1861.39530967551
4422,4.192193750000001,0.007420483672735883,(0.014866255245213233-0.02670863831721887j),1861.8163445793045
4423,4.192293750000001,0.006666120606332731,(0.09968978211022014-0.008403419492187897j),1862.237379483099
4424,4.192393750000001,0.006413874034984027,(-0.0024852235594780524-0.046700159276142295j),1862.6584143868934
4425,4.192493750000001,0.0080626307797551,(0.15808538018737475+0.08690499491827369j),1863.079449290688
4426,4.192593750000001,0.008778790519823032,(0.07281952789242219+0.09379453240190902j),1863.5004841944824
4427,4.192693750000001,0.007797544006803989,(-0.1627552981284478-0.1274611212763402j),1863.921519098277
4428,4.192793750000001,0.0068699022172142915,(0.10071344981657607+0.02169703590096267j),1864.3425540020714
4429,4.1928937500000005,0.0072064901217457145,(0.07016409718057137+0.27840715367018737j),1864.763588905866
4430,4.192993750000001,0.007240036504774091,(0.10639030698129802+0.24292722045016174j),1865.1846238096605
4431,4.193093750000001,0.006787270352139561,(-0.053383013729792594+0.0063610150562403295j),1865.6056587134549
4432,4.193193750000001,0.005971388551629974,(-0.02284919892866083+0.01670645982769607j),1866.0266936172495
4433,4.1932937500000005,0.004812430129148156,(-0.16369372915190455+0.11484058494658772j),1866.447728521044
4434,4.193393750000001,0.0051775827313613534,(0.053822728366614336-0.2834545586694971j),1866.8687634248386
4435,4.193493750000001,0.004419219311747736,(0.06082260525529687-0.08124742657139725j),1867.289798328633
4436,4.193593750000001,0.0051207600985025276,(0.23838626901051935+0.29629510809794923j),1867.7108332324276
4437,4.19369375,0.006035824680274998,(0.0828167534604892+0.020029280867584043j),1868.131868136222
4438,4.193793750000001,0.006168972515990382,(-0.06376210609008254-0.0655598217343796j),1868.5529030400166
4439,4.193893750000001,0.004967719617315292,(0.0629705673026365+0.23737948375575973j),1868.973937943811
4440,4.193993750000001,0.004568712193303495,(-0.07310073811501906+0.12716556628859324j),1869.3949728476055
4441,4.194093750000001,0.005037095811459361,(0.06276772081654351+0.08196809715362022j),1869.8160077514
4442,4.194193750000001,0.005739542445773197,(0.0030469704102021877+0.11177261045303342j),1870.2370426551945
4443,4.194293750000001,0.004950025858871986,(0.051457084017895074-0.05330961588857559j),1870.6580775589891
4444,4.194393750000001,0.004571468181225195,(0.19883837263748944-0.011682716705471202j),1871.0791124627835
4445,4.194493750000001,0.004711030490261265,(-0.1172844047183692+0.3421454922265459j),1871.5001473665782
4446,4.194593750000001,0.004134061619419327,(-0.11529267118531325-0.12935083257896718j),1871.9211822703726
4447,4.194693750000001,0.002680319754543123,(0.13894108172716158+0.07071462995041809j),1872.342217174167
4448,4.1947937500000005,0.0017554505655128926,(-0.22142624094977817+0.042481879304893534j),1872.7632520779616
4449,4.194893750000001,0.0025813684868049593,(-0.06179651211445494-0.049216678810569583j),1873.184286981756
4450,4.194993750000001,0.003643965051555609,(-0.01118754546781955-0.014148928161517638j),1873.6053218855507
4451,4.195093750000001,0.0034182266235951854,(0.20357002736668567-0.06562309667832769j),1874.026356789345
4452,4.1951937500000005,0.0029108573832962725,(0.10270862632345046+0.05470933853071665j),1874.4473916931397
4453,4.195293750000001,0.0028652985147921794,(-0.03733411391375176-0.0526497131260721j),1874.8684265969341
4454,4.195393750000001,0.0034447581240069323,(0.006061003212376112+0.060419014584452806j),1875.2894615007285
4455,4.195493750000001,0.0033833498094017656,(-0.08641989763989716-0.02100096068281558j),1875.7104964045232
4456,4.1955937500000005,0.0033719239197760125,(0.1529902607556696-0.17562372758142097j),1876.1315313083176
4457,4.195693750000001,0.0037171393634543785,(-0.0604351232566922+0.056280240586579364j),1876.5525662121122
4458,4.195793750000001,0.0034835614577687236,(0.05337841221252686+0.0008566061310124468j),1876.9736011159066
4459,4.195893750000001,0.0033986618313311674,(-0.1967385852194647-0.07565502561726856j),1877.3946360197012
4460,4.195993750000001,0.003442131688979597,(-0.030940031505069118+0.13457205021543284j),1877.8156709234956
4461,4.196093750000001,0.0033772146760960306,(0.23058568994643078-0.06546953717864597j),1878.2367058272903
4462,4.196193750000001,0.002696866481015859,(0.12187044327400427-0.09657157361473248j),1878.6577407310847
4463,4.196293750000001,0.002540219778396588,(-0.20703379438962002-0.15350688119047412j),1879.078775634879
4464,4.196393750000001,0.003146262276156055,(0.034565569848992866-0.11832420404536863j),1879.4998105386737
4465,4.196493750000001,0.004605407777879191,(-0.010297173529998288+0.13554928410013348j),1879.9208454424681
4466,4.196593750000001,0.00471358898122994,(-0.0833258001570747+0.15782424189363564j),1880.3418803462628
4467,4.1966937500000006,0.004108105024231464,(-0.110920546894828-0.014516771335402212j),1880.7629152500572
4468,4.196793750000001,0.00398871663711948,(-0.00985837456638441-0.059972035631012555j),1881.1839501538518
4469,4.196893750000001,0.004106470918278609,(0.10112688956093537+0.10558706059724193j),1881.6049850576462
4470,4.196993750000001,0.004070543534554592,(-0.16167555698174305+0.17824934800820497j),1882.0260199614406
4471,4.1970937500000005,0.004134781917209861,(0.08985021197820263-0.035757545033299934j),1882.4470548652353
4472,4.197193750000001,0.004600737223073726,(-0.14993031993960382+0.07416286882212295j),1882.8680897690297
4473,4.197293750000001,0.004697678281246536,(0.14474666708009673+0.07577426403301556j),1883.2891246728243
4474,4.197393750000001,0.0038237167885356096,(-0.07232142263047477+0.1815721136984985j),1883.7101595766187
4475,4.1974937500000005,0.003752847659020168,(-0.1711097888770277+0.2983685797825868j),1884.1311944804133
4476,4.197593750000001,0.004585092588243061,(-0.04504504832055205+0.15455830226693884j),1884.5522293842077
4477,4.197693750000001,0.004775689490902737,(-0.3762267116882041-0.17914026157031365j),1884.9732642880022
4478,4.197793750000001,0.005032020270254339,(-0.0675244893515772-0.34042663874572365j),1885.3942991917968
4479,4.19789375,0.004665234917163675,(-0.05850748759119206-0.046543702732365966j),1885.8153340955912
4480,4.197993750000001,0.005365636065511537,(0.3108062758244974+0.01546343552477309j),1886.2363689993858
4481,4.198093750000001,0.006120985122842414,(-0.13792749811241461+0.2379687690550514j),1886.6574039031802
4482,4.198193750000001,0.006665355123682296,(-0.21009906635259912-0.1927304669586572j),1887.0784388069749
4483,4.198293750000001,0.006551276858880103,(-0.02056485774988212+0.14687754315510215j),1887.4994737107693
4484,4.198393750000001,0.005762062251840511,(0.03966189397922401-0.12225953713084509j),1887.920508614564
4485,4.198493750000001,0.005074481075905232,(0.05283959704548788+0.13837301775386393j),1888.3415435183583
4486,4.198593750000001,0.0052436531498215875,(-0.03678388085371348+0.00878034047303905j),1888.7625784221527
4487,4.198693750000001,0.006138047343399911,(-0.05648522745408516+0.08303097408894619j),1889.1836133259474
4488,4.198793750000001,0.007583821985203967,(-0.1913471911175842+0.0811634792810328j),1889.6046482297418
4489,4.198893750000001,0.007861071745890482,(-0.03511053586034248-0.1041964897613332j),1890.0256831335364
4490,4.1989937500000005,0.008340875713399795,(-0.08374479631824716+0.1284444895750625j),1890.4467180373308
4491,4.199093750000001,0.008038418061181569,(-0.08513374700132961-0.015725357955647667j),1890.8677529411254
4492,4.199193750000001,0.00815567163648262,(0.2738552808830241-0.1648795916752518j),1891.2887878449199
4493,4.199293750000001,0.007123861350322922,(0.0831070868191165+0.008496214796863077j),1891.7098227487143
4494,4.1993937500000005,0.006480177949381529,(-0.1999644334706506+0.058103689426333927j),1892.130857652509
4495,4.199493750000001,0.007359464997911043,(-0.11897929348892758-0.22746339719560393j),1892.5518925563033
4496,4.199593750000001,0.00745642988829911,(0.16373243068020854-0.026847203821503116j),1892.972927460098
4497,4.199693750000001,0.006991608450633242,(-0.19646642326569008-0.07436135716674824j),1893.3939623638923
4498,4.19979375,0.006114846796022133,(0.183768242955825-0.05478177050135696j),1893.814997267687
4499,4.199893750000001,0.0067899851385779374,(-0.16906488414471424-0.12882630338544623j),1894.2360321714814
4500,4.199993750000001,0.007618647742177841,(-0.12193607445922879-0.15347400794176264j),1894.6570670752758
4501,4.20009375,0.007693545793786086,(0.3210958888953608-0.06736211381433534j),1895.0781019790704
4502,4.20019375,0.007719184444644979,(-0.14879867572859418+0.1775801985234274j),1895.4991368828648
4503,4.20029375,0.008227601652478907,(-0.19365252196035357+0.16410184952939105j),1895.9201717866595
4504,4.20039375,0.008671682184644338,(0.12510635834972988-0.24256728269445998j),1896.3412066904539
4505,4.200493750000001,0.00962376894590264,(-0.14843678775061647-0.0830351326491334j),1896.7622415942485
4506,4.20059375,0.008197860363565153,(-0.12016572736747361-0.05922269141489345j),1897.183276498043
4507,4.20069375,0.007556729365368061,(0.07307841091349716+0.1899118631127348j),1897.6043114018375
4508,4.20079375,0.006473095434037087,(-0.12837550580683404+0.08248672372136921j),1898.025346305632
4509,4.2008937500000005,0.0072648061730677315,(0.16044192141009353+0.14523188380353413j),1898.4463812094264
4510,4.20099375,0.007678046841066417,(-0.05816067223642488-0.13752866435771735j),1898.867416113221
4511,4.20109375,0.007742476795176003,(-0.09568101782886038+0.22417587507283793j),1899.2884510170154
4512,4.20119375,0.00660830376824484,(0.002957935615907792+0.002705791088926768j),1899.70948592081
4513,4.2012937500000005,0.00644464499372776,(-0.055253046070338374+0.10220748283891051j),1900.1305208246044
4514,4.20139375,0.007163364178872484,(-0.10305297606509922+0.034432097831384886j),1900.551555728399
4515,4.20149375,0.007263722909197201,(-0.18405206683033354+0.055833860287933246j),1900.9725906321935
4516,4.20159375,0.006475327575461492,(0.014754247906135026-0.02622191231789897j),1901.393625535988
4517,4.2016937500000004,0.00615670745013908,(-0.09703225204042407-0.08232170017690374j),1901.8146604397825
4518,4.20179375,0.005691242846062338,(-0.13134106646349597-0.08728547382087098j),1902.235695343577
4519,4.20189375,0.006199919747442607,(-0.044297632997810324-0.14348604320703534j),1902.6567302473716
4520,4.20199375,0.006069174554943588,(0.05624341512506025-0.11967230825448327j),1903.077765151166
4521,4.20209375,0.005592137448684683,(0.25802522714946624-0.010935998525030535j),1903.4988000549606
4522,4.20219375,0.0050174407537540286,(0.010319303495132631+0.36683208095376196j),1903.919834958755
4523,4.20229375,0.004725966324296726,(-0.02498568556733166+0.04117644242208937j),1904.3408698625494
4524,4.202393750000001,0.0052517627184215775,(-0.13995483582747492+0.005443113266196106j),1904.761904766344
4525,4.20249375,0.003180168250436885,(0.13057850954786865-0.17268379238054532j),1905.1829396701385
4526,4.20259375,0.0024857595945428296,(0.13786040243003683+0.08070603444937229j),1905.603974573933
4527,4.20269375,0.003701610071711843,(-0.19076800146079992+0.002531047835098693j),1906.0250094777275
4528,4.2027937500000005,0.005155563017019348,(-0.11014368371750004+0.15855802282305012j),1906.4460443815221
4529,4.20289375,0.004641081835255981,(0.2734141163192849-0.24484497200415406j),1906.8670792853165
4530,4.20299375,0.005059036278325439,(0.07187898641605395+0.0028033682890755886j),1907.288114189111
4531,4.20309375,0.004852246729054914,(0.07260186599064507+0.16000844757361504j),1907.7091490929056
4532,4.2031937500000005,0.004770164292530893,(0.02692891267092308+0.0999647744168141j),1908.1301839967
4533,4.20329375,0.003888546899330477,(0.15127708749098917+0.10538810421246696j),1908.5512189004946
4534,4.20339375,0.003671056333940621,(0.09892619002343644-0.06876249349328144j),1908.972253804289
4535,4.20349375,0.003974902922602445,(0.10319291271714322-0.04082742327143168j),1909.3932887080837
4536,4.2035937500000005,0.003168179563969113,(0.06369097118132994-0.03302574830648641j),1909.814323611878
4537,4.20369375,0.002776452695215963,(-0.08813755748774621-0.08702049182933622j),1910.2353585156727
4538,4.20379375,0.001569633018984082,(0.18293806761258297-0.1331439315326577j),1910.6563934194671
4539,4.20389375,0.002009705889856064,(0.1404235710293478+0.14426617405727876j),1911.0774283232615
4540,4.20399375,0.0033892844686685027,(-0.05810716855200254+0.2030996967613606j),1911.4984632270562
4541,4.20409375,0.0042499712813466334,(-0.078685884092671+0.00558054612515084j),1911.9194981308506
4542,4.20419375,0.004527890796265629,(-0.2217655713754431-0.1396527495539891j),1912.3405330346452
4543,4.204293750000001,0.003137198380928309,(0.0766271389248544-0.03504210273634911j),1912.7615679384396
4544,4.20439375,0.0019207179708039292,(-0.05074350789838874-0.05480122610337811j),1913.1826028422342
4545,4.20449375,0.0030362645069562026,(0.02959041198901316+0.02225255695036915j),1913.6036377460287
4546,4.20459375,0.004068783091973482,(0.05059705412380938-0.02635631467622045j),1914.024672649823
4547,4.204693750000001,0.003962961084655456,(-0.06347669699420916+0.05851586460121392j),1914.4457075536177
4548,4.20479375,0.0028033211120021832,(-0.033817159704361874+0.020431492024274578j),1914.866742457412
4549,4.20489375,0.0032892726490397766,(0.010614310234721397+0.009606855808999004j),1915.2877773612067
4550,4.20499375,0.0037137330143969948,(0.023650193442178336-0.0701259064569717j),1915.7088122650011
4551,4.2050937500000005,0.003511696694373003,(-0.05553081291504432-0.07141274628893626j),1916.1298471687958
4552,4.20519375,0.003119826375441669,(-0.14867803065706903-0.08792521310590397j),1916.5508820725902
4553,4.20529375,0.0035227942043327175,(0.01590061403818833-0.004774662118638841j),1916.9719169763846
4554,4.20539375,0.004359154928662753,(0.007055154370934763-0.14851215256560601j),1917.3929518801792
4555,4.2054937500000005,0.004509354361123848,(0.09531367106785486-0.020482208304994226j),1917.8139867839736
4556,4.20559375,0.005144795279910432,(-0.058195897280344674-0.034575785645031096j),1918.2350216877683
4557,4.20569375,0.003922759327207643,(0.08839317223856058-0.14679094561087933j),1918.6560565915627
4558,4.20579375,0.004607443703662112,(-0.06416136885619195+0.1603536887246923j),1919.0770914953573
4559,4.20589375,0.004383067259410069,(-0.027931160851974796-0.04570004600631463j),1919.4981263991517
4560,4.20599375,0.0045147645243894825,(0.02997798059891256-0.17629332313578278j),1919.9191613029463
4561,4.20609375,0.005396411174851291,(-0.04679788097322212-0.005929637294769339j),1920.3401962067408
4562,4.206193750000001,0.005970796693351816,(0.0275350711245594+0.04550816083793606j),1920.7612311105352
4563,4.20629375,0.005801617350380631,(0.2722720980818591-0.09106050145023686j),1921.1822660143298
4564,4.20639375,0.0042641664037630835,(0.006431496322754193-0.023128244322881464j),1921.6033009181242
4565,4.20649375,0.003822821632673342,(0.09094961905140184-0.17884815177054764j),1922.0243358219188
4566,4.206593750000001,0.005208723900150839,(0.14861743564018937+0.09203972559014703j),1922.4453707257132
4567,4.20669375,0.006981849796102326,(0.11301172826078444+0.02108292432751789j),1922.8664056295079
4568,4.20679375,0.007786323152267824,(0.08759124724395073+0.14577841325482302j),1923.2874405333023
4569,4.20689375,0.007596127238842663,(-0.06059331514661872+0.13848238726831566j),1923.7084754370967
4570,4.2069937500000005,0.007600762507290831,(-0.02717483320447717-0.0308190842043968j),1924.1295103408913
4571,4.20709375,0.007166763477424723,(-0.1999980638260625-0.0418941592300285j),1924.5505452446857
4572,4.20719375,0.0057682395648627986,(0.04366139181973791-0.042197464786201525j),1924.9715801484804
4573,4.20729375,0.006616387975492825,(-0.02736253739447747-0.05481379074092739j),1925.3926150522748
4574,4.2073937500000005,0.0073813318976022144,(0.029250537437844976-0.07142006998435549j),1925.8136499560694
4575,4.20749375,0.008290814441236763,(-0.053256493144822614+0.081369200682783j),1926.2346848598638
4576,4.20759375,0.007131708872919962,(-0.015868537101297542+0.0162429093844199j),1926.6557197636582
4577,4.20769375,0.0062843334719097895,(0.007261924394690963-0.05799811193330778j),1927.0767546674529
4578,4.20779375,0.006917484668236281,(0.047546974446146556+0.03465173609463282j),1927.4977895712473
4579,4.20789375,0.007715111660820558,(-0.09695509465441482-0.13204179018370396j),1927.918824475042
4580,4.20799375,0.007024384865224458,(0.03566766044086722-0.032270998850250615j),1928.3398593788363
4581,4.20809375,0.006323056374764191,(-0.04693634980439873+0.03474162908403797j),1928.760894282631
4582,4.20819375,0.007002858764695708,(0.10830209124938203-0.06800196668003389j),1929.1819291864254
4583,4.20829375,0.00785908023931634,(0.0755805630896923-0.16884034833687758j),1929.60296409022
4584,4.20839375,0.008570302857738474,(0.004801704486915755+0.0270516838024272j),1930.0239989940144
4585,4.208493750000001,0.007248383966599291,(-0.0062817463714413685+0.03436476286052392j),1930.4450338978088
4586,4.20859375,0.007079861698278079,(-0.06407800620857385+0.026545716132445878j),1930.8660688016034
4587,4.20869375,0.008010130665623956,(-0.005144713353168904+0.015326375789871755j),1931.2871037053978
4588,4.20879375,0.008597558030774314,(0.1609275826744804+0.0006217766929728502j),1931.7081386091925
4589,4.2088937500000005,0.009167809652297937,(0.03554958868686187+0.16425108184507753j),1932.1291735129869
4590,4.20899375,0.007864187481733047,(-0.055226749460137184+0.07314925434518424j),1932.5502084167815
4591,4.20909375,0.0070986093340075366,(0.14158686609421775-0.04802185494234707j),1932.971243320576
4592,4.20919375,0.007591797217009293,(-0.053858366703916166+0.12520214748355632j),1933.3922782243703
4593,4.2092937500000005,0.006993818912545931,(-0.015393204711857858-0.02200049770006371j),1933.813313128165
4594,4.20939375,0.006884931698278446,(0.0368711521455975+0.11267022726881276j),1934.2343480319594
4595,4.20949375,0.00761634420492451,(-0.08840008090105031+0.06302224127199332j),1934.655382935754
4596,4.20959375,0.008375019775693812,(-0.15567337367308373-0.07214044101736419j),1935.0764178395484
4597,4.2096937500000005,0.008399248110377306,(0.03494437256989719-0.19563588275163352j),1935.497452743343
4598,4.20979375,0.007279771778650072,(0.001753585914120566-0.14960373003776536j),1935.9184876471375
4599,4.20989375,0.005831638602805215,(0.0995749994651791-0.06582694166790376j),1936.3395225509319
4600,4.20999375,0.006648026936856974,(0.296997723144237-0.05384863003280737j),1936.7605574547265
4601,4.21009375,0.0063896289864921385,(-0.032211870420261426+0.09856507362408151j),1937.181592358521
4602,4.21019375,0.004916542052293614,(-0.08789862225946402-0.24510173434025032j),1937.6026272623155
4603,4.21029375,0.005174064257112349,(0.11389314390863824-0.05356866512119364j),1938.02366216611
4604,4.210393750000001,0.005641686281138917,(-0.03689247058744112+0.07301387903855615j),1938.4446970699046
4605,4.21049375,0.007099412185030886,(0.013656248661140749+0.12961872972327498j),1938.865731973699
4606,4.21059375,0.0065852601333546605,(-0.0464381383566838-0.1599432448378703j),1939.2867668774936
4607,4.21069375,0.005227716046700802,(0.033030544069574855+0.03033461515693519j),1939.707801781288
4608,4.210793750000001,0.0032100045044457463,(0.06191230564076816-0.10974306952767053j),1940.1288366850824
4609,4.21089375,0.002320790782288629,(0.06997099964900363-0.04008476355265726j),1940.549871588877
4610,4.21099375,0.0030417545793077426,(0.04601169851208018+0.15696179723194037j),1940.9709064926715
4611,4.21109375,0.004754052032985311,(-0.006157259988630731+0.02735755187956367j),1941.391941396466
4612,4.2111937500000005,0.005218479315237918,(0.039887498975028184+0.05680623885375313j),1941.8129763002605
4613,4.21129375,0.004608127713691274,(-0.004413563943302043-0.08418609755809534j),1942.2340112040552
4614,4.21139375,0.006196047296830236,(0.018261489237171663-0.053228286370633815j),1942.6550461078496
4615,4.21149375,0.0057350481032941835,(0.07109061981367004+0.04190718238658007j),1943.076081011644
4616,4.2115937500000005,0.004039175775322226,(-0.05334119135265225-0.03342518534762107j),1943.4971159154386
4617,4.21169375,0.0014297975753495625,(0.019945860746758914+0.07208052842106902j),1943.918150819233
4618,4.21179375,0.0014921691514186047,(-0.02163775625683545-0.05902670791469409j),1944.3391857230276
4619,4.21189375,0.0032856541395593795,(0.06568406697265944+0.10824398710979478j),1944.760220626822
4620,4.21199375,0.004832864213164925,(0.07009423283613749-0.08250154851608882j),1945.1812555306167
4621,4.21209375,0.004071493914136551,(0.07184284844224519-0.0017918083508604785j),1945.602290434411
4622,4.21219375,0.002539779505990453,(-0.02699224996972649+0.1334143101599628j),1946.0233253382055
4623,4.212293750000001,0.0010824018551322393,(0.06323873321744695+0.032402181937040885j),1946.4443602420001
4624,4.21239375,0.0009717942870358705,(-0.12321270832764154-0.02398676705441525j),1946.8653951457945
4625,4.21249375,0.001450450041692599,(-0.031382940225611874-0.12917312838516393j),1947.2864300495892
4626,4.21259375,0.0024284209329389936,(0.1238789273012372+0.07725213033690798j),1947.7074649533836
4627,4.212693750000001,0.0030467689598475964,(-0.014698457683300898+0.028938953416609434j),1948.1284998571782
4628,4.21279375,0.0038819099042210537,(-0.0773558163490574+0.002190071949514233j),1948.5495347609726
4629,4.21289375,0.005117163146933108,(-0.15977799074713994+0.10174137674220468j),1948.970569664767
4630,4.21299375,0.0038048094555603123,(0.004278918240574733-0.12516057503188086j),1949.3916045685617
4631,4.2130937500000005,0.002944808763185259,(0.02197888377952184-0.02154713119287626j),1949.812639472356
4632,4.21319375,0.0027959993835103484,(0.030771785747151198+0.10211005289689751j),1950.2336743761507
4633,4.21329375,0.0029800371230690147,(-0.008294189780556554-0.03910835294414749j),1950.654709279945
4634,4.21339375,0.0031829917871680933,(-0.022005775968469032-0.007884008162696257j),1951.0757441837397
4635,4.2134937500000005,0.0036287282633144986,(-0.08347956802191932-0.029591719057861426j),1951.4967790875342
4636,4.21359375,0.004338213050922119,(0.05069226529833079+0.022001008530161494j),1951.9178139913288
4637,4.21369375,0.005473608041015372,(-0.03699582360736224+0.02504505605260684j),1952.3388488951232
4638,4.21379375,0.00501402471029183,(-0.12857174762290305-0.02476459502746422j),1952.7598837989176
4639,4.21389375,0.0051371342879232475,(-0.08027501126204777-0.08549428005798601j),1953.1809187027122
4640,4.21399375,0.004470449117537567,(0.03869565317697751-0.05944930863628339j),1953.6019536065066
4641,4.21409375,0.0038793482417931163,(0.011055727400205495+0.04598213820273844j),1954.0229885103013
4642,4.21419375,0.004864112540255402,(0.009748358939673296+0.06893427387228027j),1954.4440234140957
4643,4.21429375,0.005054928721587706,(-0.001952892402463477+0.04635947502461153j),1954.8650583178903
4644,4.21439375,0.004782919458902249,(0.013796810082074243-0.08711663479180344j),1955.2860932216847
4645,4.21449375,0.004741369728836866,(0.017446471918666436-0.08179444633018008j),1955.7071281254791
4646,4.214593750000001,0.005340967018467481,(-0.019353816470019863-0.027148172607261517j),1956.1281630292738
4647,4.21469375,0.005288249278893494,(-0.07036299321173987+0.024134443222521965j),1956.5491979330682
4648,4.21479375,0.005271391068367209,(-0.03722742157815749-0.1727357178823459j),1956.9702328368628
4649,4.21489375,0.004387930310431392,(-0.037380229687245074+0.028218674759758897j),1957.3912677406572
4650,4.2149937500000005,0.005747982765796246,(-0.017492189879483117+0.031910363155302296j),1957.8123026444518
4651,4.21509375,0.0073623365575556056,(-0.08372758646818937+0.009300960056643034j),1958.2333375482463
4652,4.21519375,0.00803954896187638,(0.07959827078940679-0.1735371804216137j),1958.6543724520407
4653,4.21529375,0.0074387450481004785,(0.07731253478903251+0.06769678872179757j),1959.0754073558353
4654,4.2153937500000005,0.006887307391698277,(-0.018525935908580315+0.0644922907438346j),1959.4964422596297
4655,4.21549375,0.006467266058801169,(-0.09522230071362628-0.03692590156814589j),1959.9174771634243
4656,4.21559375,0.006543966365882903,(-0.018857412257310864-0.059779260962712855j),1960.3385120672187
4657,4.21569375,0.006427461452936642,(0.05562116800316193-0.12153569778458514j),1960.7595469710134
4658,4.2157937500000005,0.006653103453330992,(0.16624116560788543+0.06844698949264913j),1961.1805818748078
4659,4.21589375,0.00785362878606536,(0.029720792364362484+0.15410396851962715j),1961.6016167786024
4660,4.21599375,0.009120563361590525,(-0.047323483803323754+0.04581789707958671j),1962.0226516823968
4661,4.21609375,0.009421603168225861,(-0.26201270259684484+0.03962023565421811j),1962.4436865861912
4662,4.21619375,0.008215364566850186,(0.10459047330078135-0.18810495851961748j),1962.8647214899859
4663,4.21629375,0.00660056012001128,(0.0012781684385683098+0.01405775998978901j),1963.2857563937803
4664,4.21639375,0.006083986665292214,(0.008923363599693375-0.12152723200247956j),1963.706791297575
4665,4.216493750000001,0.007088286477636764,(0.07519160041147065+0.00796183313822156j),1964.1278262013693
4666,4.21659375,0.00783203559452241,(-0.07903490878625537+0.07502882148288305j),1964.548861105164
4667,4.21669375,0.007300569848736161,(0.08593649197643352-0.06386767901501705j),1964.9698960089584
4668,4.21679375,0.008070464005268934,(0.004269884328996831+0.10957494123304168j),1965.3909309127528
4669,4.2168937500000006,0.008236110573361205,(-0.02834253963012197-0.06787019687617481j),1965.8119658165474
4670,4.21699375,0.007097320030687562,(0.0646958215077702+0.020211737451669536j),1966.2330007203418
4671,4.21709375,0.006231861078154852,(0.005550200439196587-0.08923087942441887j),1966.6540356241364
4672,4.21719375,0.006519659573100334,(0.13369162692535758+0.08478298473075715j),1967.0750705279308
4673,4.2172937500000005,0.007793151022107736,(-0.03184493468589322-0.06542917489738262j),1967.4961054317255
4674,4.21739375,0.008658450552731446,(0.12298244706798402+0.006687102855111579j),1967.91714033552
4675,4.21749375,0.008244298503465095,(0.13116197025926352+0.019537533614347347j),1968.3381752393143
4676,4.21759375,0.007300140189183908,(-0.058068488364526494+0.09277294980676239j),1968.759210143109
4677,4.2176937500000005,0.007194304294107624,(-0.002058165580136391+0.08186969094443518j),1969.1802450469033
4678,4.21779375,0.006622345432240919,(0.022937713342296245+0.04763016328593328j),1969.601279950698
4679,4.21789375,0.005833882462929948,(0.044592943823959036-0.09460040423987008j),1970.0223148544924
4680,4.21799375,0.005406717777791748,(0.10950714947570991-0.01723396768943839j),1970.443349758287
4681,4.21809375,0.006102000834669678,(0.10592525861411964+0.1424566313106042j),1970.8643846620814
4682,4.21819375,0.007005207343787512,(-0.043847332737220586-0.025080273055119118j),1971.285419565876
4683,4.21829375,0.00812955765785174,(0.06964070019607907-0.062085691223663475j),1971.7064544696705
4684,4.218393750000001,0.008307246154922612,(0.11203798765572699+0.04734484037404813j),1972.1274893734649
4685,4.21849375,0.006882397468884939,(0.019885060804114868+0.14995897551963197j),1972.5485242772595
4686,4.21859375,0.005911070729762896,(-0.07765739895711904+0.09373050560953927j),1972.969559181054
4687,4.21869375,0.004868417672871631,(-0.2035239208421423-0.011182053732165992j),1973.3905940848485
4688,4.218793750000001,0.004038651191111378,(-0.09288533427449891-0.2589857206527777j),1973.811628988643
4689,4.21889375,0.005429658534553488,(0.15703540459649612-0.10963287789940714j),1974.2326638924376
4690,4.21899375,0.005189698923453633,(-0.005687913856163636+0.09343979267556198j),1974.653698796232
4691,4.21909375,0.004881015087036992,(0.05899638215642844+0.027668753052057772j),1975.0747337000264
4692,4.2191937500000005,0.004674275488921177,(-0.05091950336905571+0.15370174296059105j),1975.495768603821
4693,4.21929375,0.0045959781006061125,(-0.09641981504851482-0.09772386372216932j),1975.9168035076154
4694,4.21939375,0.0031874997318167915,(0.06044112022406647-0.013274862104529613j),1976.33783841141
4695,4.21949375,0.0031462725650499685,(-0.016572674512032343+0.06484006514963137j),1976.7588733152045
4696,4.2195937500000005,0.003935669615743391,(0.07384680562130524-0.01715357776065443j),1977.1799082189991
4697,4.21969375,0.004247687912936925,(0.018845059071359554+0.08587180312940727j),1977.6009431227935
4698,4.21979375,0.003923686296657509,(-0.024417903200941157+0.011273104569462844j),1978.021978026588
4699,4.21989375,0.003702094592753698,(0.05402310621401672+0.03376085451299428j),1978.4430129303826
4700,4.21999375,0.004907360353132673,(-0.033324211939808585+0.05703070264370401j),1978.864047834177
4701,4.22009375,0.005252037421837875,(-0.10376788334538453+0.012356046387205291j),1979.2850827379716
4702,4.22019375,0.003684539283280702,(0.006042715096654425+0.020935837541433328j),1979.706117641766
4703,4.22029375,0.0020560150614209174,(0.07087942705660653+0.0651261134204748j),1980.1271525455606
4704,4.22039375,0.0017065016749226389,(0.06656852279049524+0.06501991276539529j),1980.548187449355
4705,4.22049375,0.002746313394100726,(-0.07433548877889844+0.05429153094660809j),1980.9692223531497
4706,4.22059375,0.002841375139460155,(0.015975760925330235-0.00773755557425778j),1981.390257256944
4707,4.220693750000001,0.0032732347876514973,(0.07360000680837123-0.05983716304746095j),1981.8112921607385
4708,4.22079375,0.0027893456536157548,(0.07905102767605954+0.07819607713886936j),1982.2323270645331
4709,4.22089375,0.0035915714966258967,(-0.10198174516926738+0.06165029238925243j),1982.6533619683275
4710,4.22099375,0.0035414176127875376,(-0.09249808009456355-0.042041041416184324j),1983.0743968721222
4711,4.2210937500000005,0.003853614139927981,(0.08671388058410884-0.0924636738941456j),1983.4954317759166
4712,4.22119375,0.002894485771270769,(0.009605634243345429+0.05496914688281293j),1983.9164666797112
4713,4.22129375,0.00295515262170459,(0.13653021308343427-0.10039932517493746j),1984.3375015835056
4714,4.22139375,0.003509417787741021,(-0.014298433705391606+0.08348308638546177j),1984.7585364873
4715,4.2214937500000005,0.0038333912452887587,(-0.12584131197434423-0.11688401456472583j),1985.1795713910947
4716,4.22159375,0.004664447215107816,(-0.0536092728890714+0.03100487454841524j),1985.600606294889
4717,4.22169375,0.0035540251672288607,(-0.011833631733230793-0.03650350611407727j),1986.0216411986837
4718,4.22179375,0.003181457128205144,(-0.016196707202257556-0.07406605692983137j),1986.4426761024781
4719,4.2218937500000004,0.003187349561412224,(-0.017603477456975252+0.01574527954012457j),1986.8637110062728
4720,4.22199375,0.004306035914440722,(0.03958331058883094-0.07586588654237887j),1987.2847459100672
4721,4.22209375,0.004881838402624092,(-0.02783841697468626+0.0290044746048121j),1987.7057808138616
4722,4.22219375,0.004500381533856151,(0.052890362261690305-0.017005773852452576j),1988.1268157176562
4723,4.22229375,0.004597921420855993,(0.059127793381886506-0.019373550420651045j),1988.5478506214506
4724,4.22239375,0.005124875179438133,(0.09200542271058068+0.07616125291338495j),1988.9688855252452
4725,4.22249375,0.004369246670780528,(-0.05572853385096504+0.07585025980249066j),1989.3899204290396
4726,4.222593750000001,0.004317149723801041,(0.04015775252801122-0.010995626545999136j),1989.8109553328343
4727,4.22269375,0.004086156514712758,(0.10732203408431433+0.05395709439078422j),1990.2319902366287
4728,4.22279375,0.005110634952784358,(0.08257467191054255+0.23598858942484288j),1990.653025140423
4729,4.22289375,0.005562066357966348,(-0.1671536856109497-0.07661928685350242j),1991.0740600442177
4730,4.2229937500000005,0.005246814949343067,(0.13527879311515026+0.028159707209971754j),1991.4950949480121
4731,4.22309375,0.004196388227032198,(-0.10150962931823555+0.2827226740706026j),1991.9161298518068
4732,4.22319375,0.004071682854098222,(-0.08707888600703483-0.0833669911935486j),1992.3371647556012
4733,4.22329375,0.006649330438575199,(-0.0633346286603482+0.08057476956837473j),1992.7581996593958
4734,4.2233937500000005,0.007611034985386702,(-0.130235802386953+0.005140378989445804j),1993.1792345631902
4735,4.22349375,0.007242523364004705,(-0.15054735228609603-0.0916429565267827j),1993.6002694669849
4736,4.22359375,0.00737648623788799,(-0.11925275182311743-0.1705142933817423j),1994.0213043707793
4737,4.22369375,0.007672594189852249,(0.13932483623852587-0.1511897865326689j),1994.4423392745737
4738,4.2237937500000005,0.008018685744257086,(0.017246228388605137+0.11140952239277624j),1994.8633741783683
4739,4.22389375,0.0071019377676516835,(0.060077547627057276+0.08086703922001537j),1995.2844090821627
4740,4.22399375,0.006013028073637375,(-0.06788157682744494+0.16399684082008964j),1995.7054439859573
4741,4.22409375,0.007196118125201749,(-0.25049847286092874-0.17227312541593068j),1996.1264788897518
4742,4.22419375,0.008673544121676065,(0.20599596387205252+0.1684319368190108j),1996.5475137935464
4743,4.22429375,0.009030705644022372,(-0.35187763441832576-0.16960135633327103j),1996.9685486973408
4744,4.22439375,0.007538293272677308,(0.25209127349063915+0.24839807135916822j),1997.3895836011352
4745,4.224493750000001,0.006925838419901402,(-0.02124093569154098-0.14760663313810413j),1997.8106185049298
4746,4.22459375,0.007412444216517822,(-0.2636015779463152-0.15318367370648017j),1998.2316534087242
4747,4.22469375,0.007678148563352586,(-0.22806896005165328+0.05647446417348014j),1998.6526883125189
4748,4.22479375,0.007081795047963378,(-0.13510709304939972+0.12152851398309722j),1999.0737232163133
4749,4.224893750000001,0.007068310835950582,(0.10222786868983225+0.04277475292489186j),1999.494758120108
4750,4.22499375,0.007610174732566476,(0.02026710929747788+0.001294915878078777j),1999.9157930239023
4751,4.22509375,0.007046294148374919,(0.2039091843306986-0.07442573697848047j),2000.3368279276967
4752,4.22519375,0.005834011756009058,(-0.017640984875234238+0.0006376714332955655j),2000.7578628314914
4753,4.2252937500000005,0.005746669869923148,(-0.03715849735353116-0.059811711127975196j),2001.1788977352858
4754,4.22539375,0.0064013751523159836,(-0.0026284666685598146+0.07621094114684562j),2001.5999326390804
4755,4.22549375,0.007266398686174633,(-0.09797877950702562-0.08523139568434276j),2002.0209675428748
4756,4.22559375,0.008454248932672766,(0.1775794870235888-0.14750838944349148j),2002.4420024466694
4757,4.2256937500000005,0.008283780725203095,(0.08630303757174937+0.11706414466936584j),2002.8630373504639
4758,4.22579375,0.008877708775249704,(0.040203764134323486-0.05321100710019205j),2003.2840722542585
4759,4.22589375,0.0075073432939254964,(0.031439428435309585-0.1195981472531853j),2003.705107158053
4760,4.22599375,0.006401755532697856,(-0.06030723497491364-0.02902063506620295j),2004.1261420618473
4761,4.22609375,0.006545935476030989,(0.06331257054501019+0.05515005276173707j),2004.547176965642
4762,4.22619375,0.00677937481963246,(0.03923878095240735-0.04045344945068416j),2004.9682118694363
4763,4.22629375,0.007257471837088567,(0.04079382090122835-0.048604831124373415j),2005.389246773231
4764,4.226393750000001,0.00666364620526129,(0.08622904149484589+0.025150203420505002j),2005.8102816770254
4765,4.22649375,0.0071423427761934865,(0.048154913975476+0.01029724645321084j),2006.23131658082
4766,4.22659375,0.006904690704777922,(0.0728589692128058-0.07838093472595009j),2006.6523514846144
4767,4.22669375,0.005762630930258169,(0.11042656612503753+0.07071679744055571j),2007.0733863884088
4768,4.226793750000001,0.004836819703694656,(0.015642430124557516+0.045495983635651646j),2007.4944212922035
4769,4.22689375,0.005810680870389835,(-0.0018647366401320295+0.07274830439512935j),2007.9154561959979
4770,4.22699375,0.00672332101965863,(0.05711196340712042+0.09147029189627792j),2008.3364910997925
4771,4.22709375,0.005248509142289309,(0.040266627882101697+0.03363612912240163j),2008.757526003587
4772,4.2271937500000005,0.0034660380763452524,(0.03459841228603858+0.0851156328718774j),2009.1785609073816
4773,4.22729375,0.0035037569919895736,(-0.012678009060430984+0.01320792374837998j),2009.599595811176
4774,4.22739375,0.003982966377289585,(-0.11472611035448721+0.013963790584338054j),2010.0206307149704
4775,4.22749375,0.004689610995607094,(0.1471634276076869+0.01995755852150967j),2010.441665618765
4776,4.2275937500000005,0.004821473519603984,(0.1196784317073798+0.06056691847912282j),2010.8627005225594
4777,4.22769375,0.005631424852870155,(0.005761223835365826+0.08985630166808867j),2011.283735426354
4778,4.22779375,0.0051442715244548985,(-0.11426078996202327+0.14664752249132482j),2011.7047703301484
4779,4.22789375,0.00394734046862761,(-0.11229666837607949+0.08065313681729203j),2012.125805233943
4780,4.22799375,0.0031249638594709373,(0.03672719077813061-0.12648838059464715j),2012.5468401377375
4781,4.22809375,0.001827935917063511,(0.1595822271360189+0.0696082225174409j),2012.9678750415321
4782,4.22819375,0.0035238698481299528,(-0.012143334746000739+0.036958626286242524j),2013.3889099453265
4783,4.22829375,0.004351397744170316,(-0.039248888439354965+0.002804115069713127j),2013.809944849121
4784,4.22839375,0.005099197542493028,(0.03383841036837071+0.010454245278761001j),2014.2309797529156
4785,4.22849375,0.004558517168722991,(0.04781534893267281+0.10031100368942289j),2014.65201465671
4786,4.22859375,0.004009806922012134,(-0.04049445813573646+0.09496658147009472j),2015.0730495605046
4787,4.228693750000001,0.004008148519638863,(-0.09148517439323521+0.0032981180717256975j),2015.494084464299
4788,4.22879375,0.0037416331743523818,(0.03472253439181951+0.03237560202028658j),2015.9151193680937
4789,4.22889375,0.003571257316749742,(0.00374336098363362-0.004041424956807829j),2016.336154271888
4790,4.22899375,0.00287796901768709,(-0.08682591817674289+0.02940253017015909j),2016.7571891756825
4791,4.2290937500000005,0.003070945612405985,(0.010058149656889642-0.08450587350405471j),2017.178224079477
4792,4.22919375,0.003136675761481645,(0.07676938655784395-0.04441767359925354j),2017.5992589832715
4793,4.22929375,0.002610720524917397,(-0.07852680295713085-0.05925151370002787j),2018.0202938870661
4794,4.22939375,0.002018746154100096,(-0.010837776653353198-0.07021288048158136j),2018.4413287908606
4795,4.2294937500000005,0.0019237176413777854,(-0.0009782633373967703-0.08330663081730572j),2018.8623636946552
4796,4.22959375,0.00261707000686754,(-0.025169746456685516-0.0006813301795836613j),2019.2833985984496
4797,4.22969375,0.0035509487202026115,(0.07400725984720044-0.05250307016937397j),2019.704433502244
4798,4.22979375,0.003835597358247637,(-0.09145334663912674-0.08800095105382807j),2020.1254684060386
4799,4.2298937500000005,0.0035543397557748005,(0.022756057255095108-0.052871097591608844j),2020.546503309833
4800,4.22999375,0.0034734725945364045,(0.10025892415350943-0.04539886045612529j),2020.9675382136277
4801,4.23009375,0.003943252508437835,(0.004152556851661826-0.016452997109317427j),2021.388573117422
4802,4.23019375,0.004899175131376247,(0.028423880146373648+0.04954684732085002j),2021.8096080212167
4803,4.23029375,0.004994506313621734,(0.14830431173192066+0.05040455138821143j),2022.2306429250111
4804,4.23039375,0.004291164043091417,(-0.0381100775464388+0.03466850938586265j),2022.6516778288058
4805,4.23049375,0.004007510142987637,(0.013943919948964822+0.18740240458552226j),2023.0727127326002
4806,4.230593750000001,0.004529667328823908,(-0.04615662574466109+0.020854311700553296j),2023.4937476363946
4807,4.23069375,0.00505103376265393,(0.09446207264143314-0.1347992478170145j),2023.9147825401892
4808,4.23079375,0.004248492512126126,(0.044665759761405355+0.059302575742946576j),2024.3358174439836
4809,4.23089375,0.004254389851745933,(0.054123491792373406+0.020017552656821175j),2024.7568523477782
4810,4.2309937500000006,0.004566469465297017,(-0.101853351969936+0.023353343265849286j),2025.1778872515727
4811,4.23109375,0.00617003845938494,(0.027006519222772446-0.09866139882824632j),2025.5989221553673
4812,4.23119375,0.00626173752157348,(-0.003522912603844408+0.014978987405163j),2026.0199570591617
4813,4.23129375,0.005960146021734937,(-0.0026463161975293636-0.09390689465421825j),2026.440991962956
4814,4.2313937500000005,0.00587574008959631,(0.044942930422621784+0.018917114726176687j),2026.8620268667507
4815,4.23149375,0.0063247648676656885,(0.05062063851654558+0.09019353796081704j),2027.2830617705451
4816,4.23159375,0.005707667397151789,(0.015575271901512644+0.022690407323747677j),2027.7040966743398
4817,4.23169375,0.005186589168514162,(-0.0031694980610776358+0.01066001535899308j),2028.1251315781342
4818,4.2317937500000005,0.005997132647567255,(-0.069907436412042+0.06382682642023634j),2028.5461664819288
4819,4.23189375,0.007973180362019472,(0.0025995005524606096+0.06536768018536099j),2028.9672013857232
4820,4.23199375,0.007283645525945374,(-0.06451574311263669-0.04868169207546119j),2029.3882362895176
4821,4.23209375,0.00584994725299159,(-0.038437977182707694+0.14042135528490546j),2029.8092711933123
4822,4.23219375,0.005449856419164029,(-0.07390735637938904-0.08675007889055895j),2030.2303060971067
4823,4.23229375,0.0060004173585911915,(0.011963604372969616+0.08206116005681435j),2030.6513410009013
4824,4.23239375,0.0077597081251038445,(-0.16027199222382293-0.014357118096392396j),2031.0723759046957
4825,4.232493750000001,0.008464680586214692,(-0.03912454134882817-0.09492663794680167j),2031.4934108084904
4826,4.23259375,0.008742270050471365,(-0.11302954943785314+0.027232354159051526j),2031.9144457122848
4827,4.23269375,0.008082688012132863,(0.02331450870739998-0.10573929692985592j),2032.3354806160792
4828,4.23279375,0.007693585249724638,(0.002368218604757555+0.05750963636094489j),2032.7565155198738
4829,4.232893750000001,0.00791518021012785,(-0.0008341370049979105-0.12132561317424517j),2033.1775504236682
4830,4.23299375,0.008100964444026951,(0.02078517273398739-0.03331548294674577j),2033.5985853274628
4831,4.23309375,0.007908089526044326,(0.02809265420762949-0.05201704835287818j),2034.0196202312572
4832,4.23319375,0.008493290726904277,(-0.11271777471382897+0.044190857364009184j),2034.4406551350519
4833,4.2332937500000005,0.007930864180317885,(-0.05637968724833728-0.043653718367495986j),2034.8616900388463
4834,4.23339375,0.007604255673821684,(-0.05489586507601241-0.0009097260335891866j),2035.282724942641
4835,4.23349375,0.006970438646326901,(0.0025552048742695233-0.0022471881108449j),2035.7037598464353
4836,4.23359375,0.006463174923663658,(-0.007275389886996053+0.023330067746785338j),2036.1247947502297
4837,4.2336937500000005,0.00679681708446198,(-0.011367389736453015+0.05912914042111683j),2036.5458296540244
4838,4.23379375,0.007842571655567258,(0.0989277542093478+0.0583946785599726j),2036.9668645578188
4839,4.23389375,0.007520888563141149,(-0.0185835982147335+0.06085238824333955j),2037.3878994616134
4840,4.23399375,0.0074359391128895344,(0.03510521251253085+0.055707307666369055j),2037.8089343654078
4841,4.23409375,0.0073720140223901545,(-0.18152287501776188+0.04802731948055039j),2038.2299692692025
4842,4.23419375,0.0070725247310828845,(0.07331848357909614+0.038314245601037605j),2038.6510041729969
4843,4.23429375,0.007333112008179089,(-0.08589321424201934-0.08468725155582002j),2039.0720390767913
4844,4.234393750000001,0.007691424575984531,(-0.057009079153611364-0.07935154301016789j),2039.493073980586
4845,4.23449375,0.0073346112834716945,(0.016100688872786907-0.10985597972718458j),2039.9141088843803
4846,4.23459375,0.007232586838464498,(-0.012862272221888044-0.039681119515462326j),2040.335143788175
4847,4.23469375,0.0059407927184505676,(-0.014993201218915467-0.017872488390975327j),2040.7561786919694
4848,4.234793750000001,0.0056280211007485054,(0.06700444607553219-0.03062646734605337j),2041.177213595764
4849,4.23489375,0.005777470330510841,(-0.042849232047920904+0.08261034815005891j),2041.5982484995584
4850,4.23499375,0.006759004350450369,(0.01620016884122577-0.10951206987976028j),2042.0192834033528
4851,4.23509375,0.0071371666935482235,(0.0281185065498908+0.028082376719124932j),2042.4403183071474
4852,4.2351937500000005,0.00686053342831131,(-0.0037752487167316637-0.04380718366887046j),2042.8613532109418
4853,4.23529375,0.00568693771398517,(0.06349644687735811-0.03506616936332152j),2043.2823881147365
4854,4.23539375,0.004206303748184072,(-0.10762234662227543+0.008911298089415105j),2043.7034230185309
4855,4.23549375,0.004285344226304926,(-0.1385705519314241-0.008447778049397628j),2044.1244579223255
4856,4.2355937500000005,0.004365363799012642,(0.01847618200738449-0.19919916926656187j),2044.54549282612
4857,4.23569375,0.004020739552691102,(-0.016248727637911936+0.0009663867581342078j),2044.9665277299146
4858,4.23579375,0.004037095143304074,(-0.060745238610953184-0.09421987548674665j),2045.387562633709
4859,4.23589375,0.005234428974346008,(-0.017655029617383966-0.16202280746859482j),2045.8085975375034
4860,4.2359937500000004,0.004541575917514926,(0.05421358109611911+0.008527175991077496j),2046.229632441298
4861,4.23609375,0.004000120114103395,(-0.007888701250659685-0.02273246720517247j),2046.6506673450924
4862,4.23619375,0.003211656854870145,(0.1070739772368437-0.030816428285511066j),2047.071702248887
4863,4.23629375,0.0036250894816613295,(0.049100455794238065+0.000892464852161795j),2047.4927371526815
4864,4.23639375,0.003974425293355232,(0.12883917999843128+0.07379629177235159j),2047.913772056476
4865,4.23649375,0.0037328279235292043,(0.07152593146037847+0.15663058905473426j),2048.3348069602703
4866,4.23659375,0.003694368118138613,(-0.09723765606672327+0.039148492375241414j),2048.755841864065
4867,4.236693750000001,0.003005499114590765,(0.019886739039819246-0.14260851546027267j),2049.1768767678595
4868,4.23679375,0.0021380230497256994,(0.13416639821987053-0.05719856680413381j),2049.597911671654
4869,4.23689375,0.0021277661328702405,(0.08494795880980588+0.028587412538929456j),2050.0189465754484
4870,4.23699375,0.003923351220009335,(0.04661660749403308+0.08761622298928122j),2050.439981479243
4871,4.2370937500000005,0.004225274792399696,(0.12992644545793533-0.015650424855480655j),2050.8610163830376
4872,4.23719375,0.004113521751546186,(-0.17047911485275943-0.07004818695570814j),2051.282051286832
4873,4.23729375,0.003173838300798562,(0.05061902887496589-0.12053805104571422j),2051.7030861906264
4874,4.23739375,0.002130593301238603,(-0.01158988860577613+0.20106882488309727j),2052.124121094421
4875,4.2374937500000005,0.0027197430004951843,(-0.10109456319616261-0.09527842785577176j),2052.5451559982157
4876,4.23759375,0.002422389428831182,(0.010553043585612057+0.011225048623235062j),2052.96619090201
4877,4.23769375,0.003134338020663713,(0.057002274970574834+0.019438588938777257j),2053.3872258058045
4878,4.23779375,0.0038283498314514663,(-0.06955767886290101+0.0456435523370253j),2053.808260709599
4879,4.2378937500000005,0.003829283106750569,(0.11385714111146261-0.06915366282795116j),2054.229295613394
4880,4.23799375,0.003077769344879173,(-0.025399581341129934-0.044879022709898075j),2054.650330517188
4881,4.23809375,0.0026740226890116544,(0.04347099887936129+0.07267502837031709j),2055.0713654209826
4882,4.23819375,0.0035525150759093587,(-0.04592165526579439-0.015315625412917117j),2055.492400324777
4883,4.23829375,0.0038935158665726853,(0.10036018743805081-0.2009158243382455j),2055.9134352285714
4884,4.23839375,0.0041775852897349905,(0.00854960979872714-0.03603150274235417j),2056.3344701323663
4885,4.23849375,0.004101674348551793,(0.06635802313144004+0.07226107485925826j),2056.7555050361607
4886,4.238593750000001,0.003305660472737655,(-0.012488165215648828+0.09463221126886617j),2057.176539939955
4887,4.23869375,0.004222154144116568,(-0.058765019206443336+0.05136250831369574j),2057.5975748437495
4888,4.23879375,0.004903472926878004,(-0.005856665364129342+0.022832230482033422j),2058.018609747544
4889,4.23889375,0.004162455476592681,(0.14948689450746583-0.015756156482274367j),2058.4396446513388
4890,4.238993750000001,0.0038557664830094172,(0.02254784285956818-0.009639718122154695j),2058.860679555133
4891,4.23909375,0.004148523403511483,(0.02746139018876579+0.03401256782224599j),2059.2817144589276
4892,4.23919375,0.006333613865101088,(0.09778397634448359-0.007849204344448274j),2059.702749362722
4893,4.23929375,0.005842640366009876,(0.016627570579921307+0.008524913001626416j),2060.123784266517
4894,4.2393937500000005,0.0053867688209413445,(0.013276992374893076+0.02616646857111285j),2060.5448191703113
4895,4.23949375,0.004969275532861469,(-0.009224732061305113-0.061466965659684444j),2060.9658540741057
4896,4.23959375,0.006173426924976053,(0.13819560956577645+0.07256133309207924j),2061.3868889779
4897,4.23969375,0.006257802518186236,(0.004763002974960042+0.09284034990570889j),2061.8079238816945
4898,4.2397937500000005,0.005404873229700827,(-0.091312150514996-0.026010696250106484j),2062.2289587854893
4899,4.23989375,0.006249303639699657,(0.02874729742815968-0.13515924269167714j),2062.6499936892837
4900,4.23999375,0.006695475186689692,(0.11876170150745546-0.12227819979063037j),2063.071028593078
4901,4.24009375,0.00685486988898543,(0.06560313139467953+0.03256884573733872j),2063.4920634968726
4902,4.24019375,0.007195773085644195,(0.01999082872852831+0.0880560529897095j),2063.9130984006674
4903,4.24029375,0.0074876612942158405,(-0.10052373810825208-0.032129309563291464j),2064.334133304462
4904,4.24039375,0.007079498635707132,(-0.005982736445600045+0.012689618004956514j),2064.7551682082562
4905,4.240493750000001,0.007081298747732721,(-0.011331180773548888-0.04052855797038081j),2065.1762031120506
4906,4.24059375,0.006939532116180983,(-0.012574734635210721+0.022600365949124533j),2065.597238015845
4907,4.24069375,0.0063288343747308256,(0.07618750285445414+0.0004806140027973915j),2066.01827291964
4908,4.24079375,0.007340217915955216,(-0.05555234710433057-0.004601107264825127j),2066.4393078234343
4909,4.240893750000001,0.007790317570956144,(-0.008077520033546393-0.06871710855719816j),2066.8603427272287
4910,4.24099375,0.007431478434343194,(0.053912357245533504+0.007504477840656762j),2067.281377631023
4911,4.24109375,0.007691002579878999,(0.0345376242848624+0.12096100856600123j),2067.7024125348175
4912,4.24119375,0.0063220751925871016,(0.04024323001234359-0.03950328171265191j),2068.1234474386124
4913,4.2412937500000005,0.007669670070519789,(0.016561750642554954+0.044866358152398755j),2068.544482342407
4914,4.24139375,0.008030998385227951,(-0.007953751825090283+0.020504851908455884j),2068.965517246201
4915,4.24149375,0.008360545784526257,(-0.027652970708773355+0.0030124793224999905j),2069.3865521499956
4916,4.24159375,0.008202732331457605,(0.013355137604100235-0.12047891136670512j),2069.8075870537905
4917,4.2416937500000005,0.006917280808475272,(0.0701066109586545-0.09637457887768675j),2070.228621957585
4918,4.24179375,0.008096836925923,(0.08700541100939455+0.12278346675174084j),2070.6496568613793
4919,4.24189375,0.007898918542260302,(0.06410546640691503+0.08450851759593268j),2071.0706917651737
4920,4.24199375,0.0073570071635095545,(0.028846188000596937+0.021205241881754947j),2071.491726668968
4921,4.24209375,0.006560363496349311,(0.12861260376868477+0.05927768471159632j),2071.912761572763
4922,4.24219375,0.007039934079043848,(-0.0007052313777260004+0.16189162451688824j),2072.3337964765574
4923,4.24229375,0.00690430881944621,(0.041999341587707406+0.0841474713195611j),2072.754831380352
4924,4.24239375,0.0062090431770313505,(-0.10168258197450189+0.026011230962990704j),2073.175866284146
4925,4.24249375,0.006410153252476989,(0.03711964605390818+0.03320835071160513j),2073.596901187941
4926,4.24259375,0.00695606371805615,(-0.10808356925398198+0.04189139440533782j),2074.0179360917355
4927,4.24269375,0.007192811926020429,(0.10902061015403136+0.004864711381658202j),2074.43897099553
4928,4.242793750000001,0.007578430854727632,(0.025570482332213887+0.060934604607214005j),2074.8600058993243
4929,4.24289375,0.007975803717307994,(0.020299767802422413+0.11017057316760566j),2075.2810408031187
4930,4.24299375,0.007840904666758141,(-0.19340091507022855+0.01903431057859389j),2075.7020757069135
4931,4.24309375,0.006551042364099859,(0.05571955520508229+0.01853353846731503j),2076.123110610708
4932,4.2431937500000005,0.005492211146192268,(-0.004438840532836441-0.04321248388857301j),2076.5441455145024
4933,4.24329375,0.005549187867371513,(0.01944601430367291+0.04865928462458908j),2076.9651804182968
4934,4.24339375,0.005395686433653762,(-0.12318915294287329+0.10893645699058457j),2077.386215322091
4935,4.24349375,0.005794076578446733,(0.007282388558682906+0.004079507658357864j),2077.807250225886
4936,4.2435937500000005,0.004781707067137053,(-0.05548464557808376+0.050022409422015815j),2078.2282851296804
4937,4.24369375,0.00460134339293816,(-0.043247992033583975-0.05633890213311275j),2078.649320033475
4938,4.24379375,0.004793365943283918,(0.09414184648142901+0.03074177755063896j),2079.0703549372693
4939,4.24389375,0.005075306610592853,(-0.0963229621901267+0.23333746407252928j),2079.491389841064
4940,4.2439937500000005,0.004907117653839081,(0.0025454407395874845+0.018320702743175585j),2079.9124247448585
4941,4.24409375,0.0046885170092404675,(-0.0638959422605018-0.03620510272814909j),2080.333459648653
4942,4.24419375,0.00409512077349244,(-0.012427627611932397-0.07140015552078662j),2080.7544945524473
4943,4.24429375,0.0048473016839399455,(0.01131831206445276+0.020075845026449712j),2081.1755294562417
4944,4.24439375,0.004229680146010177,(0.0022678923398432556+0.08477137578312652j),2081.5965643600366
4945,4.24449375,0.004468038011803567,(0.06070237584520394+0.07386532361231637j),2082.017599263831
4946,4.24459375,0.00541687233329751,(0.015955161593953736+0.11870691079247454j),2082.4386341676254
4947,4.244693750000001,0.0042450301378298885,(-0.09100252492068996+0.018669399845728827j),2082.85966907142
4948,4.24479375,0.004231104689244738,(-0.007446264463534649-0.05889032702465771j),2083.2807039752147
4949,4.24489375,0.002161642935034753,(0.056977908466423755+0.022429837011565715j),2083.701738879009
4950,4.24499375,0.002278522521581156,(0.04443646983159294+0.057195176702588814j),2084.1227737828035
4951,4.2450937500000006,0.0028012082878554508,(-0.07900042012589294+0.12405018024067477j),2084.543808686598
4952,4.24519375,0.0020403907770181005,(-0.07883750192193802-0.03705155747987733j),2084.9648435903923
4953,4.24529375,0.003360643877550644,(0.07487437856158861-0.13311619108006303j),2085.385878494187
4954,4.24539375,0.0035554261938432682,(0.022486281971444234-0.03843091487611261j),2085.8069133979816
4955,4.2454937500000005,0.004837016894233539,(0.0026815960442507503-0.03547829358275729j),2086.227948301776
4956,4.24559375,0.0037837072237144687,(-0.06566868477304248+0.19100548544325102j),2086.6489832055704
4957,4.24569375,0.0028362583747526217,(-0.1803237685591856+0.06309162145825707j),2087.070018109365
4958,4.24579375,0.0020565597896496004,(-0.06854233483704407-0.09998994932774867j),2087.4910530131597
4959,4.2458937500000005,0.0020184187594633144,(0.03624405755399025-0.08053190961414161j),2087.912087916954
4960,4.24599375,0.0028479615322044914,(0.0018142469328131378+0.12993025836179697j),2088.3331228207485
4961,4.24609375,0.0046037072454800905,(0.05403519315548043+0.07819636027351781j),2088.754157724543
4962,4.24619375,0.004621203458495859,(-0.12216198204644416+0.026402801969555557j),2089.1751926283378
4963,4.24629375,0.0029502318825047305,(-0.1514647955382771-0.09427278379517214j),2089.596227532132
4964,4.24639375,0.002538320790591533,(0.12618639484367222+0.030601390145968015j),2090.0172624359266
4965,4.24649375,0.00211843582677766,(-0.043122557770858695+0.09227832570791955j),2090.438297339721
4966,4.246593750000001,0.003830767379309556,(-0.07659613498195766-0.04203088563171558j),2090.8593322435154
4967,4.24669375,0.00396094242345965,(0.013810462367082717-0.04848844315346919j),2091.2803671473102
4968,4.24679375,0.004233606171234747,(-0.11022729984899575-0.010922531284355587j),2091.7014020511047
4969,4.24689375,0.00520225422140706,(0.06323840971001635-0.0170782579697656j),2092.122436954899
4970,4.246993750000001,0.004648186280641672,(0.036055016988139774-0.06977953375035482j),2092.5434718586935
4971,4.24709375,0.0045749163256286465,(0.04356916184948975+0.07705865410801604j),2092.9645067624883
4972,4.24719375,0.004673295732558625,(-0.03686881576261297+0.006394167600459688j),2093.3855416662827
4973,4.24729375,0.00422521652017551,(-0.0011263970835894421-0.1347095389887542j),2093.806576570077
4974,4.2473937500000005,0.004248036770595334,(-0.003351985527032919+0.08755751066811213j),2094.2276114738715
4975,4.24749375,0.004648741187129312,(-0.033132995839949435+0.04984785807698663j),2094.648646377666
4976,4.24759375,0.004253690334644567,(0.026207799893075225-0.029051904951745103j),2095.069681281461
4977,4.24769375,0.004681971172796836,(0.11542701740403187-0.033929564960368724j),2095.490716185255
4978,4.2477937500000005,0.004966297304425435,(-0.033973202190731015-0.013761851600165832j),2095.9117510890496
4979,4.24789375,0.005982099464070727,(-0.00632555127785156+0.048068855514625745j),2096.332785992844
4980,4.24799375,0.0065790085975770815,(-0.10671163024221676+0.028348402421297585j),2096.7538208966384
4981,4.24809375,0.005500068896082701,(0.025504418501458515-0.009925291584579263j),2097.1748558004333
4982,4.24819375,0.006183065373316845,(-0.00021009766410855918-0.0614228550510142j),2097.5958907042277
4983,4.24829375,0.005845443426901874,(-0.04264114254180948-0.037792719226041015j),2098.016925608022
4984,4.24839375,0.006210780255778551,(0.07069610915870164-0.12138846361444211j),2098.4379605118165
4985,4.24849375,0.0057799246335752084,(-0.0631375406026399-0.04852561241452418j),2098.8589954156114
4986,4.24859375,0.006429707009445869,(0.061031165825480516-0.08153288831048813j),2099.280030319406
4987,4.24869375,0.007670087473481736,(0.1544557985012895+0.07481170075252669j),2099.7010652232
4988,4.24879375,0.00782419823584947,(0.010510340844647179-0.054327590059493315j),2100.1221001269946
4989,4.248893750000001,0.007798518126062459,(0.15740288447675738+0.15370872111225675j),2100.543135030789
4990,4.24899375,0.0066910772905074065,(-0.0641507585551143+0.1370214772758368j),2100.964169934584
4991,4.24909375,0.006510800448706409,(-0.08851066921536883+0.0040888227323523235j),2101.3852048383783
4992,4.24919375,0.007020241625415834,(-0.006019115296882673+0.07437193927910478j),2101.8062397421727
4993,4.2492937500000005,0.008213216063061322,(0.026656367238000696-0.04435180719053181j),2102.227274645967
4994,4.24939375,0.008136002064374856,(0.03670078984987458+0.15596938842301256j),2102.648309549762
4995,4.24949375,0.00856561198392854,(-0.1312621343053377-0.005031881184106787j),2103.0693444535564
4996,4.24959375,0.008034339302047748,(-0.032535109414826686-0.014699015049964868j),2103.490379357351
4997,4.2496937500000005,0.006342656013861791,(-6.188783994200142e-05-0.07437587406266674j),2103.911414261145
4998,4.24979375,0.007443653954307714,(0.014733090386531061+0.08406495190683985j),2104.3324491649396
4999,4.24989375,0.006784532049031301,(-0.08202280256608606+0.04523279823017674j),2104.7534840687345
5000,4.24999375,0.0074035684346992064,(0.009465956390562927-0.05729735645829488j),2105.174518972529
5001,4.2500937500000004,0.00798723135502468,(0.01089849595199244+0.0516959035258953j),2105.5955538763233
5002,4.25019375,0.008682901734793894,(-0.19757122845768177-0.047668607002111785j),2106.0165887801177
5003,4.250293750000001,0.007438222624218911,(0.060318038364754495-0.19249558876047423j),2106.437623683912
5004,4.250393750000001,0.007186935346899574,(-0.007911298045166715+0.10981630802104063j),2106.858658587707
5005,4.25049375,0.0075648781675904326,(-0.14245920193502107+0.06521407147986306j),2107.2796934915013
5006,4.25059375,0.007616996535266287,(0.03161470119815292-0.14226046199362083j),2107.7007283952958
5007,4.250693750000001,0.008043218150417666,(0.12023032154781521+0.11248918869927288j),2108.12176329909
5008,4.250793750000001,0.00725738907162574,(-0.03536932845846548+0.03696275441161624j),2108.542798202885
5009,4.25089375,0.006382031662675173,(0.02591275584054975-0.03560081014709625j),2108.9638331066794
5010,4.25099375,0.005598857336240655,(-0.022714684379068407+0.06823876338453637j),2109.384868010474
5011,4.251093750000001,0.007131824974378941,(-0.05216853285452273-0.05366301602074908j),2109.8059029142682
5012,4.2511937500000005,0.007037802175389054,(0.07870381002888577-0.026400231479225475j),2110.2269378180627
5013,4.25129375,0.006942530806265933,(-0.09755785184172612+0.02683693552552481j),2110.6479727218575
5014,4.25139375,0.006320011654840225,(-0.07866069401010858-0.08374284490595219j),2111.069007625652
5015,4.251493750000001,0.00608291421634114,(0.07303430683952523-0.10315431567853599j),2111.4900425294463
5016,4.2515937500000005,0.0061130347705448335,(0.07643965739637695+0.07537684759646841j),2111.9110774332407
5017,4.25169375,0.005349347417016507,(0.08073557564259604+0.02998273396215756j),2112.3321123370356
5018,4.251793750000001,0.0045226664885471436,(0.1548233075699717+0.008448290504003024j),2112.75314724083
5019,4.251893750000001,0.005928449548920077,(0.12422975350886487+0.10289402424386318j),2113.1741821446244
5020,4.2519937500000005,0.005942667743189781,(-0.05439970556301261+0.061234899083238654j),2113.595217048419
5021,4.25209375,0.005649836726905225,(-0.008073838347356935+0.006804234149130561j),2114.016251952213
5022,4.252193750000001,0.004188827763940924,(-0.015994904042027098+0.033090300619497415j),2114.437286856008
5023,4.252293750000001,0.005060845339552829,(-0.015845301411380158+0.039694580412758834j),2114.8583217598025
5024,4.25239375,0.004640462783661696,(0.007268721362486335+0.046791354060055385j),2115.279356663597
5025,4.25249375,0.004953999017553515,(0.0831522276704842+0.09772998128502716j),2115.7003915673913
5026,4.252593750000001,0.005151505306262523,(0.006962304594836953+0.08738071022000601j),2116.1214264711857
5027,4.252693750000001,0.004288314566558979,(-0.03688086450083636+0.051082359239832724j),2116.5424613749806
5028,4.25279375,0.004264639698565005,(-0.08024142893004403-0.0285637139357017j),2116.963496278775
5029,4.25289375,0.003747227596622142,(0.08895052842446532-0.055042305699875935j),2117.3845311825694
5030,4.252993750000001,0.0037946196759135443,(-0.06620630709387168+0.041014974652610434j),2117.805566086364
5031,4.253093750000001,0.004525994839736073,(-0.006983289014387391-0.0895784263196274j),2118.2266009901587
5032,4.25319375,0.004750835966882668,(0.05526629211709916-0.013446489304116386j),2118.647635893953
5033,4.25329375,0.004677962145609293,(0.06673481017848225+0.07599746451882601j),2119.0686707977475
5034,4.253393750000001,0.004410994740217191,(-0.027922073849898567+0.0008740321284235256j),2119.489705701542
5035,4.2534937500000005,0.003714235593258252,(-0.03407086941035505-0.1268988250497452j),2119.9107406053363
5036,4.25359375,0.003062518092437968,(0.1357667580002207+0.08274790523079939j),2120.331775509131
5037,4.253693750000001,0.002112680445948585,(0.06287415171704328+0.0486009106370756j),2120.7528104129256
5038,4.253793750000001,0.003196953311202483,(-0.013247814624426632+0.09771406807135921j),2121.17384531672
5039,4.2538937500000005,0.0034702484675165897,(-0.10661951659421244+0.012143279690757198j),2121.5948802205144
5040,4.25399375,0.003431115413331432,(0.17834198697321108+0.03236156730020881j),2122.0159151243092
5041,4.254093750000001,0.002569095256733895,(0.012480009917560014+0.21547317954120598j),2122.4369500281036
5042,4.254193750000001,0.003764913941377211,(-0.09129236525422849+0.07693671353632477j),2122.857984931898
5043,4.25429375,0.002767712082420479,(-0.05820134090817269-0.0578958001601739j),2123.2790198356925
5044,4.25439375,0.0021976568958949226,(-0.06521796388067666+0.06138634807565042j),2123.700054739487
5045,4.254493750000001,0.0019934037578386928,(-0.13417339011105847-0.05844997779100313j),2124.1210896432817
5046,4.254593750000001,0.0025609777601737545,(-0.03284516957936247+0.056755685947439447j),2124.542124547076
5047,4.25469375,0.0030082507105337808,(-0.21821359338035376+0.039236604746807374j),2124.9631594508705
5048,4.25479375,0.0037377798127849,(-0.11528628827473195-0.15621230856716556j),2125.384194354665
5049,4.254893750000001,0.004451616528779802,(-0.024113963667628496-0.1890344445253518j),2125.8052292584593
5050,4.254993750000001,0.0033112216858151022,(0.01643646011288878-0.20085236185288619j),2126.226264162254
5051,4.25509375,0.004349678587121514,(0.09829440564268987-0.10109842337127606j),2126.6472990660486
5052,4.25519375,0.004523685713919705,(0.10920505513041716-0.11772490798681093j),2127.068333969843
5053,4.255293750000001,0.00351036740363993,(0.031891382978926484+0.14879530744270136j),2127.4893688736374
5054,4.2553937500000005,0.003469018805458737,(-0.08297332458472965-0.14658359506412677j),2127.9104037774323
5055,4.25549375,0.003222058340552956,(0.11644136986720886-0.12490946186376597j),2128.3314386812267
5056,4.25559375,0.004359970634486425,(-0.005061907244536361+0.026414562722767786j),2128.752473585021
5057,4.255693750000001,0.005190861481664644,(0.03573863677132569-0.03393063253452591j),2129.1735084888155
5058,4.2557937500000005,0.005165980987081721,(0.046938038186354086+0.025318213984238037j),2129.59454339261
5059,4.25589375,0.004662606949611436,(-0.02738798770487874+0.030090791409380667j),2130.015578296405
5060,4.255993750000001,0.004532746554414647,(-0.029390443884620157+0.005113993833187412j),2130.436613200199
5061,4.256093750000001,0.004499118995610978,(0.003405642825977627-0.006405760626935875j),2130.8576481039936
5062,4.25619375,0.004603502554625324,(-0.0535983195583678+0.10722790490266493j),2131.278683007788
5063,4.25629375,0.005746049801766083,(0.0032360506258589904-0.06195672051148271j),2131.6997179115824
5064,4.256393750000001,0.006189430551968814,(0.14137755846561245-0.06492239260612265j),2132.1207528153773
5065,4.256493750000001,0.006679954018841811,(-0.027066630183686026-0.005211865368306097j),2132.5417877191717
5066,4.25659375,0.006214846992508979,(0.03550230066615516-0.1404641829392762j),2132.962822622966
5067,4.25669375,0.006317554653441855,(0.061245242920439286+0.007561771741135176j),2133.3838575267605
5068,4.256793750000001,0.0058416654305052836,(-0.10647824552851992+0.0024174266984921776j),2133.8048924305554
5069,4.256893750000001,0.006999943032010614,(-0.03764355120316586+0.039524776489368425j),2134.2259273343498
5070,4.25699375,0.007145368344750854,(0.006628725212788424+0.05686127448830966j),2134.646962238144
5071,4.25709375,0.007796647276382495,(0.014219737654570908-0.04550069434867246j),2135.0679971419386
5072,4.257193750000001,0.007862634619599719,(0.0024100829637648674+0.0799680453144476j),2135.489032045733
5073,4.2572937500000005,0.005999334632829637,(0.06963559413682305-0.07828651611681621j),2135.910066949528
5074,4.25739375,0.007360298327850901,(0.12054097402135645+0.16274376343175898j),2136.3311018533223
5075,4.25749375,0.007736016246089787,(-0.1584529231415304+0.03244037481422449j),2136.7521367571167
5076,4.257593750000001,0.008111124674560724,(0.004641139943151492+0.09310829894190811j),2137.173171660911
5077,4.2576937500000005,0.008007180146465303,(-0.04918871321939575+0.14626216733268016j),2137.594206564706
5078,4.25779375,0.008069900197783359,(-0.039468405643569154-0.08565864028316605j),2138.0152414685003
5079,4.257893750000001,0.008416478333093462,(-0.0011761911760020186+0.02690801423332449j),2138.4362763722947
5080,4.257993750000001,0.007964116524955241,(-0.009776557513000106-0.10887840333561231j),2138.857311276089
5081,4.2580937500000005,0.00630876791598315,(0.10017353778100369-0.0486219174517703j),2139.2783461798836
5082,4.25819375,0.006650151090883243,(0.0833030373641848-0.003151686079498228j),2139.6993810836784
5083,4.258293750000001,0.006173704351838761,(0.010977736061928034+0.013012306881555746j),2140.120415987473
5084,4.258393750000001,0.0071984905840634505,(-0.07475795818482187+0.037080205928934296j),2140.5414508912672
5085,4.25849375,0.008182440300618297,(-0.0594384674911613-0.06544934654064254j),2140.9624857950616
5086,4.25859375,0.00735333575447158,(-0.04230029322707313-0.1508055769189943j),2141.383520698856
5087,4.258693750000001,0.007903543670268666,(-0.03303005025145217-0.08951543532646002j),2141.804555602651
5088,4.258793750000001,0.007915504473701217,(0.10995396800473349-0.059222721444944545j),2142.2255905064453
5089,4.25889375,0.007640733230777726,(0.03597091886801661+0.042955014934623226j),2142.6466254102397
5090,4.25899375,0.007110745459205168,(0.088139171368599-0.09911341148721482j),2143.067660314034
5091,4.259093750000001,0.007316598124638111,(0.01217581344624756+0.07503502408771469j),2143.488695217829
5092,4.2591937500000006,0.007662786204764316,(-0.03689260189078227+0.015520108414760703j),2143.9097301216234
5093,4.25929375,0.007607656872740893,(0.02464093844849599-0.001186191536405111j),2144.330765025418
5094,4.25939375,0.007778885323801263,(0.2335142420686438-0.15357565651954586j),2144.751799929212
5095,4.259493750000001,0.007983851506340149,(0.046200883791102224+0.028638217417708424j),2145.1728348330066
5096,4.2595937500000005,0.0067283220002477915,(0.05105644049131309-0.028531906549921264j),2145.5938697368015
5097,4.25969375,0.006789843515809195,(0.06709424487527213-0.00954776363425916j),2146.014904640596
5098,4.259793750000001,0.006044926103419879,(0.17507044763165802+0.04733530906777222j),2146.4359395443903
5099,4.259893750000001,0.0066896803231898064,(-0.02039103551075515+0.004992708899932731j),2146.8569744481847
5100,4.2599937500000005,0.006055813579486625,(0.3050407040596952+0.0880515700411445j),2147.2780093519796
5101,4.26009375,0.006766251852838649,(0.03164196216639287+0.11302242758146765j),2147.699044255774
5102,4.260193750000001,0.006471817911633394,(-0.004605842188184068+0.16187309257999807j),2148.1200791595684
5103,4.260293750000001,0.004290773823900709,(0.03700953020976+0.03672389339596991j),2148.541114063363
5104,4.26039375,0.005562237445880891,(0.059526161226911685+0.07331537318499703j),2148.962148967157
5105,4.26049375,0.004823077938190911,(0.0034176066795243223+0.11303554099658226j),2149.383183870952
5106,4.260593750000001,0.005962493477041452,(-0.02634420025339602+0.17252556452967968j),2149.8042187747465
5107,4.260693750000001,0.005566539301376707,(-0.00027557171431493756+0.190607959542031j),2150.225253678541
5108,4.26079375,0.004442888819498549,(-0.25513260818684125+0.11580593277226443j),2150.6462885823353
5109,4.26089375,0.004568547579113268,(0.08723081201310096-0.061775392997284996j),2151.0673234861297
5110,4.260993750000001,0.003066414115262306,(-0.05820449086499049+0.08291274577643862j),2151.4883583899245
5111,4.261093750000001,0.004192881565738246,(-0.12522891243535406-0.08782191776515505j),2151.909393293719
5112,4.26119375,0.003382125200892719,(0.06886696148464765-0.03544082643513471j),2152.3304281975134
5113,4.26129375,0.0035051362194277375,(0.0759361382655564-0.03376020675394035j),2152.7514631013078
5114,4.261393750000001,0.0036406907386776046,(0.05730796599508054-0.026249334694935587j),2153.1724980051026
5115,4.2614937500000005,0.005132369160486008,(-0.1459619524629634-0.05733537079204566j),2153.593532908897
5116,4.26159375,0.005654396588674301,(0.06309907053722522-0.07773515582684795j),2154.0145678126914
5117,4.261693750000001,0.00521019589209048,(-0.00828384529328044-0.055358348140012316j),2154.435602716486
5118,4.261793750000001,0.0037927348154474013,(0.012594481909705378+0.040778656282112025j),2154.8566376202803
5119,4.2618937500000005,0.002745812535002014,(0.059139651248308694-0.12277397459761799j),2155.277672524075
5120,4.26199375,0.003647249949030628,(0.17446190051719582-0.06749240560926742j),2155.6987074278695
5121,4.262093750000001,0.002965800096136898,(0.060493823410633876+0.07296060587123304j),2156.119742331664
5122,4.262193750000001,0.0026017957473949667,(-0.008482776037973608+0.12638424441035762j),2156.5407772354583
5123,4.26229375,0.002298109342081175,(-0.13543146530754913-0.014501087591794387j),2156.961812139253
5124,4.26239375,0.00276482374651091,(0.03346982509253369+0.07514124368623275j),2157.3828470430476
5125,4.262493750000001,0.002310094033964463,(-0.020295233549618007+0.12543097397247222j),2157.803881946842
5126,4.262593750000001,0.002956398034518191,(-0.058334896374419465-0.13663900143764565j),2158.2249168506364
5127,4.26269375,0.002409209037394068,(-0.05716569784388627-0.24844024409306886j),2158.645951754431
5128,4.26279375,0.002757302308130209,(0.12896531521549093-0.1106596177979683j),2159.0669866582257
5129,4.262893750000001,0.0035037611506575322,(-0.02842952482673236+0.03493951878748309j),2159.48802156202
5130,4.262993750000001,0.004009325662485061,(0.05361340929897401-0.1772089136776232j),2159.9090564658145
5131,4.26309375,0.004005887594433129,(-0.03669495320496204-0.01654626136757468j),2160.330091369609
5132,4.26319375,0.0037113959516840264,(0.07615803159042026+0.03264917014040524j),2160.7511262734033
5133,4.263293750000001,0.002916402541494114,(0.10421995495997208-0.022843163215303823j),2161.172161177198
5134,4.2633937500000005,0.0029962703427049426,(-0.000288118942172174+0.024463586801599106j),2161.5931960809926
5135,4.26349375,0.0031924956536804844,(-0.09061032128202681-0.05170188182899201j),2162.014230984787
5136,4.26359375,0.0037765071425039072,(0.017263395124788854-0.07048480085646996j),2162.4352658885814
5137,4.263693750000001,0.004583872509365703,(0.20196092613713962-0.05977412037025535j),2162.8563007923763
5138,4.2637937500000005,0.0037274324052584,(0.11635912399255416+0.09088789308056093j),2163.2773356961707
5139,4.26389375,0.0040550184362318255,(0.06909751905265243+0.10670181607494666j),2163.698370599965
5140,4.263993750000001,0.004273802603204156,(0.04650768268769854+0.016162933633793994j),2164.1194055037595
5141,4.264093750000001,0.0045898248329465825,(-0.13105057469832926+0.044379595915357624j),2164.540440407554
5142,4.2641937500000004,0.004584788106695083,(-0.07185015487654281+0.07141319937979049j),2164.9614753113487
5143,4.26429375,0.0055818816093086854,(-0.08994111850877015-0.19399102085380446j),2165.382510215143
5144,4.264393750000001,0.005406662436097137,(0.17688900266394117-0.01374385589079418j),2165.8035451189376
5145,4.264493750000001,0.005264188709389182,(-0.11988954827117407+0.04413434285081129j),2166.224580022732
5146,4.26459375,0.005157569651286617,(0.08616715186837737-0.1286050392742269j),2166.645614926527
5147,4.26469375,0.005032387923589109,(-0.12842077234337448-0.07855187044377646j),2167.0666498303212
5148,4.264793750000001,0.005726195231418698,(0.038888972348072245-0.2606131037413228j),2167.4876847341156
5149,4.264893750000001,0.005285821525302788,(0.12783326473655798-0.22930906913227983j),2167.90871963791
5150,4.26499375,0.006029824083942499,(-0.039181643047615775+0.15264975296485556j),2168.3297545417045
5151,4.26509375,0.00611573573563574,(0.1410593336937999-0.21432922690985012j),2168.7507894454993
5152,4.265193750000001,0.007316533941110573,(0.26436621443428787-0.046243122775332116j),2169.1718243492937
5153,4.2652937500000005,0.007073905594707884,(-0.04521263834491788+0.1094131549201043j),2169.592859253088
5154,4.26539375,0.006697634163047539,(0.06373483220925674-0.10207147122065177j),2170.0138941568825
5155,4.26549375,0.00670005593022759,(-0.012786769044905721+0.1619707540197244j),2170.434929060677
5156,4.265593750000001,0.006673162393337808,(-0.08117057211176486+0.03967965720152148j),2170.855963964472
5157,4.2656937500000005,0.00712944020722862,(-0.06058260713692985-0.008031417165460672j),2171.276998868266
5158,4.26579375,0.0077784049788319825,(0.18380339642895077-0.010283975357910296j),2171.6980337720606
5159,4.265893750000001,0.008083730210269377,(0.09079399484374637+0.038349903469893754j),2172.119068675855
5160,4.265993750000001,0.007407754613331327,(0.022901601825396772+0.018111156526422804j),2172.54010357965
5161,4.2660937500000005,0.00747013215913664,(0.24326042787091814+0.19641338009647052j),2172.9611384834443
5162,4.26619375,0.00802457851507859,(-0.13112108705558406+0.14962309987464018j),2173.3821733872387
5163,4.266293750000001,0.007777291545439938,(-0.07620955575521465-0.09877901328865801j),2173.803208291033
5164,4.266393750000001,0.007509865990578161,(0.11767230410936574+0.0070388666640087j),2174.2242431948275
5165,4.26649375,0.00713860820055645,(-0.06261652848042105-0.035094216163346334j),2174.6452780986224
5166,4.26659375,0.00805458049702709,(0.21639851936056004+0.01700182451225085j),2175.066313002417
5167,4.266693750000001,0.007926470018762871,(0.3058458146993715-0.0015198573971097057j),2175.487347906211
5168,4.266793750000001,0.007539095395825441,(0.011650261030362756+0.15253081100918153j),2175.9083828100056
5169,4.26689375,0.007486785855282838,(0.0838698015342007+0.1090324004987001j),2176.3294177138005
5170,4.26699375,0.0068083040715616995,(0.10085864765229363-0.1973318712974716j),2176.750452617595
5171,4.267093750000001,0.007664386035846882,(0.30234359886974577+0.2647691360004943j),2177.1714875213893
5172,4.267193750000001,0.007774370876622375,(0.07497609114560312-0.02762640614220658j),2177.5925224251837
5173,4.26729375,0.00832170935172315,(0.17353078157932864+0.11126026227548559j),2178.013557328978
5174,4.26739375,0.007841448690319637,(-0.1200777981312905-0.09228999898368999j),2178.434592232773
5175,4.267493750000001,0.008357027354841994,(0.03850399572444877+0.1398119813650443j),2178.8556271365674
5176,4.2675937500000005,0.007066954485072071,(0.10209547077723777+0.2848764886011263j),2179.2766620403618
5177,4.26769375,0.006304778113879105,(-0.2500143107122122+0.16889089465360285j),2179.697696944156
5178,4.267793750000001,0.006137500716421803,(-0.11292233801408873+0.007408778848200162j),2180.1187318479506
5179,4.267893750000001,0.007667965199206699,(-0.015814027281385885+0.2273530252865087j),2180.5397667517454
5180,4.2679937500000005,0.008019900423224225,(0.041528303386228906+0.03509140340686466j),2180.96080165554
5181,4.26809375,0.007598008160328355,(0.1589991789934746+0.09722751967210616j),2181.3818365593343
5182,4.268193750000001,0.007040408140559854,(-0.2114649664865467+0.15500142846037077j),2181.8028714631287
5183,4.268293750000001,0.006207699844883896,(0.23610008114909675+0.020157552883813913j),2182.2239063669235
5184,4.26839375,0.0065451498336218114,(-0.13038085691369772+0.2538215883368572j),2182.644941270718
5185,4.26849375,0.0061177019774251605,(-0.4439738958689583-0.052749446115901544j),2183.0659761745123
5186,4.268593750000001,0.00467089770084321,(0.06101962435593401-0.09749180306214524j),2183.4870110783068
5187,4.268693750000001,0.004608221925008908,(0.21905414201326456+0.5227097059994853j),2183.908045982101
5188,4.26879375,0.004900739638896457,(-0.5165783721589539+0.1730100264974585j),2184.329080885896
5189,4.26889375,0.005554214495812456,(0.008129264154147713-0.44106279221877065j),2184.7501157896904
5190,4.268993750000001,0.005622929341563031,(-0.3414847424264117+0.07890647068087314j),2185.171150693485
5191,4.269093750000001,0.004577227731194391,(-0.33164418912018034-0.5178324174422183j),2185.5921855972792
5192,4.26919375,0.004505469430789575,(0.12929642335637548-0.534944141886585j),2186.013220501074
5193,4.26929375,0.004756401508707387,(0.06453853654372468-0.16869419852276407j),2186.4342554048685
5194,4.269393750000001,0.004273469813721865,(0.4930681446546808-0.1712259627913636j),2186.855290308663
5195,4.2694937500000005,0.0028802477458596647,(-0.050800682647238304+0.23063010357934594j),2187.2763252124573
5196,4.26959375,0.0024160181376971074,(0.015542872615976623-0.22688529689567172j),2187.6973601162517
5197,4.26969375,0.0028378714340742046,(0.03179111113459319+0.48462399724344274j),2188.1183950200466
5198,4.269793750000001,0.0037338701042107167,(-0.3292841969358891+0.0165803296319963j),2188.539429923841
5199,4.2698937500000005,0.0028994123895907495,(-0.38707165209940503-0.0857530683617691j),2188.9604648276354
5200,4.26999375,0.0032185796036722394,(-0.2531992226253593-0.1459649509848645j),2189.38149973143
5201,4.270093750000001,0.003837099961538528,(0.6018678619892365-0.08244448454504288j),2189.802534635224
5202,4.270193750000001,0.004747694162822947,(0.2249428095082506+0.38123638072807053j),2190.223569539019
5203,4.27029375,0.0038120888210209708,(0.1478399827306152+0.09047489552225535j),2190.6446044428135
5204,4.27039375,0.0030022674048404362,(-0.3207775333495029+0.07464746693513942j),2191.065639346608
5205,4.270493750000001,0.004160540194667796,(0.008564507584892012-0.6942354561558524j),2191.4866742504023
5206,4.270593750000001,0.0031776678106133108,(-0.03412718098123255+0.3425130551519601j),2191.907709154197
5207,4.27069375,0.0025651981811856605,(0.4167153163344445-0.27899217606495375j),2192.3287440579916
5208,4.27079375,0.002300174645389654,(-0.4082955249349827+0.16840348173733372j),2192.749778961786
5209,4.270893750000001,0.0028527596149551682,(0.6157415092462502+0.3421790360195889j),2193.1708138655804
5210,4.270993750000001,0.0027710488621072588,(-0.01603746996773256-0.5176348852205658j),2193.591848769375
5211,4.27109375,0.0026778682153621347,(-0.2981134915347178+0.18871298615508672j),2194.0128836731697
5212,4.27119375,0.0036546743103136083,(-0.0725190708754455+0.5114390495569345j),2194.433918576964
5213,4.271293750000001,0.0038446521245063983,(0.6431870311288281+0.10089356359309887j),2194.8549534807585
5214,4.2713937500000005,0.003524866077421003,(0.40422669941470135-0.34072207690156475j),2195.275988384553
5215,4.27149375,0.002835677134124266,(0.1495499147845598-0.4707396372887843j),2195.6970232883477
5216,4.27159375,0.004186522701125,(-0.40647370166489033-0.21000547168754036j),2196.118058192142
5217,4.271693750000001,0.004672574307033027,(-0.3283706688801188-0.2075534591290867j),2196.5390930959366
5218,4.2717937500000005,0.003873910130390697,(-0.32147993063888725-0.18952777941203264j),2196.960127999731
5219,4.27189375,0.0036849102929140723,(-0.052714140255578704+0.017320612218519743j),2197.3811629035254
5220,4.271993750000001,0.00470305045794845,(-0.2209541351815007-0.20153453872944987j),2197.80219780732
5221,4.272093750000001,0.004170749770718061,(-0.17247441789060203+0.2424145106804031j),2198.2232327111146
5222,4.2721937500000005,0.0031905460613845,(-0.1035572580420317+0.16914723305566692j),2198.644267614909
5223,4.27229375,0.0028773586647603804,(-0.01290163932196321-0.02453474727838046j),2199.0653025187034
5224,4.272393750000001,0.003902546939229768,(-0.07734629924549685+0.09622248981619244j),2199.486337422498
5225,4.272493750000001,0.004935729880585214,(-0.26354338202111227+0.2006047962683492j),2199.9073723262927
5226,4.27259375,0.005143580975607158,(-0.1329015044634856-0.124104750126214j),2200.328407230087
5227,4.27269375,0.005440800578256977,(-0.20159550837594561+0.14117255378060983j),2200.7494421338815
5228,4.272793750000001,0.005738296297088156,(-0.3175188861457096-0.005267459790589336j),2201.170477037676
5229,4.272893750000001,0.005401892786088407,(0.09726948436257421-0.1298693873600785j),2201.591511941471
5230,4.27299375,0.005692960069652463,(-0.012095774555781815+0.18787269107931218j),2202.012546845265
5231,4.27309375,0.006638645332548649,(-0.136299501876916+0.08581042772708036j),2202.4335817490596
5232,4.273193750000001,0.005865717279697584,(0.1451148809528019+0.022976512743011154j),2202.854616652854
5233,4.273293750000001,0.00643689582312468,(0.07504838498764763+0.15234030244725894j),2203.2756515566484
5234,4.27339375,0.006337190913580156,(-0.03579089332624885+0.15113503978126477j),2203.6966864604433
5235,4.27349375,0.0065034421595503425,(-0.04685979639824053-0.09796401789057457j),2204.1177213642377
5236,4.273593750000001,0.00546103769480562,(0.15831392136636524+0.03758930627134769j),2204.538756268032
5237,4.2736937500000005,0.0058016139784050425,(0.05372027408696456+0.3396276419630758j),2204.9597911718265
5238,4.27379375,0.007043448242103896,(0.028066372162913175+0.14288580102292686j),2205.3808260756214
5239,4.273893750000001,0.0073225929144612786,(0.030387080840839336+0.22202242234596664j),2205.801860979416
5240,4.273993750000001,0.0071564954105598644,(0.08895989172646351+0.12303830603190657j),2206.22289588321
5241,4.2740937500000005,0.007235951658800551,(0.045001069426207956+0.015899258964189172j),2206.6439307870046
5242,4.27419375,0.00691297583298562,(0.11131880869883765+0.46525776820010506j),2207.064965690799
5243,4.274293750000001,0.007132798393396277,(-0.025830714522715077+0.12683737926664265j),2207.486000594594
5244,4.274393750000001,0.007162236858340879,(-0.09352978867523026+0.07700665284143002j),2207.9070354983883
5245,4.27449375,0.007960629920896738,(-0.040144986178882396+0.22825247950627853j),2208.3280704021827
5246,4.27459375,0.008663226666042441,(-0.1946484580588212-0.13015511760447157j),2208.749105305977
5247,4.274693750000001,0.008458359303792944,(0.05204409108588158+0.0699064266978362j),2209.1701402097715
5248,4.274793750000001,0.007930085270833158,(-0.350460738814541-0.16688037558027974j),2209.5911751135664
5249,4.27489375,0.0068258247007405085,(-0.17675344430037093-0.14054087949631186j),2210.0122100173608
5250,4.27499375,0.0066085709964232445,(0.023994797611374755-0.20789924173861166j),2210.433244921155
5251,4.275093750000001,0.007028717019511291,(0.00017912045421501419-0.050088899514674365j),2210.8542798249496
5252,4.275193750000001,0.007656576563051376,(0.06528009807400494+0.09415774452995657j),2211.2753147287444
5253,4.27529375,0.008048062764112393,(0.13882333832367777-0.06823482015104987j),2211.696349632539
5254,4.27539375,0.007026860808749383,(0.12109193016089502+0.06873483698892731j),2212.1173845363332
5255,4.275493750000001,0.007308510668858454,(-0.024506305409209145-0.00710514342428107j),2212.5384194401277
5256,4.2755937500000005,0.008022428146938852,(0.3120478624318573-0.023852512229408384j),2212.959454343922
5257,4.27569375,0.00844233999794352,(-0.06520750467093836+0.05953272975828648j),2213.380489247717
5258,4.27579375,0.00800704247031517,(0.2498834210358909+0.022825119007266397j),2213.8015241515113
5259,4.275893750000001,0.007119676450743211,(0.18381832400726034+0.16561285370577106j),2214.2225590553057
5260,4.2759937500000005,0.00792365344065415,(-0.078400348459575-0.09035633370761709j),2214.6435939591
5261,4.27609375,0.008723411850074088,(0.0908362872385853+0.13193438909803198j),2215.0646288628946
5262,4.276193750000001,0.0074389336016569855,(0.21007589769913823-0.11730030744675422j),2215.4856637666894
5263,4.276293750000001,0.006816269924702776,(-0.11134508667659118+0.11698774773634091j),2215.906698670484
5264,4.27639375,0.006629933584589884,(0.2549500656554847+0.04621577837480293j),2216.327733574278
5265,4.27649375,0.00648443675103408,(-0.06237594817764003-0.025135520595266983j),2216.7487684780726
5266,4.276593750000001,0.006445946295488458,(-0.3042163061042084-0.0011685081953956566j),2217.1698033818675
5267,4.276693750000001,0.005696350481551698,(0.15083972652527095+0.17570345582050065j),2217.590838285662
5268,4.27679375,0.006176657345519098,(0.21895772331880603+0.19268378018726953j),2218.0118731894563
5269,4.27689375,0.0063892090385748255,(0.16085012848654284+0.1556665353377548j),2218.4329080932507
5270,4.276993750000001,0.006255776920104469,(0.10346120040265208-0.33484510904244397j),2218.853942997045
5271,4.277093750000001,0.005397481998958401,(0.10764610326002497+0.042602441537577404j),2219.27497790084
5272,4.27719375,0.004970086761186717,(-0.1140393141437451-0.11114568769075636j),2219.6960128046344
5273,4.27729375,0.0038379429135977227,(0.14893341051576245-0.049921760479176666j),2220.117047708429
5274,4.277393750000001,0.0039921788940542385,(-0.00796616506181826-0.08851471779693587j),2220.538082612223
5275,4.2774937500000005,0.00402522797335132,(-0.04388338804086092+0.03599682645046917j),2220.959117516018
5276,4.27759375,0.005447055117149636,(-0.17301216008465237-0.03268071710996888j),2221.3801524198125
5277,4.27769375,0.0054659332931622385,(-0.01185868420271307-0.12597664637783856j),2221.801187323607
5278,4.277793750000001,0.004820475723473256,(-0.10139369859948275-0.007633517570682369j),2222.2222222274013
5279,4.2778937500000005,0.0036383172946952316,(-0.22331129548352938+0.0465868301869911j),2222.6432571311957
5280,4.27799375,0.0034609984805172253,(-0.15110159608795265-0.1070565640726033j),2223.0642920349906
5281,4.278093750000001,0.003574469462154682,(-0.005670669505493088-0.03848494460452557j),2223.485326938785
5282,4.278193750000001,0.002704701797889885,(-0.2549767550145859-0.013373836037107296j),2223.9063618425794
5283,4.2782937500000005,0.0029923312594404795,(-0.07411132859839334-0.1049900555178433j),2224.327396746374
5284,4.27839375,0.0032407643399720784,(-0.011219088372022207-0.040739586365035906j),2224.748431650168
5285,4.278493750000001,0.003703931324536176,(-0.2239957732429532-0.02953295893133185j),2225.169466553963
5286,4.278593750000001,0.0035447367253518174,(0.002638287191020078-0.1232213626461743j),2225.5905014577575
5287,4.27869375,0.003512678790655384,(-0.12183237447072698+0.11399190885849234j),2226.011536361552
5288,4.27879375,0.003343512569169249,(-0.12988924604154067-0.21219915998643651j),2226.4325712653463
5289,4.278893750000001,0.0034569925739039906,(-0.007624284633836048+0.054225642677137156j),2226.853606169141
5290,4.278993750000001,0.0029210622958037234,(-0.07238350134638293+0.029284832761320448j),2227.2746410729355
5291,4.27909375,0.0026566477549463856,(-0.06861968452339762-0.20699922152773473j),2227.69567597673
5292,4.27919375,0.002838030399848423,(-0.1882367934522274-0.02029871970312357j),2228.1167108805244
5293,4.279293750000001,0.0037820933041327687,(0.005268993910008284-0.35672612033614914j),2228.5377457843188
5294,4.2793937500000006,0.00253232731365237,(0.07312735064934744-0.060055571167265495j),2228.9587806881136
5295,4.27949375,0.002080559802260233,(-0.08180561342551937-0.024563326711881828j),2229.379815591908
5296,4.27959375,0.002657664346390356,(0.09935107121982412-0.03371600291431784j),2229.8008504957024
5297,4.279693750000001,0.0031683425089172224,(-0.04583316204412282+0.012613155082795632j),2230.221885399497
5298,4.2797937500000005,0.003470132962405312,(-0.1431604142554246-0.1658903798383038j),2230.6429203032917
5299,4.27989375,0.002845019080002148,(0.08942439921650686+0.04710616235771249j),2231.063955207086
5300,4.279993750000001,0.0026792639583147495,(-0.05787330059401613-0.04488700085052501j),2231.4849901108805
5301,4.280093750000001,0.003631644869143154,(0.2593837332210585+0.0018761695516038377j),2231.906025014675
5302,4.2801937500000005,0.004603749804591113,(0.03264317465628934+0.22174166887272007j),2232.3270599184693
5303,4.28029375,0.004059188960029698,(-0.04147836856542758+0.024684164648654153j),2232.748094822264
5304,4.280393750000001,0.004046613144670077,(0.2072782901517064+0.018424892459130218j),2233.1691297260586
5305,4.280493750000001,0.0036636856159202105,(0.05320592601469803+0.20642977485634517j),2233.590164629853
5306,4.28059375,0.004689377475665647,(-0.15013519038704315+0.04635700023066233j),2234.0111995336474
5307,4.28069375,0.004563597767138658,(-0.13766633622325247+0.2742586105162306j),2234.432234437442
5308,4.280793750000001,0.003815010212140754,(-0.10921855297114126-0.016313508838110134j),2234.8532693412367
5309,4.280893750000001,0.0032719765063531844,(0.10215887361813802-0.028463017204214465j),2235.274304245031
5310,4.28099375,0.004981911921282615,(-0.11094138868672486+0.21775686678578093j),2235.6953391488255
5311,4.28109375,0.00601985080376977,(-0.13350447056747977-0.009498676841432303j),2236.11637405262
5312,4.281193750000001,0.005985648363791639,(0.05752383135528443-0.14680334440132206j),2236.5374089564148
5313,4.281293750000001,0.0049911153147503455,(0.17432591223920238-0.023339437709398912j),2236.958443860209
5314,4.28139375,0.005000956523223214,(0.29541160893048435+0.3314882801395887j),2237.3794787640036
5315,4.28149375,0.005961174372201457,(-0.3291840368455885-0.12234675099558234j),2237.800513667798
5316,4.281593750000001,0.006464915944996587,(-0.09330930967362903+0.020384950914412798j),2238.2215485715924
5317,4.2816937500000005,0.005707119066361507,(-0.1646131383468546+0.03251174831325006j),2238.6425834753873
5318,4.28179375,0.0056701182240630225,(0.1522547502007895-0.07764846398548336j),2239.0636183791817
5319,4.281893750000001,0.006836768817919458,(0.03537896989122208+0.040033288514567306j),2239.484653282976
5320,4.281993750000001,0.006927830102302097,(0.39916185755544-0.04962961850206986j),2239.9056881867705
5321,4.2820937500000005,0.007931461678713857,(0.02109686017854152+0.08074491778906617j),2240.3267230905653
5322,4.28219375,0.007331864716894092,(0.24223544994795393+0.12733643026633767j),2240.7477579943597
5323,4.282293750000001,0.007696794471828826,(0.07152542264765463+0.005206351442620709j),2241.168792898154
5324,4.282393750000001,0.007740296587628589,(-0.2785526616689634+0.2804158555404695j),2241.5898278019486
5325,4.28249375,0.007324756970553846,(-0.1438476026200595+0.06807002333573421j),2242.010862705743
5326,4.28259375,0.00673870503841475,(0.1070871062490541-0.010941995411815064j),2242.431897609538
5327,4.282693750000001,0.007050054468551672,(-0.17152615204370933+0.006936510943938372j),2242.8529325133322
5328,4.282793750000001,0.008394095225626603,(-0.37707272474046183-0.19889807747745167j),2243.2739674171266
5329,4.28289375,0.00850581364041461,(-0.13653968419268547+0.10784738938087991j),2243.695002320921
5330,4.28299375,0.008700833072849759,(0.054314252059030996+0.1350946384650222j),2244.1160372247155
5331,4.283093750000001,0.008254392283056088,(-0.11174317267790045+0.1897990355610561j),2244.5370721285103
5332,4.283193750000001,0.00723229228171862,(-0.06648260246814716+0.19436074944581871j),2244.9581070323047
5333,4.28329375,0.007187180912550408,(0.06629810444895075-0.11256038399320831j),2245.379141936099
5334,4.28339375,0.006973229561755004,(-0.24606076027801804+0.016100517406418664j),2245.8001768398935
5335,4.283493750000001,0.00737249231819462,(0.05151050629835294-0.12799409814970242j),2246.2212117436884
5336,4.2835937500000005,0.00765595627583743,(0.07867005473623781+0.1150024925687792j),2246.642246647483
5337,4.28369375,0.0076240086353022455,(0.05883852342876317+0.016759932632523254j),2247.063281551277
5338,4.28379375,0.007777669511775558,(0.14078869653590237+0.02524491768915619j),2247.4843164550716
5339,4.283893750000001,0.006603438945091022,(0.039978309412286514+0.09478642869223523j),2247.905351358866
5340,4.2839937500000005,0.006050565028296366,(0.07463770772951689+0.14108077417962744j),2248.326386262661
5341,4.28409375,0.006664049464240689,(-0.03420935834053854+0.11370713364496324j),2248.7474211664553
5342,4.284193750000001,0.00821851759253679,(0.05799684784578815+0.187162893092259j),2249.1684560702497
5343,4.284293750000001,0.008226752469297499,(-0.16156771757035418+0.12841212055393714j),2249.589490974044
5344,4.2843937500000004,0.007562452022206303,(-0.042527717263085886-0.018728216301196414j),2250.010525877839
5345,4.28449375,0.0070466620044224975,(0.15289573314696697+0.12284576151384825j),2250.4315607816334
5346,4.284593750000001,0.007456674815096295,(-0.058273184779180504-0.14352840861964816j),2250.852595685428
5347,4.284693750000001,0.006863160513852608,(-0.04314421966325266-0.15139816460832173j),2251.273630589222
5348,4.28479375,0.007086474142592386,(0.0233011862222631-0.09808712432528505j),2251.6946654930166
5349,4.28489375,0.006745014300890678,(0.030286986220507486-0.23422739133553516j),2252.1157003968115
5350,4.284993750000001,0.006886016438191537,(0.12812980183964495+0.04046584339595799j),2252.536735300606
5351,4.285093750000001,0.0066159865137842945,(-0.10238881883538159-0.1261085648940358j),2252.9577702044003
5352,4.28519375,0.005273212399393964,(0.059839686926455-0.28639966823142504j),2253.3788051081947
5353,4.28529375,0.0052463456718444875,(0.13314073896770998+0.061012166900226816j),2253.799840011989
5354,4.285393750000001,0.005213857446921044,(-0.01465587845965877-0.004308261462610402j),2254.220874915784
5355,4.2854937500000005,0.00646937572158098,(-0.07994728802713394+0.11068447960999261j),2254.6419098195784
5356,4.28559375,0.0057609798705858615,(-0.12682974974724426+0.1589574120110084j),2255.0629447233728
5357,4.28569375,0.004736175237810211,(0.0876203987382251-0.1132965362153881j),2255.483979627167
5358,4.285793750000001,0.0035303746003424227,(-0.09347797780245004+0.026101372371205023j),2255.905014530962
5359,4.2858937500000005,0.0038937696546995125,(-0.05081839663969315+0.08510131820975692j),2256.3260494347564
5360,4.28599375,0.004590295130455616,(-0.033043750750850406-0.35823877145485805j),2256.747084338551
5361,4.286093750000001,0.005313141669149466,(0.02719479089087108+0.04437361482158743j),2257.1681192423453
5362,4.286193750000001,0.004645060526465774,(-0.03276505758753129+0.09490400600455479j),2257.5891541461397
5363,4.2862937500000005,0.004112893764681562,(0.053853734744453804-0.05915482257314755j),2258.0101890499345
5364,4.28639375,0.002908665201763743,(0.03845228720302246-0.030569408164748j),2258.431223953729
5365,4.286493750000001,0.003040465770566756,(-0.1066127768376836+0.08790901623079092j),2258.8522588575233
5366,4.286593750000001,0.0026181253464325044,(-0.20320654531252527-0.19419922925864463j),2259.2732937613177
5367,4.28669375,0.002752043848012309,(0.07197896567950798-0.04404149698970919j),2259.6943286651126
5368,4.28679375,0.003420122708768775,(-0.07137020434590981+0.1372722937752398j),2260.115363568907
5369,4.286893750000001,0.0032330724531465832,(-0.23478277646761567+0.11530579400951907j),2260.5363984727014
5370,4.286993750000001,0.003742659028586588,(-0.16033498259392645-0.13864285352763006j),2260.957433376496
5371,4.28709375,0.0032438954336239494,(0.20272825595245664-0.057080563055682244j),2261.3784682802902
5372,4.28719375,0.0034209553088741895,(-0.11706324433872205-0.1774333949459696j),2261.799503184085
5373,4.287293750000001,0.0024668243961435557,(-0.03223810000044178-0.2435698203724395j),2262.2205380878795
5374,4.287393750000001,0.002607230139288968,(-0.08356417590066928-0.04377171748419165j),2262.641572991674
5375,4.28749375,0.0037616346689711964,(0.021865597286969945-0.23183170760754054j),2263.0626078954683
5376,4.28759375,0.003690175444565605,(0.3634425658386222-0.14415559150330404j),2263.4836427992627
5377,4.287693750000001,0.0033620683218111335,(0.08977879804125721-0.05733086918682076j),2263.9046777030576
5378,4.2877937500000005,0.0026984383343128175,(0.39705949940103774-0.21001216405911954j),2264.325712606852
5379,4.28789375,0.0025837648896401035,(0.27609667548894584+0.317713806802678j),2264.7467475106464
5380,4.287993750000001,0.0028992136598802857,(-0.03499676146012404+0.22700903753461424j),2265.167782414441
5381,4.288093750000001,0.0029398193510308678,(0.0396015320838834-0.0919450128924233j),2265.5888173182357
5382,4.2881937500000005,0.0030442968425405483,(-0.10975840334691053-0.0029507161119187164j),2266.00985222203
5383,4.28829375,0.003442180404671301,(0.24037510100886575-0.006517088821705347j),2266.4308871258245
5384,4.288393750000001,0.00280616325548884,(-0.03362704041515002-0.10158309931711115j),2266.851922029619
5385,4.288493750000001,0.0032754186235903968,(0.37068574734283843+0.1900031234600093j),2267.2729569334133
5386,4.28859375,0.004373330910575659,(-0.10128423622940999+0.00731059019278834j),2267.693991837208
5387,4.28869375,0.004394910993580654,(0.2165986531997366+0.0686810518875791j),2268.1150267410026
5388,4.288793750000001,0.003928316400825444,(0.08155553183617877+0.0983831247475176j),2268.536061644797
5389,4.288893750000001,0.004029246798378346,(-0.03776871656258151-0.054873481816380326j),2268.9570965485914
5390,4.28899375,0.004535446339833009,(-0.227598480671788-0.0254711319025868j),2269.3781314523862
5391,4.28909375,0.004701488451396284,(-0.03678745989994295+0.025207789222664062j),2269.7991663561806
5392,4.289193750000001,0.004614370860921982,(0.39196100462506817+0.10162821302504849j),2270.220201259975
5393,4.289293750000001,0.004329325794482155,(0.10799326784645233+0.18972532949780563j),2270.6412361637695
5394,4.28939375,0.005472528203242085,(0.07159985391146786-0.10725179856426192j),2271.062271067564
5395,4.28949375,0.0054310523676272,(0.11551169324693292-0.05686364340241873j),2271.4833059713587
5396,4.289593750000001,0.00475346370806967,(-0.04096958747119774+0.10005784592748318j),2271.904340875153
5397,4.2896937500000005,0.004501317915681365,(-0.12009962493244036-0.01903060460603634j),2272.3253757789475
5398,4.28979375,0.005084506489928362,(-0.20561391740978952+0.033586825847830154j),2272.746410682742
5399,4.28989375,0.00608176843383678,(-0.04160157358358401+0.06259418882990536j),2273.1674455865364
5400,4.289993750000001,0.006374243429528228,(-0.32349095239019304+0.12283063184681581j),2273.588480490331
5401,4.2900937500000005,0.006644621168134219,(-0.0012356950522970644-0.1889740765905629j),2274.0095153941256
5402,4.29019375,0.007009841982250713,(-0.09803712594639512+0.15524173566281177j),2274.43055029792
5403,4.290293750000001,0.007847343729433388,(-0.10011455942662685-0.2421321157981634j),2274.8515852017144
5404,4.290393750000001,0.007475958708588236,(0.06972624935833921-0.0021228259564584177j),2275.2726201055093
5405,4.29049375,0.005966612296798419,(-0.3278125819971327-0.12128164388540397j),2275.6936550093037
5406,4.29059375,0.006512536424862704,(-0.10869304965731419-0.16632117092421816j),2276.114689913098
5407,4.290693750000001,0.007850186571778207,(0.07288160082791445-0.10172881922804511j),2276.5357248168925
5408,4.290793750000001,0.007715665392333566,(0.09678836097724651-0.08191605446786451j),2276.956759720687
5409,4.29089375,0.007372874991090563,(0.21866990430443173+0.04389884284089321j),2277.377794624482
5410,4.29099375,0.0070934452082224535,(0.10024788539527894+0.07285541522773006j),2277.798829528276
5411,4.291093750000001,0.006901125726306283,(-0.08664670750056501+0.0904975852760653j),2278.2198644320706
5412,4.291193750000001,0.006914018735103819,(0.06321075316245461-0.060450037214733465j),2278.640899335865
5413,4.29129375,0.00672447263409674,(0.049393390223977304-0.04137831975689213j),2279.06193423966
5414,4.29139375,0.007087813054719288,(0.10893268708663047+0.11652941347593083j),2279.4829691434543
5415,4.291493750000001,0.008084912647212882,(0.22149955125733073+0.03877807642876788j),2279.9040040472487
5416,4.2915937500000005,0.008540037627622619,(-0.01596285507699842+0.16492882499928213j),2280.325038951043
5417,4.29169375,0.009229486919436336,(-0.04323906775430168+0.25814772768098204j),2280.7460738548375
5418,4.29179375,0.007795179454567245,(0.03757122584444434+0.2838462814536326j),2281.1671087586324
5419,4.291893750000001,0.007562075435127956,(0.08733131103513601+0.1724332387769224j),2281.588143662427
5420,4.2919937500000005,0.006951683704270457,(0.10581959331642171+0.17383752676390632j),2282.009178566221
5421,4.29209375,0.007011800390593745,(-0.09091649036915304+0.2613856141985567j),2282.4302134700156
5422,4.292193750000001,0.00762263457046791,(-0.11702447668092078-0.0569977550411126j),2282.85124837381
5423,4.292293750000001,0.006812942501312175,(0.03928536061266683+0.15956182199455443j),2283.272283277605
5424,4.2923937500000005,0.007193909403034367,(0.11424345494156582+0.10760045609284358j),2283.6933181813993
5425,4.29249375,0.00782960897093961,(0.0544774578808545+0.07571728920319669j),2284.1143530851937
5426,4.292593750000001,0.008841731444059512,(-0.24488042927442807+0.050485242625383044j),2284.535387988988
5427,4.292693750000001,0.009249605145100927,(-0.14585578383233294-0.017081148267907617j),2284.956422892783
5428,4.29279375,0.008357392132713791,(-0.2797289303811381+0.17419579204710534j),2285.3774577965773
5429,4.29289375,0.007716696298636348,(-0.17298748211356937-0.027756706239878068j),2285.7984927003718
5430,4.292993750000001,0.00767092554893865,(-0.42303959683681763-0.04413324083413138j),2286.219527604166
5431,4.293093750000001,0.006784511608537765,(-0.13448452975507003-0.3312450542091122j),2286.6405625079606
5432,4.29319375,0.006091811366252936,(0.0044586442689881975-0.08395867702560753j),2287.0615974117554
5433,4.29329375,0.005082200643343243,(-0.08992185204180941-0.10937346457029044j),2287.48263231555
5434,4.293393750000001,0.005045892032997417,(0.14421521024185546-0.15404805745118733j),2287.9036672193442
5435,4.2934937500000006,0.004969916544973678,(-0.10072351365880515+0.07073437263934404j),2288.3247021231386
5436,4.29359375,0.0058341767662974464,(0.02567267540347995-0.018047631750547j),2288.745737026933
5437,4.29369375,0.00543995550186022,(-0.14145698099125809-0.07083587340554545j),2289.166771930728
5438,4.293793750000001,0.005621152745276752,(0.1313142354433725-0.2861855812380214j),2289.5878068345223
5439,4.2938937500000005,0.00590573335874983,(0.12009873605040083-0.01628498192567618j),2290.0088417383167
5440,4.29399375,0.005326549244831663,(0.0940850399733198+0.033837148373733694j),2290.429876642111
5441,4.294093750000001,0.004856079797080964,(-0.010777029622064477+0.2338440235656924j),2290.850911545906
5442,4.294193750000001,0.004873505947688362,(-0.17808400746599343+0.00525464782332704j),2291.2719464497004
5443,4.2942937500000005,0.004645705484653938,(-0.08448277392686361-0.1341542048676914j),2291.692981353495
5444,4.29439375,0.004893402683300109,(0.08829128296747413+0.05560707026041079j),2292.114016257289
5445,4.294493750000001,0.003447585256373272,(0.048642070024656106+0.058310838307944104j),2292.5350511610836
5446,4.294593750000001,0.003460572396855627,(0.003117417408151038+0.09938321021285448j),2292.9560860648785
5447,4.29469375,0.0039468371230638915,(0.10387027651635268+0.044086705156501795j),2293.377120968673
5448,4.29479375,0.004678107801398766,(-0.10726334042929075-0.08223804735466168j),2293.7981558724673
5449,4.294893750000001,0.004042337224099297,(-0.06883572914356198+0.0074563255394732905j),2294.2191907762617
5450,4.294993750000001,0.0030605518678089865,(0.14780735377836368+0.026051892122952405j),2294.6402256800566
5451,4.29509375,0.002890545785323304,(0.26840352067378903-0.12116792908892905j),2295.061260583851
5452,4.29519375,0.002487750612567164,(-0.1039736757361085+0.08100141717197346j),2295.4822954876454
5453,4.295293750000001,0.0027961188504374707,(0.018678461271125504-0.035312785300371706j),2295.90333039144
5454,4.295393750000001,0.0026731238518684177,(0.02179052458561087+0.14262793772729004j),2296.324365295234
5455,4.29549375,0.0034826824584240136,(-0.2635913687762554+0.014392632597237234j),2296.745400199029
5456,4.29559375,0.003721664114397893,(-0.09502126818022978-0.06844451828643563j),2297.1664351028235
5457,4.295693750000001,0.0035967217182100385,(0.15850603594596965+0.04170482321590395j),2297.587470006618
5458,4.2957937500000005,0.002707591780972881,(-0.07104828493100615+0.065292515086712j),2298.0085049104123
5459,4.29589375,0.0026190934208739935,(0.12535379889984444+0.07215849936798069j),2298.4295398142067
5460,4.295993750000001,0.003036120239925603,(0.021912886258649268+0.28032354475570803j),2298.8505747180016
5461,4.296093750000001,0.0034714263832212695,(-0.2746510121354674-0.2311675138634196j),2299.271609621796
5462,4.2961937500000005,0.0037452603940398652,(0.2689036002948641-0.0772393513252492j),2299.6926445255904
5463,4.29629375,0.003560469849853265,(-0.053911222518623084+0.07424869084133712j),2300.113679429385
5464,4.296393750000001,0.0035377528423296964,(0.03319104590691447-0.12370045392405812j),2300.5347143331796
5465,4.296493750000001,0.003401457193874941,(-0.04446276847610761+0.0515403033615638j),2300.955749236974
5466,4.29659375,0.00392327428581649,(0.1048565311353618+0.01571249126028818j),2301.3767841407685
5467,4.29669375,0.003124454207357072,(-0.11956246072883503+0.025820416968571368j),2301.797819044563
5468,4.296793750000001,0.002960136864770144,(0.04931949712108879-0.3290227490469928j),2302.2188539483573
5469,4.296893750000001,0.003044910390530495,(0.16538231586591395+0.068802493278896j),2302.639888852152
5470,4.29699375,0.003916543694635923,(0.02197180295663167-0.08160966642076102j),2303.0609237559465
5471,4.29709375,0.0045025714154902,(0.17758882768068812+0.046413272303125044j),2303.481958659741
5472,4.297193750000001,0.004631785399376551,(-0.16879118847756316+0.061613249539159115j),2303.9029935635353
5473,4.297293750000001,0.00406840772254139,(0.1342680233751227-0.04340705158578103j),2304.32402846733
5474,4.29739375,0.004171201561252573,(0.07770648587151784+0.08243970981483442j),2304.7450633711246
5475,4.29749375,0.0040111021959436085,(-0.03142732562037259+0.03453061731403758j),2305.166098274919
5476,4.297593750000001,0.0040267232773898085,(0.0021636454638968503+0.01882782945628131j),2305.5871331787134
5477,4.2976937500000005,0.004574250987044345,(0.13918895219886415-0.03757201364690506j),2306.008168082508
5478,4.29779375,0.003933590906998131,(0.032915149446824846+0.10912443216226748j),2306.4292029863027
5479,4.29789375,0.004919141586732065,(-0.21678372087744105+0.02839700236459266j),2306.850237890097
5480,4.297993750000001,0.005510934559930294,(0.2220270834806533-0.04808153364480933j),2307.2712727938915
5481,4.2980937500000005,0.006109038522162028,(0.05308823059886018+0.15296580549015149j),2307.692307697686
5482,4.29819375,0.0054944779467318025,(-0.10401355711477762+0.15252704739492046j),2308.1133426014803
5483,4.298293750000001,0.006226486903492711,(-0.0011921378067855544-0.04696851082287132j),2308.534377505275
5484,4.298393750000001,0.006549897670218937,(0.13494444729354432+0.13712871446424796j),2308.9554124090696
5485,4.2984937500000004,0.0068361562175597475,(-0.027287402152834955+0.058584839690983645j),2309.376447312864
5486,4.29859375,0.0067168289556771305,(-0.18530275282739175+0.011946405594601667j),2309.7974822166584
5487,4.298693750000001,0.007016160625813479,(0.0367702675431104-0.28183539188365264j),2310.2185171204533
5488,4.298793750000001,0.00730775380919964,(0.0975934993861777+0.13262091899755266j),2310.6395520242477
5489,4.29889375,0.007064588979414301,(-0.09540305307047073-0.10076159636676307j),2311.060586928042
5490,4.29899375,0.007576227730149638,(0.19152511938522734-0.12173552461539519j),2311.4816218318365
5491,4.299093750000001,0.007088534514705362,(0.007017325926175148+0.18110616312825087j),2311.902656735631
5492,4.299193750000001,0.007673052858443748,(0.038441407765142876-0.04274791165657141j),2312.3236916394258
5493,4.29929375,0.007210687281184083,(-0.002196220050828465+0.003272919424325782j),2312.74472654322
5494,4.29939375,0.007395226831304427,(0.003188615441941361-0.051269391430471045j),2313.1657614470146
5495,4.299493750000001,0.008343447754879154,(-0.017435414287056722+0.18994879321617114j),2313.586796350809
5496,4.2995937500000005,0.008271531332921241,(0.05616583545913-0.10029244045642391j),2314.007831254604
5497,4.29969375,0.007763019018337245,(0.06951198721948483+0.08481740339483579j),2314.4288661583983
5498,4.29979375,0.006929138847047649,(-0.15946384479286668-0.017768021715945964j),2314.8499010621927
5499,4.299893750000001,0.007344086443451085,(0.008615678084747766-0.08548426089994429j),2315.270935965987
5500,4.2999937500000005,0.007712824714032384,(-0.012875624602204233+0.058305670787921315j),2315.6919708697815
5501,4.300093749999999,0.007982137649416514,(0.15775048199007982-0.19504856751239397j),2316.1130057735763
5502,4.30019375,0.007878799813224653,(0.18938012474776594+0.12331252104029186j),2316.5340406773707
5503,4.30029375,0.008455122527788784,(0.11240867696926829+0.16205945467835003j),2316.955075581165
5504,4.30039375,0.008533087935531836,(0.17650278478856252+0.05872385414795568j),2317.3761104849596
5505,4.30049375,0.008359744166969984,(0.03530001913126447+0.10628249777344623j),2317.797145388754
5506,4.30059375,0.007310032228242606,(-0.24474237331374865-0.10845279408640127j),2318.218180292549
5507,4.30069375,0.007574896837735776,(0.09856189235351524-0.08712099056025988j),2318.6392151963432
5508,4.3007937499999995,0.00842337891305555,(0.09828060167144605+0.07464698481073373j),2319.0602501001376
5509,4.30089375,0.007688238995266952,(-0.03530904212748791+0.019977933668841166j),2319.481285003932
5510,4.30099375,0.006778147649174444,(0.03413421881344454+0.09406224251614509j),2319.902319907727
5511,4.30109375,0.007185183236197341,(0.04524014978602789+0.1618147001122334j),2320.3233548115213
5512,4.3011937499999995,0.006885972452387509,(-0.08558880316516176+0.09930669626551374j),2320.7443897153157
5513,4.30129375,0.007032695868838883,(0.0599993832108908+0.14678043279117417j),2321.16542461911
5514,4.30139375,0.006837393663945005,(-0.1967921641142581+0.10534230017400753j),2321.5864595229045
5515,4.30149375,0.006615452974585047,(0.03774091143490222-0.029074915200462254j),2322.0074944266994
5516,4.301593749999999,0.006787358730256508,(-0.05342940151645692+0.21857368186288872j),2322.428529330494
5517,4.30169375,0.006402239212969597,(-0.1834161329255596-0.05637844747737519j),2322.849564234288
5518,4.30179375,0.00458848003955664,(0.009876961317015119+0.02936302602239405j),2323.2705991380826
5519,4.30189375,0.004081812459400859,(-0.20693522091218675+0.10128435505738399j),2323.6916340418775
5520,4.301993749999999,0.005190773875126523,(-0.15728415578597887-0.028704791750951236j),2324.112668945672
5521,4.30209375,0.006562521928663165,(-0.1890822523685734-0.20204964973262324j),2324.5337038494663
5522,4.30219375,0.005799784081853592,(0.14240808948378594-0.13993377027657275j),2324.9547387532607
5523,4.30229375,0.0052651832706876135,(-0.02112247512201639+0.08875832924551307j),2325.375773657055
5524,4.30239375,0.004498546466865365,(0.10182189668235879-0.046520656425560074j),2325.79680856085
5525,4.30249375,0.004662545349154722,(0.2740921546195194+0.08705980049112041j),2326.2178434646444
5526,4.30259375,0.004321843811110958,(-0.0435666235091305+0.11901329026377751j),2326.638878368439
5527,4.3026937499999995,0.003282539603635337,(0.00848897891308642+0.19417390442154353j),2327.059913272233
5528,4.30279375,0.003951241588743122,(-0.024381708929866214+0.32221272260960787j),2327.4809481760276
5529,4.30289375,0.004446717016647752,(-0.1254049159334273+0.3417440372081113j),2327.9019830798225
5530,4.30299375,0.005787520529361272,(-0.45323360151492986+0.10923329786126501j),2328.323017983617
5531,4.3030937499999995,0.0051500263457582435,(-0.25951934775449786+0.003769775583421564j),2328.7440528874113
5532,4.30319375,0.004587906139057023,(-0.19637259123009182-0.09121614370456368j),2329.1650877912057
5533,4.30329375,0.00376458222225484,(0.03166139888359744-0.29982106514738j),2329.5861226950005
5534,4.30339375,0.004135212902432403,(0.034536865608320616-0.08288374849764257j),2330.007157598795
5535,4.3034937499999995,0.00354184124950608,(0.011871540530234287-0.14281350539803894j),2330.4281925025894
5536,4.30359375,0.0033827108103594915,(-0.06550877898361235+0.0986680130159228j),2330.8492274063838
5537,4.30369375,0.0035449443011654844,(-0.158407474614456-0.08725471973911489j),2331.270262310178
5538,4.30379375,0.0029190390418398363,(-0.10957120577445587-0.3045373554310934j),2331.691297213973
5539,4.303893749999999,0.0012591179891241954,(0.2513878682878271+0.06715096957814337j),2332.1123321177674
5540,4.30399375,0.0011794827856709067,(-0.1885734107375287-0.02778748935131381j),2332.533367021562
5541,4.30409375,0.002441164126926181,(0.05056354313559523-0.36710205838831067j),2332.9544019253563
5542,4.30419375,0.0030814610739312246,(0.17669203811931702+0.046702506120864455j),2333.375436829151
5543,4.30429375,0.003879744978489528,(0.025713684046436272+0.1783407095991776j),2333.7964717329455
5544,4.30439375,0.0041044102488457185,(0.06304267174150575-0.05644160765227586j),2334.21750663674
5545,4.30449375,0.0037719658418701226,(0.03792038315193402-0.22163377392874348j),2334.6385415405343
5546,4.3045937499999996,0.0025681266041143896,(-0.0060622671119036214-0.12459269615636709j),2335.0595764443287
5547,4.30469375,0.0019618217124462638,(0.04068472679519208-0.02716895453666681j),2335.4806113481236
5548,4.30479375,0.003112559598987343,(-0.19395489695067022-0.0549122455099065j),2335.901646251918
5549,4.30489375,0.004257530513473751,(0.17109515848239104+0.08648315437116565j),2336.3226811557124
5550,4.3049937499999995,0.004106228139890881,(-0.12456502021894833+0.09695132639751217j),2336.743716059507
5551,4.30509375,0.003182335345700792,(-0.2695859147711479-0.15265449728708197j),2337.1647509633012
5552,4.30519375,0.0033381883605177885,(0.09515517899978901+0.007310683862494227j),2337.585785867096
5553,4.30529375,0.004393454434561069,(-0.00919440910884281+0.12041135693264934j),2338.0068207708905
5554,4.3053937499999995,0.0037446433772023438,(0.11720024042694627-0.2488271821066136j),2338.427855674685
5555,4.30549375,0.0035168260719192256,(0.09155015080101657-0.036524004936902076j),2338.8488905784793
5556,4.30559375,0.0034448022826169948,(-0.08402283872748749-0.07379240084613012j),2339.269925482274
5557,4.30569375,0.005415713037361696,(0.007910149919595238+0.022591358737985415j),2339.6909603860686
5558,4.305793749999999,0.005064441082019267,(-0.16775804979178238+0.11577592956102928j),2340.111995289863
5559,4.30589375,0.004265772624723541,(-0.015910379036387153-0.12390377840772732j),2340.5330301936574
5560,4.30599375,0.0033846334507078146,(-0.03612403789300216+0.09468360458439368j),2340.954065097452
5561,4.30609375,0.0033633959676131076,(-0.15171718629633887-0.2545121896310106j),2341.3751000012467
5562,4.30619375,0.0048467225417157,(0.2238403925502534-0.027458753897305364j),2341.796134905041
5563,4.30629375,0.004535339009676244,(-0.2622823230319438+0.0875447491480046j),2342.2171698088355
5564,4.30639375,0.005557757890012775,(0.0004217706894402984-0.18492789207966018j),2342.63820471263
5565,4.30649375,0.006151664729539082,(0.07411118457106253+0.05062729755929019j),2343.0592396164247
5566,4.30659375,0.006335107085454056,(-0.05268495454858453-0.10206205098082087j),2343.480274520219
5567,4.30669375,0.006435733945203396,(0.01918532026294034-0.06023910119495564j),2343.9013094240136
5568,4.30679375,0.00577775456217706,(-0.00750089161830687+0.06177965674194874j),2344.322344327808
5569,4.3068937499999995,0.006403004886284857,(0.08170665413508205-0.08782792701196922j),2344.7433792316024
5570,4.30699375,0.007968635382142618,(0.1459012569074847-0.006590724530828471j),2345.1644141353972
5571,4.30709375,0.008598157174195023,(0.004583934853828048+0.17018859301045983j),2345.5854490391916
5572,4.30719375,0.008288657742765371,(-0.06244450781584507+0.08665361783732764j),2346.006483942986
5573,4.3072937499999995,0.006958440966617406,(0.027854882326672145-0.0460638040144303j),2346.4275188467805
5574,4.30739375,0.007000257085958797,(-0.04070545499727556+0.20171172895248235j),2346.848553750575
5575,4.30749375,0.007574958065493972,(0.04447977338911778-0.01001285335428681j),2347.2695886543697
5576,4.30759375,0.007505127897828025,(0.14049862038123984+0.14645095677798153j),2347.690623558164
5577,4.307693749999999,0.007854805503165417,(-0.23642337820687565+0.10743315295557179j),2348.1116584619585
5578,4.30779375,0.008546826395698578,(-0.09781306829105371-0.1179410939931165j),2348.532693365753
5579,4.30789375,0.007672161224023786,(-0.10125157889541728+0.1044132328917627j),2348.953728269548
5580,4.30799375,0.007835557023892664,(-0.01096610566144561-0.04004562555817451j),2349.374763173342
5581,4.308093749999999,0.006971587592668132,(0.04383321558795372-0.020721990032638873j),2349.7957980771366
5582,4.30819375,0.00730647685745127,(0.03385287354949155+0.025746796794755777j),2350.216832980931
5583,4.30829375,0.006509161827678953,(-0.10490413630401402+0.07831092836584562j),2350.6378678847254
5584,4.30839375,0.007007689074902158,(-0.06994600473119027-0.06799026137973938j),2351.0589027885203
5585,4.30849375,0.0079349414935611,(0.045231243656651876-0.01670894405116724j),2351.4799376923147
5586,4.30859375,0.00803028081656362,(-0.015448123081788251+0.15548519157676724j),2351.900972596109
5587,4.30869375,0.008052077477068416,(0.042092649762737425-0.209964580856418j),2352.3220074999035
5588,4.3087937499999995,0.0067335028005170786,(0.14888960456430547+0.18361966463494417j),2352.7430424036984
5589,4.30889375,0.00806854187257743,(-0.20796673767629525-0.031565763462256424j),2353.164077307493
5590,4.30899375,0.00829026237161623,(0.04345264866152038+0.10910466064673438j),2353.585112211287
5591,4.30909375,0.007829263065993644,(-0.26059828335005897-0.14988820794919044j),2354.0061471150816
5592,4.3091937499999995,0.006468297322401931,(0.06783382881540669-0.20841586364802855j),2354.427182018876
5593,4.30929375,0.007294039285788444,(0.08917871594402899+0.11957423645816917j),2354.848216922671
5594,4.30939375,0.008465376952467804,(0.03612870795381871-0.0753027057804382j),2355.2692518264653
5595,4.30949375,0.007493415095370601,(-0.06460403822492847+0.09088343918506445j),2355.6902867302597
5596,4.3095937499999994,0.007360214866447674,(0.03785014128710844+0.024594926704047115j),2356.111321634054
5597,4.30969375,0.007083462715523561,(0.07955810586564735+0.042788517937560305j),2356.5323565378485
5598,4.30979375,0.006686343179949724,(-0.17297767773584127-0.041148529328718195j),2356.9533914416434
5599,4.30989375,0.007015123073834536,(0.009463224688901428-0.10878784279922164j),2357.3744263454378
5600,4.309993749999999,0.006434594423184847,(0.05620349524888603-0.14491121257994888j),2357.795461249232
5601,4.31009375,0.0058022535144067735,(-0.1307898877628252+0.019373769380442635j),2358.2164961530266
5602,4.31019375,0.005662478670841119,(0.15213033816579993+0.11978441331039541j),2358.6375310568214
5603,4.31029375,0.004605443415030628,(-0.003783284891983499-0.10302847993765366j),2359.058565960616
5604,4.31039375,0.004394470361137161,(0.1298136580565853+0.052544461144377747j),2359.4796008644103
5605,4.31049375,0.004737664979259314,(0.0806541846709996+0.14243079348983528j),2359.9006357682047
5606,4.31059375,0.005831292685585332,(-0.10281678785421525-0.049112574180546424j),2360.321670671999
5607,4.3106937499999995,0.005812510521095324,(0.22710332785431162+0.11089440156104889j),2360.742705575794
5608,4.31079375,0.005326853245398006,(-0.24522909374982954+0.1340245139343959j),2361.1637404795883
5609,4.31089375,0.004363203324667474,(-0.09635212331586046-0.04083726333905642j),2361.5847753833827
5610,4.31099375,0.0034436712824358383,(-0.0026296984977467325+0.025005569285361004j),2362.005810287177
5611,4.3110937499999995,0.003598020455495457,(-0.07176403243027368+0.015548852990542025j),2362.426845190972
5612,4.31119375,0.004496778373276037,(0.0539710234423555-0.023109896425099447j),2362.8478800947664
5613,4.31129375,0.0043305203617968,(0.06827649470443181+0.0015253048228730248j),2363.268914998561
5614,4.31139375,0.004630424125753042,(-0.07424386770949623-0.13693303601673468j),2363.6899499023552
5615,4.3114937499999995,0.004162747541509975,(0.08780026804724526+0.007999350646698822j),2364.1109848061496
5616,4.31159375,0.004245022283251973,(0.09442111876993448+0.23798094961337504j),2364.5320197099445
5617,4.31169375,0.004051821010640586,(-0.1312892274879947-0.10217570311411794j),2364.953054613739
5618,4.31179375,0.003732691863384731,(0.12004476838643052+0.048901573299769796j),2365.3740895175333
5619,4.311893749999999,0.003273360216914958,(-0.24020441329470396-0.08413315422315415j),2365.7951244213277
5620,4.31199375,0.003377515828103979,(0.11707225748579293-0.16913626017600003j),2366.216159325122
5621,4.31209375,0.0029543864979088585,(0.0649946752665077+0.061098670924525755j),2366.637194228917
5622,4.31219375,0.0031641465079388525,(-0.10354618352482325-0.001654725692663006j),2367.0582291327114
5623,4.31229375,0.0019691836385348173,(-0.08638799434265879+0.039615804468759425j),2367.479264036506
5624,4.31239375,0.0013062067735972677,(-0.06042111059097261-0.03500567455499784j),2367.9002989403
5625,4.31249375,0.002471760019725854,(-0.11122823810514314-0.04349638298552298j),2368.321333844095
5626,4.31259375,0.0033366755074649064,(-0.03338066667289166+0.03897654895221206j),2368.7423687478895
5627,4.31269375,0.0027587037205536965,(0.0017408590671820628-0.004907128165961616j),2369.163403651684
5628,4.31279375,0.00186420433361508,(-0.018183992728194376-0.1064016972506119j),2369.5844385554783
5629,4.31289375,0.0023805019163857764,(-0.04810668710238139+0.03835801507857281j),2370.0054734592727
5630,4.3129937499999995,0.0023948667559138145,(0.026390843147119522-0.19069974303458714j),2370.4265083630676
5631,4.31309375,0.0032612907546637464,(0.06920007919454615+0.0561585312563297j),2370.847543266862
5632,4.31319375,0.0035043790322956303,(-0.044092508025956184-0.286731797269174j),2371.2685781706564
5633,4.31329375,0.003717288810401292,(0.004977636741317723-0.1906667780210345j),2371.689613074451
5634,4.3133937499999995,0.005245576559273642,(-0.0255254229824863+0.001521846395350246j),2372.110647978245
5635,4.31349375,0.0054995258077494905,(0.020822863255592572-0.11627800224181635j),2372.53168288204
5636,4.31359375,0.0037948859983239114,(0.02907378248473269-0.08409593425654287j),2372.9527177858345
5637,4.31369375,0.0035602868483031415,(-0.046276475313498475-0.03976425951891022j),2373.373752689629
5638,4.313793749999999,0.0039499036487296545,(0.06002289660743984+0.00020288183486560918j),2373.7947875934233
5639,4.31389375,0.004116106029556909,(0.005140949247633447-0.0990868997357116j),2374.215822497218
5640,4.31399375,0.004859013428064569,(-0.02059515214235752-0.10673489013054704j),2374.6368574010125
5641,4.31409375,0.004407577943955041,(0.15356400915979398-0.05221206625540731j),2375.057892304807
5642,4.314193749999999,0.004179289708958599,(-0.08266731778132644+0.017441908998812698j),2375.4789272086014
5643,4.31429375,0.0037485640953658847,(-0.12145774822179134-0.21298499552206623j),2375.8999621123958
5644,4.31439375,0.005014348279540291,(0.19130765037023323+0.06716414481147064j),2376.3209970161906
5645,4.31449375,0.005402081695760375,(-0.017998067940884866+0.0439137885194191j),2376.742031919985
5646,4.31459375,0.005247196761260977,(-0.05046285277848025-0.20097384676032906j),2377.1630668237794
5647,4.31469375,0.005500813289355272,(-0.029349675754450077-0.09290336954594039j),2377.584101727574
5648,4.31479375,0.0053121170870622705,(0.08945131741211271-0.16709587661599656j),2378.0051366313687
5649,4.3148937499999995,0.006222277367133616,(0.028112320101335048-0.030116140296717386j),2378.426171535163
5650,4.31499375,0.0062232168269137685,(0.17852535547543658+0.08411319068049522j),2378.8472064389575
5651,4.31509375,0.00657057657563299,(-0.006909229614915802-0.07543185422392898j),2379.268241342752
5652,4.31519375,0.0071272045693066876,(0.1481269980125697+0.3038263701523995j),2379.6892762465463
5653,4.3152937499999995,0.006989065403247571,(0.01916038355201566-0.011072445677807352j),2380.110311150341
5654,4.31539375,0.006092530985678078,(-0.05413848895057076+0.009764436751124941j),2380.5313460541356
5655,4.31549375,0.005658895629325729,(-0.04870826044643074-0.014664192306639401j),2380.95238095793
5656,4.31559375,0.005801705187204568,(0.1252875131385196+0.1060816982072681j),2381.3734158617244
5657,4.315693749999999,0.0067741673592856605,(0.0368572741803167+0.01624110063950643j),2381.794450765519
5658,4.31579375,0.008399190644554064,(0.16398727974876937+0.03500339171137793j),2382.2154856693137
5659,4.31589375,0.008191081161876805,(-0.02704899496416005+0.11269075330219519j),2382.636520573108
5660,4.31599375,0.008043012470287752,(-0.1435113078923613-0.27996379519061165j),2383.0575554769025
5661,4.316093749999999,0.007887108912861448,(0.20982926209362057+0.15949436670749484j),2383.478590380697
5662,4.31619375,0.007877398668669175,(-0.058845924327685734+0.10767091761479883j),2383.899625284492
5663,4.31629375,0.008446746052362676,(0.10668081386858531+0.013180725149140399j),2384.320660188286
5664,4.31639375,0.006909111544092989,(0.13873861353701256+0.10577739447522212j),2384.7416950920806
5665,4.31649375,0.006305448818524496,(-0.04756674888071073+0.12105411883235936j),2385.162729995875
5666,4.31659375,0.006683219210931114,(0.014438553999365819-0.06118874128126586j),2385.5837648996694
5667,4.31669375,0.0075345631233863924,(-0.10168589081402585-0.15788349987630912j),2386.0047998034643
5668,4.3167937499999995,0.0076995980866558554,(0.13458038373674258+0.09797113559453374j),2386.4258347072587
5669,4.31689375,0.006990146683775715,(0.05558295548911449+0.08165813491744461j),2386.846869611053
5670,4.31699375,0.007707515598788158,(0.01894847181711662+0.10504515007617135j),2387.2679045148475
5671,4.31709375,0.007454044689046439,(0.10514112798540748-0.02770557463059782j),2387.6889394186423
5672,4.3171937499999995,0.009566632025360018,(0.048852360373095746-0.06269605596963086j),2388.1099743224368
5673,4.31729375,0.007960571770080213,(-0.119281526600665-0.04532987951148115j),2388.531009226231
5674,4.31739375,0.007857825446515797,(0.03353627496812092-0.07495332638965121j),2388.9520441300256
5675,4.31749375,0.007895130157717117,(0.0483337778218286-0.009525496665598099j),2389.37307903382
5676,4.3175937499999995,0.007845014864167263,(0.08056484856608719+0.006126484733024934j),2389.794113937615
5677,4.31769375,0.008220479197052998,(0.0672874519219248+0.1717970195627487j),2390.2151488414092
5678,4.31779375,0.007016973545566927,(-0.15169983606405846+0.1243045145799462j),2390.6361837452037
5679,4.31789375,0.007089167803143973,(-0.029403291260954312+0.10967555391416198j),2391.057218648998
5680,4.317993749999999,0.0076514030174915535,(0.014961268474536216+0.0043648595269790424j),2391.4782535527925
5681,4.31809375,0.005867957860150165,(-0.06034112067570521+0.007455257075892202j),2391.8992884565873
5682,4.31819375,0.006975081874772728,(-0.0409971427866922-0.015192218528821973j),2392.3203233603817
5683,4.31829375,0.006134336239231136,(0.13182596554022494+0.08252877199092515j),2392.741358264176
5684,4.31839375,0.006365984410170877,(0.05750767212731378+0.18425465847498224j),2393.1623931679705
5685,4.31849375,0.005573118347526919,(-0.033554903970103384+0.047227478030590575j),2393.5834280717654
5686,4.31859375,0.005211092785729954,(-0.037773477096423425+0.05358018627844902j),2394.00446297556
5687,4.3186937499999996,0.0061303354671374925,(0.02583931711055816+0.06058195921393372j),2394.425497879354
5688,4.31879375,0.0041262014087518496,(-0.06303516223924993-0.04429007149150939j),2394.8465327831486
5689,4.31889375,0.006490982861495701,(0.11176762206586884+0.006970185605634685j),2395.267567686943
5690,4.31899375,0.005600800564558901,(-0.05673066332258563+0.2635969738472871j),2395.688602590738
5691,4.3190937499999995,0.006174266062567496,(-0.0853516581780595-0.042800010996940745j),2396.1096374945323
5692,4.31919375,0.003593090683860238,(-0.08816587885761488+0.04526360709782723j),2396.5306723983267
5693,4.31929375,0.0031073557607443195,(-0.03098406965260933+0.05217859080183773j),2396.951707302121
5694,4.31939375,0.004668881317861691,(0.012129565556755123+0.04258038983417076j),2397.372742205916
5695,4.3194937499999995,0.003497271390216861,(0.030708004900210546-0.0955476411274662j),2397.7937771097104
5696,4.31959375,0.004111836998556821,(-0.03480490682766808-0.03605250545511285j),2398.214812013505
5697,4.31969375,0.002500852023624497,(-0.1707147740444982-0.034584081860419696j),2398.635846917299
5698,4.31979375,0.00316778184241474,(0.059662536481547096-0.1409287182537054j),2399.0568818210936
5699,4.319893749999999,0.003036007952466536,(0.004836401845427968+0.1574466984111404j),2399.4779167248885
5700,4.31999375,0.0032646527478030797,(-0.21646229805992234+0.004579830053295451j),2399.898951628683
5701,4.32009375,0.004066112179352354,(-0.0237371578353541-0.17884909198745869j),2400.3199865324773
5702,4.32019375,0.003415106952279595,(-0.03493774754634185-0.06782439193289515j),2400.7410214362717
5703,4.320293749999999,0.004033735933979192,(-0.04519359845526011-0.1253277322173721j),2401.162056340066
5704,4.32039375,0.004082599919294042,(0.059873677422951715-0.08389877106044011j),2401.583091243861
5705,4.32049375,0.0036091759822228825,(0.03536204857033086-0.08061400843936033j),2402.0041261476554
5706,4.32059375,0.002845675978844778,(0.1227852230327956-0.08358282795622188j),2402.42516105145
5707,4.32069375,0.0017014821532606308,(0.08301805674066151+0.09399774347837322j),2402.846195955244
5708,4.32079375,0.0020290142400118303,(0.014967525854707009+0.1247535619361315j),2403.267230859039
5709,4.32089375,0.002562552363851532,(-0.08108546509304998+0.14153945435671061j),2403.6882657628335
5710,4.3209937499999995,0.0027756897995179644,(0.09224548743969038-0.08388230710130215j),2404.109300666628
5711,4.32109375,0.0027670530040108236,(-0.03725308986291202+0.024292439325353854j),2404.5303355704223
5712,4.32119375,0.002890876229066614,(-0.1737235604565267-0.07596774118464403j),2404.9513704742167
5713,4.32129375,0.004216488561025225,(-0.05090440867428838-0.019351165330307202j),2405.3724053780115
5714,4.3213937499999995,0.0021678057909774516,(-0.004026176615920168-0.08902038512001773j),2405.793440281806
5715,4.32149375,0.0030965509772570964,(0.0800656327142621-0.030777119548348386j),2406.2144751856003
5716,4.32159375,0.004258723007028356,(-0.0797924337738688-0.003934705842647962j),2406.6355100893948
5717,4.32169375,0.005053127859134933,(0.10519667309158157-0.059531275069036264j),2407.0565449931896
5718,4.321793749999999,0.0048345029911373155,(-0.09783286452196663-0.07627124832798686j),2407.477579896984
5719,4.32189375,0.0030357646990090154,(0.08126034153258073-0.20101579641505468j),2407.8986148007784
5720,4.32199375,0.0034871512835945298,(0.07405629354218923+0.05218078777694203j),2408.319649704573
5721,4.32209375,0.00461320735083142,(0.09470079761335996-0.07504734555780218j),2408.7406846083672
5722,4.322193749999999,0.004082664774055794,(0.054330317044859903+0.046414929014724216j),2409.161719512162
5723,4.32229375,0.0033565642423862,(-0.16616008667010507-0.057191464107704953j),2409.5827544159565
5724,4.32239375,0.003351067524089591,(0.05450962183345534+0.004275478837156975j),2410.003789319751
5725,4.32249375,0.003413846042653177,(0.06990088571672524+0.005349501366652909j),2410.4248242235453
5726,4.32259375,0.006002123298894145,(0.10012105692512052+0.0725464870779303j),2410.8458591273397
5727,4.32269375,0.005749750594804859,(0.023679524964294+0.0020072124189089574j),2411.2668940311346
5728,4.32279375,0.004383188375328258,(-0.10308901378115548-0.040950322078210345j),2411.687928934929
5729,4.3228937499999995,0.004542754141837903,(-0.038176196892001094-0.06474519254422943j),2412.1089638387234
5730,4.32299375,0.0058303925290810075,(0.22738343403275801+0.04665496472218707j),2412.529998742518
5731,4.32309375,0.0075019917033364745,(-0.06651486533146798+0.27403219588519845j),2412.9510336463127
5732,4.32319375,0.0063538779772377455,(-0.0610921331954757-0.05577090996612122j),2413.372068550107
5733,4.3232937499999995,0.006272182844582113,(0.2802863020643622+0.1801575716736009j),2413.7931034539015
5734,4.32339375,0.00663881150574385,(-0.17917848902976732+0.12317329469313301j),2414.214138357696
5735,4.32349375,0.007008164774958723,(0.008002500513617852-0.1850023331466669j),2414.6351732614903
5736,4.32359375,0.007059760533550271,(-0.035000510697220585+0.01729807545940055j),2415.056208165285
5737,4.3236937499999994,0.0053590870661780485,(0.08045886151230852-0.20211885849081562j),2415.4772430690796
5738,4.32379375,0.006176001220285566,(0.05144155292496629+0.0796903380188208j),2415.898277972874
5739,4.32389375,0.0068349612799899805,(-0.1524096020490867-0.02348172334861212j),2416.3193128766684
5740,4.32399375,0.007254517643214509,(0.10372632794289444-0.2208668569380613j),2416.7403477804633
5741,4.324093749999999,0.008247803666282416,(0.08191053492117928-0.011219675517717218j),2417.1613826842577
5742,4.32419375,0.007408933753067807,(-0.006170712150620265-0.09092759308000958j),2417.582417588052
5743,4.32429375,0.008388648652918527,(0.26582269254585905-0.16004698564875067j),2418.0034524918465
5744,4.32439375,0.0074741722279234625,(0.14947537849182557+0.14203692515897326j),2418.424487395641
5745,4.32449375,0.007721249555423688,(0.133328238063698+0.12258976526402347j),2418.8455222994357
5746,4.32459375,0.00765391892890381,(0.010838310657291475+0.21625923185077742j),2419.26655720323
5747,4.32469375,0.007666743024358492,(-0.053693550679763974-0.04087368209432474j),2419.6875921070246
5748,4.3247937499999995,0.008495147576247253,(0.10379740569312104+0.04196524112928255j),2420.108627010819
5749,4.32489375,0.009149694557272124,(-0.025852295249936985-0.10069963584391779j),2420.5296619146134
5750,4.32499375,0.0074063972615158865,(0.1270743234465349+0.009576695881176465j),2420.9506968184082
5751,4.32509375,0.0062783444408767135,(-0.03461006438429968+0.053827906686035654j),2421.3717317222026
5752,4.3251937499999995,0.006148471939507474,(0.13061710678171146+0.01463849055196579j),2421.792766625997
5753,4.32529375,0.0064671778277933765,(0.010558615624154815-0.004513737048860322j),2422.2138015297915
5754,4.32539375,0.007445786482002993,(0.06523475738362539+0.13060039242646065j),2422.6348364335863
5755,4.32549375,0.006702578813328662,(0.09227465556669506+0.14249634763673602j),2423.0558713373807
5756,4.3255937499999995,0.008827006628215835,(-0.11413522414806443-0.013159762103568493j),2423.476906241175
5757,4.32569375,0.010118007921983913,(0.173099216260269+0.07300442468664128j),2423.8979411449695
5758,4.32579375,0.009014470451218956,(0.10400771096881706+0.16371881422816892j),2424.318976048764
5759,4.32589375,0.008222249808260073,(-0.13153136432817863+0.04217227783631591j),2424.740010952559
5760,4.325993749999999,0.007181051605319327,(-0.07035819319890432+0.07410694749404222j),2425.161045856353
5761,4.32609375,0.006480762508317217,(-0.0036572521600492097+0.2939945255998969j),2425.5820807601476
5762,4.32619375,0.006776807930349465,(-0.23806108176418722-0.05125338331615649j),2426.003115663942
5763,4.32629375,0.0063936917003242595,(0.10720258621535202-0.10491701714044682j),2426.424150567737
5764,4.32639375,0.006217427735656362,(0.031941641048198695+0.2185234661800492j),2426.8451854715313
5765,4.32649375,0.005481611683988915,(-0.16418818214826772+0.0095674870393445j),2427.2662203753257
5766,4.32659375,0.005874419451515203,(0.026406797648845903-0.09794830620986976j),2427.68725527912
5767,4.32669375,0.006477561042315718,(-0.08282115357463202+0.0658427813966853j),2428.1082901829145
5768,4.32679375,0.006926585891676612,(-0.03377754684874698+0.029156219932552324j),2428.5293250867094
5769,4.32689375,0.006199839945897323,(0.003185303621601715-0.06812073392000795j),2428.950359990504
5770,4.32699375,0.006184469651853749,(0.06888377598802425-0.1077215507049495j),2429.371394894298
5771,4.3270937499999995,0.004630225216567034,(0.00472410283781249+0.08590733823006984j),2429.7924297980926
5772,4.32719375,0.003842478928183128,(-0.08062111291949892+0.05476231898199505j),2430.213464701887
5773,4.32729375,0.004290175886243048,(-0.13773646749038712+0.1906994267793541j),2430.634499605682
5774,4.32739375,0.005502130025542107,(-0.07062219898241821-0.04457615086338457j),2431.0555345094763
5775,4.3274937499999995,0.0059520272295858195,(-0.07562013919070432+0.012317092367184465j),2431.4765694132707
5776,4.32759375,0.00485498529446202,(0.059172368426025544+0.11952345173640713j),2431.897604317065
5777,4.32769375,0.003814085571060112,(-0.25315679818801484+0.03396601014220638j),2432.31863922086
5778,4.32779375,0.0034622912467309093,(0.005627756328548384-0.037148624377866396j),2432.7396741246544
5779,4.327893749999999,0.003107112670968911,(-0.16029341584718507+0.06001584187860525j),2433.1607090284488
5780,4.32799375,0.0030148940490142195,(0.06572472687894124-0.15420106815925294j),2433.581743932243
5781,4.32809375,0.0031109486998438752,(0.0035279757371078843+0.14784704466898319j),2434.0027788360376
5782,4.32819375,0.003321056183691277,(0.030719427051612347-0.0011366004197917584j),2434.4238137398324
5783,4.328293749999999,0.003980773649507072,(0.059479486149001705-0.09182308485300704j),2434.844848643627
5784,4.32839375,0.0039396760173339915,(0.07244899598182535+0.26838120082653044j),2435.2658835474213
5785,4.32849375,0.0024175504802161052,(-0.00749351897874799+0.06812368368177353j),2435.6869184512157
5786,4.32859375,0.004461111676424634,(0.020711423167759507+0.042065341518328206j),2436.1079533550105
5787,4.32869375,0.0031129977020258217,(-0.053355516810468476+0.08244020120473552j),2436.528988258805
5788,4.32879375,0.0035797441571827947,(-0.042878864101317304-0.041221967583661395j),2436.9500231625993
5789,4.32889375,0.0034630042465029296,(0.07862332129376712-0.058400066540243684j),2437.3710580663937
5790,4.3289937499999995,0.004082127949216266,(0.10298151509803141+0.24112160387301673j),2437.792092970188
5791,4.32909375,0.0030581717996612133,(-0.1346105598638124-0.07159169030330037j),2438.213127873983
5792,4.32919375,0.0024381140935442066,(0.057264447404030236+0.04322324011836471j),2438.6341627777774
5793,4.32929375,0.0032792589237152234,(-0.13637896756254456+0.07234234652188792j),2439.055197681572
5794,4.3293937499999995,0.002585317726632094,(-0.049697914151467695-0.14793683483991454j),2439.4762325853662
5795,4.32949375,0.0031451076035922516,(0.08590821703232715+0.018359770351538948j),2439.8972674891606
5796,4.32959375,0.003416447874115391,(-0.007050425079612407+0.0028236242851978482j),2440.3183023929555
5797,4.32969375,0.0025374349718249927,(-0.00804875209042967-0.04214966501601545j),2440.73933729675
5798,4.329793749999999,0.0022074684212383265,(-0.008631768269567158-0.009484613119540672j),2441.1603722005443
5799,4.32989375,0.0039980337500667455,(0.03949474508745436-0.09540586560798914j),2441.5814071043387
5800,4.32999375,0.00398654792300399,(0.03892894992493734+0.021609223024992144j),2442.0024420081336
5801,4.33009375,0.004521237422315151,(0.2728901327642237-0.13686741624009086j),2442.423476911928
5802,4.330193749999999,0.0037027267556982786,(-0.1741984200283497+0.08674287836266092j),2442.8445118157224
5803,4.33029375,0.004267253125871082,(-0.08567604097661873+0.10445777782393763j),2443.265546719517
5804,4.33039375,0.003986106052154452,(-0.08261537762441618-0.014363064464502251j),2443.686581623311
5805,4.33049375,0.0030479295073530337,(0.1533895411718712-0.23527173634242549j),2444.107616527106
5806,4.33059375,0.0034938662447440627,(0.04394787409790636-0.01729939342697695j),2444.5286514309005
5807,4.33069375,0.005158434622091229,(-0.07137933409208978+0.1156344500018908j),2444.949686334695
5808,4.33079375,0.005280484921823321,(0.013962570490721513-0.011672328922988282j),2445.3707212384893
5809,4.3308937499999995,0.004699831177019416,(-0.17080595557454167-0.05230257905162023j),2445.791756142284
5810,4.33099375,0.004765265537185876,(0.18469292962810438-0.08709463971219816j),2446.2127910460786
5811,4.33109375,0.005680830674302764,(-0.11288614820099738-0.0018132796770971293j),2446.633825949873
5812,4.33119375,0.005433086761128657,(0.21794411346304526+0.06043166318569275j),2447.0548608536674
5813,4.3312937499999995,0.005727439653314712,(-0.04976552823341056-0.25171156416596474j),2447.475895757462
5814,4.33139375,0.00611894358518072,(-0.05535270276725881+0.1290282279858136j),2447.8969306612566
5815,4.33149375,0.00616177300377491,(0.19858648739361046+0.014657976092175937j),2448.317965565051
5816,4.33159375,0.0064553736883292715,(0.20824476154902694-0.012025543931418747j),2448.7390004688455
5817,4.3316937499999995,0.005436272642258702,(-0.04124610364190734-0.05233973386690781j),2449.16003537264
5818,4.33179375,0.006299800796536119,(-0.046078355483414185-0.06156678452942607j),2449.5810702764343
5819,4.33189375,0.006041499411885118,(0.11789868860415031+0.16125589118660316j),2450.002105180229
5820,4.33199375,0.006252292100347112,(-0.009262865891209834+0.2055614697598868j),2450.4231400840235
5821,4.332093749999999,0.006572406706653855,(0.10895786030709395-0.04943557608579639j),2450.844174987818
5822,4.33219375,0.007517183009051939,(0.18993978251000587+0.00574137368802612j),2451.2652098916124
5823,4.33229375,0.007395342633640512,(0.16008822607547019-0.08711027766463668j),2451.686244795407
5824,4.33239375,0.00746472517345305,(0.3317143308367777+0.08749133937895194j),2452.1072796992016
5825,4.33249375,0.0073902128021184725,(0.1367672119069215+0.024482326063046834j),2452.528314602996
5826,4.33259375,0.008076594260296053,(0.07218053401633671+0.00994262291039185j),2452.9493495067904
5827,4.33269375,0.008546244113235254,(0.14441386315323756+0.16537968639847386j),2453.370384410585
5828,4.3327937499999996,0.007125537835211773,(-0.011786225699845616+0.255985676526605j),2453.7914193143797
5829,4.33289375,0.006580566241493177,(-0.03688188689586437+0.22632924645858318j),2454.212454218174
5830,4.33299375,0.008161602212380124,(-0.3843871655316553-0.00022904936053996794j),2454.6334891219685
5831,4.33309375,0.00815954175495193,(-0.14790277796208684-0.30154451378134006j),2455.054524025763
5832,4.3331937499999995,0.008035403913467985,(0.29156262519917897+0.04832185743487501j),2455.4755589295573
5833,4.33329375,0.007640960957824009,(-0.06390938581660435+0.1673715719439282j),2455.896593833352
5834,4.33339375,0.0066703846602650645,(0.17559759181675186-0.011585877250943039j),2456.3176287371466
5835,4.33349375,0.0065437865151632335,(0.01591412696874421+0.07835344654652214j),2456.738663640941
5836,4.3335937499999995,0.007454643903086469,(-0.02480299967127772+0.043723918360513314j),2457.1596985447354
5837,4.33369375,0.008283996520493761,(-0.09134727901563358+0.20646856443536987j),2457.5807334485303
5838,4.33379375,0.007969546766829151,(-0.013200008046668994-0.054173397835275784j),2458.0017683523247
5839,4.33389375,0.008033972237043947,(-0.12729133481092336+0.07256863898140081j),2458.422803256119
5840,4.333993749999999,0.0073764004089638,(0.08213529619833931-0.0774678887808902j),2458.8438381599135
5841,4.33409375,0.006738441045264316,(0.02982965172083299-0.19557438211348152j),2459.264873063708
5842,4.33419375,0.00823038356223382,(0.009347972817770105-0.1315304048923896j),2459.6859079675028
5843,4.33429375,0.007814454223050335,(-0.02311996781683369+0.14929914340115302j),2460.106942871297
5844,4.33439375,0.007779998458959433,(-0.03601619552922536-0.0017923175864535922j),2460.5279777750916
5845,4.33449375,0.00711050709718595,(-0.0941357835006171+0.12590897206647977j),2460.949012678886
5846,4.33459375,0.006860862509717992,(-0.06918698131226826-0.24206607965881j),2461.370047582681
5847,4.33469375,0.006373269171406372,(0.09867267480972573+0.08096111152228828j),2461.7910824864753
5848,4.33479375,0.004738019374006153,(-0.14936403279039367-0.07991742609870645j),2462.2121173902697
5849,4.33489375,0.00514881522766385,(0.07624223015963649+0.021569881421093978j),2462.633152294064
5850,4.33499375,0.00541302355940771,(-0.17002063343523977+0.15529456580938972j),2463.0541871978585
5851,4.3350937499999995,0.006857765910459304,(-0.2815688761939281-0.032837078508858364j),2463.4752221016533
5852,4.33519375,0.006240504994747052,(-0.07002490787759913-0.3291816398702857j),2463.8962570054478
5853,4.33529375,0.006215147866644859,(-0.22806759725082834+0.07541924604560024j),2464.317291909242
5854,4.33539375,0.005591571665074665,(-0.019426416792588656-0.07302503280563667j),2464.7383268130366
5855,4.3354937499999995,0.005001549358349307,(0.19143758910423977-0.19209605343742997j),2465.159361716831
5856,4.33559375,0.004589910010371925,(0.16667966512971985-0.28407330552549725j),2465.580396620626
5857,4.33569375,0.00498551085125418,(-0.02309909569108367-0.05382214578785446j),2466.0014315244202
5858,4.33579375,0.004512943489111678,(0.014464797568440713+0.12568536983046796j),2466.4224664282146
5859,4.335893749999999,0.005281313511516043,(0.07176591337949266+0.22692032228836154j),2466.843501332009
5860,4.33599375,0.004937164478996634,(-0.026033366578892478+0.23140150251790384j),2467.264536235804
5861,4.33609375,0.004364653608845533,(-0.08334267668139074+0.2792385751007341j),2467.6855711395983
5862,4.33619375,0.0043220821467011405,(-0.16945272587226526+0.07686679365496636j),2468.1066060433927
5863,4.336293749999999,0.0030529066578829926,(-0.1597822912266772-0.012432469048887222j),2468.527640947187
5864,4.33639375,0.0032919352315862157,(0.054619179981103244-0.20838585276445926j),2468.9486758509815
5865,4.33649375,0.0029435014663623973,(-0.049598408073400074-0.18404823166372214j),2469.3697107547764
5866,4.33659375,0.0028255039762819403,(0.2736075583671611-0.16790552021639826j),2469.790745658571
5867,4.33669375,0.003108457321998616,(0.15746850770482926+0.10378136144673106j),2470.211780562365
5868,4.33679375,0.0032428260364515574,(-0.1450345040413888+0.1091284911513827j),2470.6328154661596
5869,4.33689375,0.0025032019139221927,(0.013402586107546077-0.0565771674932702j),2471.0538503699545
5870,4.3369937499999995,0.0025133939931399106,(0.11051201099936232-0.02797419196254844j),2471.474885273749
5871,4.33709375,0.00308737829865287,(0.03672631512233694-0.03543564409027978j),2471.8959201775433
5872,4.33719375,0.0038156037491632717,(0.05872422054420546+0.07014841272239027j),2472.3169550813377
5873,4.33729375,0.004206436875373009,(-0.02244652660009274+0.025045161125065017j),2472.737989985132
5874,4.3373937499999995,0.0034579219920231464,(0.051568434017979115-0.09973992919239191j),2473.159024888927
5875,4.33749375,0.003084242348832558,(-0.042629785099797424+0.13911503578992346j),2473.5800597927214
5876,4.33759375,0.0025823363546102433,(0.03334844095069187-0.005977311328871374j),2474.001094696516
5877,4.33769375,0.003509998824722833,(0.23310540046987707-0.0003852739410686451j),2474.42212960031
5878,4.3377937499999994,0.0029551783713016584,(-0.19969395543506616-0.18306831255174982j),2474.8431645041046
5879,4.33789375,0.002835481292883532,(-0.027437844309244733-0.13404346085151744j),2475.2641994078995
5880,4.33799375,0.0033304461183949093,(0.1716424840365393+0.204149687967802j),2475.685234311694
5881,4.33809375,0.0035816535305209884,(-0.08416112442393384+0.06391564771866143j),2476.1062692154883
5882,4.338193749999999,0.003358735882383106,(-0.1267370949527722-0.09112426089411912j),2476.5273041192827
5883,4.33829375,0.003395146194432348,(0.032942931809017834-0.09960141802934243j),2476.9483390230776
5884,4.33839375,0.003323650036935961,(-0.03639180336929721+0.01998142027639315j),2477.369373926872
5885,4.33849375,0.003928856732994145,(0.09635545217013503-0.005726000375417293j),2477.7904088306664
5886,4.33859375,0.0038804266697628504,(0.04843066865810637+0.023597668529766407j),2478.2114437344608
5887,4.33869375,0.0036251462642033295,(0.06812194717729744-0.036374991176866156j),2478.632478638255
5888,4.33879375,0.004052669393571581,(-0.015783319529965492+0.034907317243929925j),2479.05351354205
5889,4.3388937499999995,0.0050455998132905066,(0.026519446165542845+0.09745029982940011j),2479.4745484458444
5890,4.33899375,0.005804535761184944,(-0.042668797913856485+0.04486791412771348j),2479.895583349639
5891,4.33909375,0.0041390431216422,(0.204330466994677+0.08540272586853524j),2480.3166182534333
5892,4.33919375,0.0037643211015891795,(0.024555080224581752+0.17318994505653765j),2480.737653157228
5893,4.3392937499999995,0.0038495910623223776,(-0.2361982572673635+0.05971880002929242j),2481.1586880610225
5894,4.33939375,0.00547352167279691,(0.05772852260674228+0.026985079697296768j),2481.579722964817
5895,4.33949375,0.005597824157380882,(-0.08564384093854155+0.05011085357323429j),2482.0007578686113
5896,4.33959375,0.005760765264527339,(-0.23211131296568077-0.020660416260117838j),2482.4217927724058
5897,4.3396937499999995,0.005820485726371877,(0.11219260405389822-0.17782777207789102j),2482.8428276762006
5898,4.33979375,0.00579480468319063,(-0.17282283245832647+0.03811404834213093j),2483.263862579995
5899,4.33989375,0.006105500412133647,(-0.0076702942584145825-0.2431018359712117j),2483.6848974837894
5900,4.33999375,0.006154172364652537,(-0.08252859894389851+0.003574202722830176j),2484.105932387584
5901,4.340093749999999,0.006161268349441513,(-0.1720759358878835-0.06159996165923825j),2484.5269672913782
5902,4.34019375,0.006374376243534349,(-0.1304165058605457-0.03454185051143499j),2484.948002195173
5903,4.34029375,0.006735792064031752,(0.032611650061484546-0.04292497954399202j),2485.3690370989675
5904,4.34039375,0.007673566245258327,(0.01655147541197327+0.12676974810672967j),2485.790072002762
5905,4.34049375,0.007825019149472576,(0.007006427586169414-0.04290928002657016j),2486.2111069065563
5906,4.34059375,0.007106250172280581,(0.16258498990612785+0.07513616329354385j),2486.632141810351
5907,4.34069375,0.007592902595849787,(-0.13010358753944185+0.1112385863331244j),2487.0531767141456
5908,4.34079375,0.007659669843471128,(-0.07248020036917505-0.025015869325671625j),2487.47421161794
5909,4.34089375,0.007047817358891385,(0.14162994300822196+0.03903311283138955j),2487.8952465217344
5910,4.34099375,0.006677534810439202,(-0.10530419543765557+0.19090248887759692j),2488.316281425529
5911,4.34109375,0.006660882561623976,(-0.040307857697945426-0.22100665448761717j),2488.7373163293237
5912,4.3411937499999995,0.007586684560245233,(0.09141742151384126+0.037615072008661155j),2489.158351233118
5913,4.34129375,0.007073746693949575,(-0.25338624876727134+0.02112194516465503j),2489.5793861369125
5914,4.34139375,0.006518005830529951,(0.06854218385079659-0.1454320382229088j),2490.000421040707
5915,4.34149375,0.007444789266670354,(0.152584126885225-0.07529981246483938j),2490.4214559445018
5916,4.3415937499999995,0.007410764975659087,(-0.12185128231933844+0.06147860584228847j),2490.842490848296
5917,4.34169375,0.00830789092508713,(-0.08664666552714109+0.06688099099146874j),2491.2635257520906
5918,4.34179375,0.008629886949898838,(-0.042453916629044505+0.1934237076818136j),2491.684560655885
5919,4.34189375,0.008346988369160707,(0.006921301579594016-0.0728810091090451j),2492.1055955596794
5920,4.341993749999999,0.007918479004484892,(0.06561594672637786+0.05066715239882494j),2492.5266304634742
5921,4.34209375,0.007054029042102462,(-0.005300880594744536-0.06903053350883759j),2492.9476653672687
5922,4.34219375,0.007371340351199403,(0.059113858440348756-0.16415740164725054j),2493.368700271063
5923,4.34229375,0.007467466090257671,(0.018130410829173778+0.09205272985451284j),2493.7897351748575
5924,4.342393749999999,0.007759510164842249,(-0.002902481621794767-0.05653244366327896j),2494.210770078652
5925,4.34249375,0.00764216429410996,(0.11489038336915222+0.049700340633939244j),2494.6318049824467
5926,4.34259375,0.007551928803597436,(-0.029254671520789435-0.006065338500291553j),2495.052839886241
5927,4.34269375,0.007574052885759723,(0.025131735158000698+0.06993927094806929j),2495.4738747900356
5928,4.34279375,0.007323523342142512,(0.18868296582721886-0.0007074405766254177j),2495.89490969383
5929,4.34289375,0.00654322972322324,(0.019124126230498445+0.04273983604541404j),2496.315944597625
5930,4.34299375,0.00718468812454483,(0.08651069573981959-0.018086557701371922j),2496.7369795014192
5931,4.3430937499999995,0.0070046329910295,(-0.003503676405800092-0.002392416957874774j),2497.1580144052136
5932,4.34319375,0.007442232884234963,(-0.041507232011201406-0.0036157672624974393j),2497.579049309008
5933,4.34329375,0.007465979318006249,(0.058374612449950354+0.019776882135653345j),2498.0000842128024
5934,4.34339375,0.00592049911301733,(-0.10865910819947927+0.09482103081772597j),2498.4211191165973
5935,4.3434937499999995,0.0053383463776138325,(0.02314711787092416+0.12072242527892363j),2498.8421540203917
5936,4.34359375,0.00559651897105288,(-0.04228783860644403-0.007355128084606012j),2499.263188924186
5937,4.34369375,0.005004360359489691,(0.05968875061399265+0.012826209389390025j),2499.6842238279805
